ID	BITRATE	START_IDX	CAPTURE_START_IDX	KEY	CAPTURE_KEY	CORRELATION
1151721_10000	939.0	9	6	896510.8 0.62418324 0.5564707 0.5162559 0.21847144 0.5846187	896512.0 0.6241846 0.55647105 0.5162552 0.21847226 0.58461684	0.9999999999694880
1151721_10000	939.0	10	7	793419.2 0.6287748 0.58333474 0.24685816 0.6605802 0.3804521	793419.2 0.6287761 0.58333474 0.24685942 0.6605789 0.38045084	0.9999999999764509
1151721_10000	939.0	11	8	672332.0 0.68839353 0.29131737 0.77955085 0.44897163 0.29176655	672331.2 0.68839437 0.29131922 0.7795503 0.4489707 0.29176542	0.9999999999839820
1151721_20000	931.0	21	12	705324.8 0.27811724 0.41169825 0.4451566 0.63731915 0.7277087	705326.4 0.27811664 0.41170445 0.4451542 0.6373149 0.72770995	0.9999999997657257
1151721_20000	931.0	22	13	819336.0 0.35441014 0.38321275 0.5486357 0.6264475 0.58729386	819337.6 0.35441557 0.38321078 0.5486322 0.6264487 0.5872927	0.9999999996645490
1151721_20000	931.0	23	14	781763.6 0.40163034 0.57500374 0.65655524 0.6155198 0.2512908	781763.2 0.4016293 0.5750015 0.65655816 0.6155202 0.25129092	0.9999999999416315
1151721_7050	930.0	17	15	873394.8 0.5146779 0.5876758 0.5509421 0.22492692 0.62177724	873394.0 0.5146761 0.58767635 0.5509438 0.22492713 0.62177664	0.9999999999668959
1151721_7050	930.0	18	16	946472.0 0.5423013 0.50840384 0.20756029 0.57376975 0.6679648	946472.4 0.5423011 0.5084047 0.20756021 0.57376844 0.6679656	0.9999999999874888
1151721_7050	930.0	19	17	993945.2 0.48412126 0.1976467 0.54636514 0.63606125 0.63580567	993945.6 0.48412207 0.19764663 0.5463639 0.63606197 0.6358054	0.9999999999893251
1151721_10000	939.0	21	18	1113365.6 0.17644878 0.487758 0.5678377 0.5676087 0.70034677	1113365.6 0.17644697 0.4877607 0.5678377 0.5676087 0.7003459	0.9999999999662199
1151721_6500	994.0	19	19	1364879.2 0.39787915 0.46319923 0.4630124 0.57128936 0.6046198	1364878.8 0.39787856 0.46319938 0.46301255 0.5712896 0.60462	0.9999999999959289
1151721_6500	994.0	20	20	1473499.2 0.42905417 0.4288811 0.52917635 0.56004983 0.55283844	1473498.8 0.42905432 0.42888126 0.52917653 0.56005 0.5528379	0.9999999999915138
1151721_6500	994.0	21	21	1380104.4 0.4579045 0.564987 0.5979497 0.5902503 0.28890857	1380103.6 0.45790476 0.5649873 0.59795004 0.5902499 0.288908	0.9999999999962095
1151721_7050	930.0	25	22	1331764.4 0.585494 0.61965466 0.61167425 0.2993923 0.38378486	1331764.8 0.5854945 0.61965376 0.6116741 0.29939446 0.38378325	0.9999999999584537
1151721_15000	966.0	58	49	1111397.2 0.33832636 0.7526418 0.3700126 0.5531083 0.48591086	1111386.4 0.3383306 0.75265 0.37001532 0.5531155 0.48588863	0.9999999972147180
