ID	BITRATE	START_IDX	CAPTURE_START_IDX	KEY	CAPTURE_KEY	CORRELATION
1151721_3500	918.0	5	9	664311.2 0.6093409 0.53216624 0.29483622 0.50096554 0.5626911	664309.2 0.60934126 0.53216785 0.2948341 0.50096554 0.5626913	0.9999999999799269
1151721_3500	918.0	6	10	584333.2 0.60500413 0.33519062 0.56953293 0.63970697 0.3505654	584332.4 0.60500497 0.33518764 0.56953204 0.63970613 0.3505693	0.9999999998477399
1151721_4200	834.0	11	12	491487.6 0.6771158 0.7605543 0.4167918 0.39912298 0.24641517	491486.0 0.67712206 0.7605527 0.4167952 0.39911616 0.24641393	0.9999999997492859
1151721_4800	889.0	11	13	437060.8 0.8552631 0.4686922 0.44882312 0.27709186 0.45012957	437062.0 0.8552585 0.46869552 0.44881505 0.277098 0.45013294	0.9999999997218475
1151721_4800	889.0	12	14	467346.4 0.4383194 0.4197379 0.2591354 0.42095968 0.96184754	467348.4 0.4383218 0.41972968 0.2591407 0.42096218 0.9618456	0.9999999998275232
1151721_4800	889.0	13	15	590715.6 0.33207688 0.20501573 0.33304352 0.7609685 0.86889523	590717.2 0.33207092 0.20502028 0.33304602 0.7609682 0.86889464	0.9999999999142638
1151721_4800	889.0	14	16	704726.8 0.17184815 0.2791635 0.6378585 0.7283248 0.682805	704727.6 0.17185222 0.279166 0.6378592 0.72832537 0.68279713	0.9999999999063788
1151721_6500	994.0	19	22	1364879.2 0.39787915 0.46319923 0.4630124 0.57128936 0.6046198	1364879.2 0.39787915 0.46319848 0.4630124 0.5712901 0.6046198	0.9999999999852863
1151721_6500	994.0	20	23	1473499.2 0.42905417 0.4288811 0.52917635 0.56004983 0.55283844	1473498.4 0.42905375 0.42888138 0.52917737 0.56005013 0.5528374	0.9999999999309652
1151721_6500	994.0	21	24	1380104.4 0.4579045 0.564987 0.5979497 0.5902503 0.28890857	1380103.2 0.45790488 0.56498814 0.59795016 0.5902493 0.28890738	0.9999999999776179
1151721_7050	930.0	25	25	1331764.4 0.585494 0.61965466 0.61167425 0.2993923 0.38378486	1331764.8 0.5854953 0.61965376 0.61167336 0.2993937 0.383784	0.9999999999696978
1151721_6500	994.0	32	36	837656.0 0.535579 0.54529303 0.57407695 0.2339039 0.61114705	837656.4 0.53558 0.5452916 0.5740767 0.2339038 0.611148	0.9999999999791713
1151721_6500	994.0	33	37	866382.8 0.5272127 0.55504215 0.22614829 0.59088314 0.6007137	866382.4 0.5272118 0.55504245 0.22614841 0.5908846 0.60071284	0.9999999999809019
1151721_6500	994.0	34	38	919851.6 0.52277887 0.21300283 0.5565365 0.5657956 0.6418861	919852.8 0.5227782 0.21300256 0.55653685 0.56579375 0.64188856	0.9999999999592049
1151721_6500	994.0	35	39	961980.8 0.20367454 0.53216344 0.54101706 0.61377525 0.60936975	961981.2 0.20367447 0.5321643 0.5410158 0.6137781 0.60936743	0.9999999999312504
1151721_6500	994.0	36	40	1122507.2 0.45606032 0.46364778 0.52600104 0.52222556 0.53206515	1122507.6 0.45606104 0.46364674 0.52600354 0.52222365 0.532065	0.9999999989314924
1151721_6500	994.0	37	41	996374.4 0.5223418 0.5925885 0.5883351 0.59942025 0.19731438	996376.0 0.52233994 0.5925906 0.5883321 0.5994193 0.19731808	0.9999999999320306
1151721_6500	994.0	38	42	996749.6 0.5923654 0.5881136 0.5991946 0.1972401 0.52308625	996752.0 0.592367 0.5881102 0.59919316 0.19724365 0.523086	0.9999999999455038
1151721_6500	994.0	39	43	1008330.4 0.5813591 0.5923128 0.19497478 0.5170785 0.61427486	1008332.0 0.58135617 0.59231186 0.19497845 0.5170787 0.61427486	0.9999999999760724
1151721_6500	994.0	40	44	979229.2 0.60991544 0.20076914 0.5324453 0.63253015 0.52434	979231.2 0.6099142 0.2007728 0.53244525 0.6325299 0.5243379	0.9999999999794321
1151721_3500	918.0	56	60	834134.4 0.23497054 0.61817735 0.577208 0.5589639 0.5106803	834123.6 0.23497356 0.61818653 0.5771818 0.5589699 0.51068807	0.9999999954429767
