ID	BITRATE	START_IDX	CAPTURE_START_IDX	KEY	CAPTURE_KEY	CORRELATION
70305893_1200	563.0	34	2	290444.0 0.6775902 0.47610554 0.34630427	290433.34 0.67487776 0.47606447 0.3490577	0.9999974059846271
70097579_20000	1605.0	4	5	369522.0 0.5264666 0.43537056 0.5381628	369516.66 0.53065264 0.43090886 0.5384385	0.9992342300055440
80121387_2000	790.0	14	6	354920.0 0.4398456 0.5605601 0.49959427	354904.0 0.4486509 0.5606079 0.49074116	0.9907049517583392
1151721_3500	918.0	5	9	636119.3 0.63634604 0.5557511 0.30790293	636117.3 0.63634646 0.5557528 0.30790076	0.9999999999799321
1151721_3500	918.0	6	10	588122.7 0.60110587 0.33303085 0.56586325	588120.7 0.6011079 0.33302858 0.56586343	0.9999999999895551
1151721_3500	918.0	7	11	601641.3 0.32554778 0.5531485 0.62130374	601638.7 0.32554588 0.5531493 0.6213048	0.9999999999990707
1151721_4200	834.0	11	12	607630.0 0.5476919 0.6151819 0.33712623	607630.7 0.5476945 0.6151779 0.33712748	0.9999999997888955
1151721_4800	889.0	11	13	516541.34 0.7236633 0.39657426 0.37976244	516540.0 0.7236632 0.39657918 0.3797576	0.9999999996858782
1151721_4800	889.0	12	14	348077.34 0.58851004 0.5635615 0.3479284	348078.66 0.58851355 0.5635508 0.34793574	0.9999999983068577
1151721_4800	889.0	13	15	342668.66 0.5724568 0.35342014 0.57412314	342670.0 0.5724458 0.3534275 0.5741267	0.9999999983308722
1151721_4800	889.0	14	16	511570.66 0.23673368 0.38456857 0.87869775	511574.66 0.23673768 0.38456947 0.87869287	0.9999999999985053
1151721_4800	889.0	15	17	773013.3 0.25450274 0.5815113 0.66398597	773016.0 0.25450444 0.5815106 0.66398495	0.9999999999997844
1151721_7050	930.0	17	18	962653.3 0.46695626 0.5331857 0.49985805	962649.3 0.46695822 0.53318584 0.49985597	0.9999999985175361
1151721_7050	930.0	21	22	1204815.4 0.45073876 0.524736 0.52452517	1204815.4 0.45073876 0.524736 0.52452517	1.0000000000000000
1151721_6500	994.0	20	23	1362605.4 0.46397218 0.46378505 0.57224274	1362605.4 0.46397147 0.46378505 0.57224345	0.9999999999827115
1151721_6500	994.0	21	24	1491286.6 0.42376563 0.52286464 0.5533698	1491287.4 0.42376542 0.522865 0.5533695	0.9999999999850717
1151721_7050	930.0	25	25	1613053.4 0.4833938 0.51159745 0.5050087	1613053.4 0.48339504 0.51159686 0.5050081	0.9999999998679385
1151721_7050	930.0	26	26	1359040.0 0.6072183 0.5993981 0.29338357	1359040.0 0.6072176 0.59939736 0.29338503	0.9999999999999879
1151721_7050	930.0	27	27	1149624.6 0.7085843 0.34682626 0.44458947	1149624.6 0.7085835 0.34682798 0.4445886	0.9999999999838756
1151721_7050	930.0	31	31	1087842.0 0.54979306 0.48793575 0.46227118	1087840.6 0.5497947 0.48793545 0.46226993	0.9999999999990475
1151721_4800	889.0	31	32	982598.0 0.5401975 0.51178306 0.44801944	982597.3 0.5401969 0.5117824 0.44802076	0.9999999999719303
1151721_6500	994.0	32	36	924185.3 0.48543403 0.49423853 0.52032745	924185.3 0.4854351 0.49423745 0.52032745	0.9999999983267889
1151721_6500	994.0	33	37	755718.7 0.60441536 0.6363201 0.25926447	755718.0 0.6044146 0.6363207 0.2592647	0.9999999999945735
1151721_6500	994.0	34	38	792494.0 0.606792 0.24723342 0.64597464	792494.7 0.60679144 0.2472332 0.6459753	0.9999999999963238
1151721_6500	994.0	35	39	818873.3 0.239269 0.6251651 0.63556594	818873.3 0.239269 0.6251663 0.63556474	0.9999999999853907
1151721_7050	930.0	40	40	1081881.4 0.4731859 0.4810583 0.54575574	1081881.4 0.47318682 0.48105738 0.54575574	0.9999999997332338
1151721_7050	930.0	41	41	1131394.6 0.46000573 0.52187186 0.5181225	1131393.4 0.46000534 0.5218724 0.5181222	0.9999999999240545
1151721_6500	994.0	38	42	1182592.6 0.4992759 0.49569225 0.5050319	1182593.4 0.49927813 0.49569026 0.5050316	0.9999999055591484
1151721_6500	994.0	39	43	920032.0 0.6371539 0.64915895 0.21368714	920033.3 0.6371508 0.649158 0.21369117	0.9999999999890152
1151721_6500	994.0	40	44	876821.3 0.6811502 0.22421786 0.59463197	876824.7 0.6811476 0.22422156 0.59463084	0.9999999999998079
1151721_6500	994.0	41	45	891584.7 0.22050513 0.5847857 0.6947091	891588.7 0.22050864 0.5847842 0.6947071	0.9999999999984981
1151721_6500	994.0	42	46	1102818.0 0.47277611 0.5616448 0.4655791	1102818.6 0.47277674 0.5616454 0.46557793	0.9999999998679667
1151721_3500	918.0	56	60	795406.0 0.24641126 0.64827645 0.6053122	795388.0 0.24641684 0.6482924 0.6052908	0.9999999962547789
1151721_7050	930.0	62	61	975557.3 0.5285635 0.4935015 0.47793502	975556.7 0.52856386 0.49350387 0.47793224	0.9999999958744267
1151721_7050	930.0	63	62	915780.0 0.5257147 0.5091321 0.46515322	915778.7 0.5257176 0.5091296 0.46515277	0.9999999966837932
1151721_15000	966.0	80	74	1104098.0 0.51837516 0.4713712 0.5102536	1104096.0 0.5183752 0.47137207 0.5102527	0.9999999997392796
