ID	BITRATE	START_IDX	CAPTURE_START_IDX	KEY	CAPTURE_KEY	CORRELATION
1151721_20000	931.0	15	13	948428.4 0.80253714 0.7471107 0.68602437 0.20651111 0.76911235 0.47584826 0.20682953 0.30617073 0.33105293 0.4739599 0.54118055 0.50735617 0.20713215 0.5725862 0.666588	948428.4 0.80253714 0.7471118 0.68602335 0.20651217 0.76911026 0.47584826 0.20682847 0.30617493 0.3310519 0.4739599 0.5411827 0.50735515 0.20713425 0.5725841 0.6665859	0.9999999999685432
1151721_20000	931.0	16	14	931202.7 0.760931 0.6987147 0.21033122 0.7833397 0.48465067 0.21065554 0.31183437 0.33717686 0.48272735 0.5511915 0.5167414 0.21096374 0.5831781 0.6789188 0.67864496	931202.7 0.7609321 0.6987136 0.21033229 0.78333753 0.48465067 0.21065447 0.31183866 0.3371758 0.48272735 0.55119365 0.5167403 0.21096589 0.58317596 0.67891663 0.67864496	0.9999999999656660
1151721_20000	931.0	17	15	862871.75 0.754046 0.22698738 0.84537244 0.5230302 0.22733738 0.33652857 0.36387795 0.5209546 0.5948404 0.55766225 0.22766998 0.62936 0.73268247 0.73238695 0.22726321	862871.44 0.7540451 0.22698863 0.8453704 0.5230304 0.2273363 0.33653334 0.3638769 0.5209548 0.594843 0.5576613 0.22767238 0.62935793 0.73268044 0.7323872 0.22726212	0.9999999999660649
1151721_20000	931.0	18	16	880084.25 0.22254801 0.8288388 0.51280093 0.22289117 0.32994682 0.3567613 0.51076585 0.58320665 0.5467556 0.22321726 0.6170511 0.7183528 0.71806306 0.22281843 0.8859822	880084.25 0.22254916 0.82883656 0.51280093 0.22289002 0.32995138 0.35676017 0.51076585 0.5832089 0.5467545 0.22321954 0.61704886 0.7183505 0.71806306 0.2228173 0.88598335	0.9999999999661907
1151721_20000	931.0	19	17	964000.7 0.75668824 0.4681615 0.20348844 0.3012249 0.32570517 0.46630362 0.5324384 0.49916044 0.20378616 0.56333673 0.6558201 0.65555555 0.20342205 0.8088573 0.85605127	964000.4 0.75668645 0.46816164 0.20348747 0.30122915 0.32570422 0.46630377 0.53244066 0.49915954 0.2037883 0.5633348 0.6558182 0.6555558 0.20342109 0.80885863 0.8560505	0.9999999999696754
1151721_20000	931.0	20	18	975355.2 0.46271142 0.20111956 0.2977182 0.3219135 0.46087518 0.5262401 0.4933495 0.20141381 0.5567787 0.64818543 0.64792395 0.20105393 0.7994411 0.8460856 0.8351901	975354.94 0.46271154 0.20111857 0.2977224 0.32191256 0.4608753 0.52624226 0.4933486 0.20141591 0.5567768 0.6481835 0.6479241 0.20105296 0.7994423 0.84608483 0.83518827	0.9999999999722177
1151721_20000	931.0	21	19	968343.75 0.20257579 0.2998739 0.32424435 0.4642122 0.5300504 0.4969217 0.20287217 0.56081015 0.6528787 0.65261537 0.2025097 0.80522954 0.85221183 0.8412374 0.41175666	968343.44 0.20257482 0.29987812 0.32424343 0.46421236 0.53005266 0.4969208 0.2028743 0.56080824 0.65287685 0.65261555 0.20250873 0.80523086 0.85221106 0.84123564 0.4117568	0.9999999999724746
1151721_7050	930.0	17	22	1035718.25 0.43401477 0.49557203 0.46459547 0.18967514 0.5243289 0.6104073 0.6101621 0.18933527 0.7528495 0.7967746 0.78651315 0.38496956 0.4934846 0.18985568 0.5774621	1035718.1 0.4340148 0.4955721 0.46459553 0.18967709 0.52432704 0.6104064 0.61016214 0.1893353 0.75284964 0.79677373 0.78651226 0.38497153 0.49348465 0.18985474 0.5774631	0.9999999999882870
1151721_7050	930.0	18	23	1046555.6 0.49044025 0.45978445 0.187711 0.5188993 0.6040864 0.6038437 0.18737465 0.7450536 0.7885238 0.7783686 0.38098308 0.4883744 0.18788968 0.5714823 0.5071847	1046555.6 0.49044025 0.45978445 0.18771291 0.5188974 0.60408545 0.6038437 0.18737465 0.7450536 0.78852284 0.77836764 0.380985 0.4883744 0.18788873 0.57148325 0.50718564	0.9999999999872912
1151721_7050	930.0	19	24	1045169.6 0.46039417 0.18795992 0.51958746 0.6048875 0.6046444 0.18762313 0.7460416 0.78956944 0.77940077 0.38148832 0.48902205 0.18813884 0.5722401 0.50785726 0.48114488	1045169.6 0.46039417 0.18796183 0.5195855 0.60488653 0.6046444 0.18762313 0.7460416 0.7895685 0.7793998 0.38149023 0.48902205 0.18813789 0.57224107 0.5078582 0.48114488	0.9999999999872963
1151721_4800	889.0	19	25	1039706.7 0.18894945 0.52231556 0.6080667 0.6078195 0.188608 0.74996245 0.79371715 0.78349596 0.38349566 0.4915896 0.1891245 0.5752469 0.5105257 0.483672 0.42341077	1039707.2 0.18894935 0.5223153 0.6080645 0.6078211 0.18860887 0.74996114 0.7937167 0.78349465 0.38349453 0.4915913 0.18912633 0.5752475 0.5105264 0.4836727 0.42340958	0.9999999999834841
1151721_4800	889.0	20	26	1039678.0 0.52233 0.6080835 0.60783625 0.1886132 0.7499832 0.793739 0.7835176 0.38350624 0.49160317 0.18912971 0.5752627 0.5105398 0.48368534 0.42342246 0.18874787	1039678.7 0.5223296 0.60808116 0.6078378 0.18861404 0.7499817 0.7937385 0.7835161 0.38350502 0.49160478 0.18913151 0.5752633 0.5105404 0.48368597 0.4234212 0.1887487	0.9999999999843872
1151721_4800	889.0	22	28	1003695.6 0.6296271 0.19537497 0.77686995 0.82219446 0.8116066 0.39725488 0.5092271 0.19590999 0.5958858 0.52884257 0.5010254 0.4386021 0.19551446 0.44697812 0.45508617	1003696.56 0.62962854 0.19537579 0.7768683 0.8221937 0.81160486 0.3972535 0.5092286 0.1959118 0.5958863 0.5288431 0.5010259 0.4386007 0.19551526 0.45508474 0.44697872	0.9998907534402508
