ID	BITRATE	START_IDX	CAPTURE_START_IDX	KEY	CAPTURE_KEY	CORRELATION
1151721_20000	931.0	15	13	949406.6 0.80171025 0.74634093 0.6853175 0.20629832 0.7683199 0.47535795 0.20661642 0.30585524 0.33071184 0.47347152	949406.8 0.80171007 0.7463418 0.6853163 0.20629933 0.76831764 0.47535786 0.20661533 0.30585942 0.3307107 0.47347143	0.9999999999748910
1151721_20000	931.0	16	14	899831.0 0.7874601 0.7230747 0.21766421 0.81065 0.5015475 0.21799983 0.32270616 0.34893218 0.49955714 0.5704082	899831.6 0.7874606 0.72307307 0.21766517 0.8106472 0.50154716 0.21799856 0.32271037 0.34893084 0.49955678 0.5704101	0.9999999999641414
1151721_20000	931.0	17	15	854353.0 0.7615646 0.22925067 0.85380167 0.52824533 0.22960415 0.3398841 0.36750618 0.52614903 0.6007716 0.5632227	854353.2 0.76156324 0.22925179 0.8537991 0.5282452 0.22960293 0.3398887 0.36750492 0.5261489 0.6007738 0.5632214	0.9999999999580862
1151721_20000	931.0	18	16	763514.0 0.25652575 0.9553826 0.5910933 0.2569213 0.38032177 0.41123018 0.58874756 0.6722483 0.63023204 0.2572972	763514.8 0.2565268 0.95537895 0.59109265 0.2569197 0.3803266 0.41122842 0.5887469 0.6722502 0.63023007 0.2572995	0.9999999999540939
1151721_20000	931.0	19	17	832953.2 0.8757371 0.5418168 0.23550303 0.34861624 0.37694794 0.5396666 0.6162063 0.57769275 0.23584759 0.6519658	832953.4 0.8757345 0.54181665 0.23550178 0.34862095 0.37694666 0.5396665 0.61620855 0.5776914 0.23584993 0.65196323	0.9999999999457578
1151721_20000	931.0	20	18	813505.8 0.5547692 0.24113289 0.35695013 0.38595915 0.55256766 0.6309371 0.59150285 0.24148567 0.66755146 0.7771438	813506.0 0.5547691 0.24113159 0.35695496 0.3859578 0.55256754 0.6309394 0.5915015 0.24148808 0.66754884 0.77714115	0.9999999999300135
1151721_20000	931.0	21	19	849635.4 0.23087904 0.3417713 0.36954677 0.5290705 0.6041074 0.56635 0.23121683 0.63916475 0.7440968 0.7437967	849635.6 0.2308778 0.34177592 0.36954546 0.5290703 0.6041096 0.5663487 0.23121911 0.63916224 0.74409425 0.74379647	0.9999999999407396
1151721_20000	931.0	22	20	849622.6 0.34177643 0.3695523 0.5290784 0.60411644 0.5663585 0.2312203 0.63917434 0.744108 0.74380785 0.23080717	849622.8 0.34178108 0.36955103 0.5290783 0.60411865 0.5663572 0.2312226 0.63917184 0.7441055 0.74380773 0.23080595	0.9999999999407437
1151721_20000	931.0	23	21	947494.2 0.33137935 0.4744272 0.54171413 0.5078564 0.20733637 0.57315075 0.66724527 0.6669761 0.20696591 0.8229486	947493.8 0.33137843 0.47442737 0.54171646 0.50785553 0.20733856 0.57314885 0.6672434 0.6669764 0.20696494 0.82294995	0.9999999999705032
1151721_7050	930.0	17	22	1049745.0 0.4282154 0.48895016 0.45838752 0.18714069 0.5173228 0.602251 0.60200906 0.18680537 0.7427899 0.78612804	1049744.6 0.42821556 0.48895034 0.45838767 0.18714266 0.51732105 0.6022503 0.6020093 0.18680543 0.74279016 0.7861274	0.9999999999918113
1151721_7050	930.0	18	23	1122762.8 0.4571518 0.42857674 0.17497018 0.4836792 0.56308424 0.562858 0.17465667 0.69448334 0.735003 0.72553706	1122762.2 0.45715198 0.42857695 0.17497204 0.48367766 0.5630836 0.5628583 0.17465675 0.69448364 0.73500246 0.7255365	0.9999999999929498
1151721_7050	930.0	19	24	1099852.2 0.43750423 0.1786149 0.4937545 0.57481354 0.57458264 0.17829485 0.70894974 0.7503135 0.7406504 0.3625214	1099852.0 0.43750432 0.17861676 0.4937528 0.57481277 0.57458276 0.1782949 0.7089499 0.75031275 0.74064964 0.36252332	0.9999999999902464
1151721_7050	930.0	20	25	1105836.4 0.17764835 0.4910826 0.571703 0.57147336 0.17733003 0.70511335 0.74625325 0.7366424 0.36055967 0.46219406	1105836.2 0.17765017 0.49108085 0.5717022 0.5714734 0.17733005 0.7051134 0.7462524 0.7366416 0.36056152 0.46219411	0.9999999999901970
1151721_7050	930.0	21	26	1105873.8 0.491066 0.5716837 0.57145405 0.17732404 0.7050895 0.74622804 0.73661757 0.36054748 0.46217844 0.17781144	1105873.0 0.49106452 0.57168317 0.5714544 0.17732416 0.70509 0.7462276 0.73661715 0.36054954 0.46217874 0.17781065	0.9999999999899403
1151721_7050	930.0	22	27	1116880.0 0.56605005 0.56582266 0.17557661 0.6981413 0.7388744 0.72935855 0.35699448 0.45762393 0.1760592 0.5354989	1116879.8 0.5660493 0.5658228 0.17557664 0.6981414 0.73887366 0.72935784 0.35699636 0.45762402 0.17605835 0.53549993	0.9999999999914395
1151721_7050	930.0	23	28	1096597.4 0.5762881 0.17882407 0.711054 0.7525405 0.74284875 0.36359745 0.46608812 0.17931558 0.5454035 0.48404	1096597.6 0.5762879 0.17882402 0.7110539 0.75253946 0.7428477 0.36359918 0.466088 0.17931463 0.54540426 0.4840408	0.9999999999912275
1151721_7050	930.0	24	29	1070781.8 0.18313536 0.7281969 0.77068365 0.7607582 0.37236345 0.47732508 0.18363874 0.5585527 0.4957098 0.46963632	1070782.0 0.18313532 0.7281968 0.7706826 0.7607571 0.37236524 0.477325 0.18363775 0.55855346 0.4957106 0.4696362	0.9999999999910862
1151721_4800	889.0	24	30	1119606.2 0.6964422 0.7370743 0.7275826 0.3561279 0.4565078 0.17562781 0.53419495 0.47409257 0.44915524 0.3931945	1119606.8 0.69644094 0.73707396 0.7275814 0.35612682 0.45650938 0.17562953 0.5341956 0.47409326 0.44915593 0.39319342	0.9999999999849101
1151721_4800	889.0	25	31	1002905.4 0.82284236 0.81224614 0.39756793 0.50962836 0.19606435 0.5963554 0.5292593 0.5014202 0.43894768 0.1956685	1002906.4 0.8228415 0.8122443 0.39756653 0.50962985 0.19606616 0.5963558 0.5292598 0.5014207 0.43894625 0.19566931	0.9999999999873472
1151721_4800	889.0	27	33	856017.2 0.46578854 0.59707797 0.229708 0.6986869 0.6200775 0.58746135 0.5142689 0.22924423 0.52408993 0.53359675	856018.4 0.46578673 0.59707946 0.22971003 0.6986871 0.6200778 0.5874617 0.514267 0.22924508 0.53359485 0.5240904	0.9995900634869411
1151721_20000	931.0	38	36	880385.8 0.67934763 0.6029152 0.57120186 0.50003076 0.2229 0.5095834 0.5188271 0.22255129 0.5814826 0.5911601	880386.6 0.6793481 0.60291463 0.5712013 0.5000326 0.2228998 0.5188255 0.50958407 0.22254995 0.5814843 0.5911596	0.9996063124208617
1151721_20000	931.0	39	37	878856.8 0.60396415 0.5721956 0.5009007 0.22328779 0.51047 0.51972973 0.22293848 0.5824942 0.5921886 0.6718307	878857.6 0.60396355 0.57219505 0.50090253 0.22328758 0.5197281 0.5104706 0.22293714 0.5824959 0.59218806 0.67183125	0.9996007054758930
