ID	BITRATE	START_IDX	CAPTURE_START_IDX	KEY	CAPTURE_KEY	CORRELATION
1151721_20000	931.0	15	13	1039668.2 0.9207861 0.96084696 0.9278201 0.6207538 0.70161617	1039668.4 0.92078495 0.96085155 0.92781794 0.62075466 0.7016141	0.9999999999748910
1151721_20000	931.0	16	14	939063.6 1.0637852 1.02722 0.68725693 1.3233597 0.48059362	939064.0 1.0637901 1.0272175 0.68725777 1.3233593 0.48059344	0.9999999999641414
1151721_20000	931.0	17	15	912429.2 1.0572053 0.7073184 1.3619895 1.021996 0.21498984	912430.2 1.057202 0.7073188 1.3619881 1.0219938 0.2149885	0.9999999999580862
1151721_20000	931.0	18	16	826310.0 0.7810362 1.503938 1.1285099 0.4751401 0.35141897	826310.6 0.7810368 1.5039369 1.1285079 0.47514093 0.35142353	0.9999999999540939
1151721_20000	931.0	19	17	922856.6 1.3466003 1.0104485 0.4254323 0.9031067 0.3402262	922856.8 1.3466 1.0104471 0.42543328 0.90310866 0.34022504	0.9999999999457578
1151721_20000	931.0	20	18	916160.0 1.0178342 0.42854196 0.9097079 1.0327792 0.49065337	916160.6 1.0178324 0.42854276 0.90970945 1.0327753 0.49065304	0.9999999999300135
1151721_20000	931.0	21	19	945873.6 0.41507977 0.8811304 1.0003356 1.1433588 0.54264224	945873.6 0.41508082 0.8811325 1.0003324 1.1433588 0.5426444	0.9999999999407396
1151721_20000	931.0	22	20	888912.6 0.9375927 1.0644364 1.2166246 0.79801995 0.5413254	888913.2 0.93759435 1.0644324 1.2166239 0.79802054 0.54132396	0.9999999999407437
1151721_20000	931.0	23	21	1056105.6 0.89592457 1.0240197 0.6716847 1.193943 0.1860136	1056104.8 0.8959225 1.0240206 0.67168623 1.1939441 0.18601564	0.9999999999705032
1151721_7050	930.0	17	22	1176187.0 0.9194737 0.60311073 1.0720489 0.8686408 0.46170974	1176186.4 0.9194742 0.603111 1.0720495 0.8686421 0.46170828	0.9999999999918113
1151721_7050	930.0	18	23	1249154.0 0.56788117 1.0094272 0.8179008 1.086866 0.50611055	1249153.4 0.5678814 1.0094277 0.81790197 1.0868641 0.50611	0.9999999999929498
1151721_7050	930.0	19	24	1139071.8 1.1069803 0.8969444 1.191903 0.9050615 0.55479914	1139071.6 1.1069804 0.89694536 1.1919005 0.9050625 0.5547992	0.9999999999902464
1151721_7050	930.0	20	25	1261784.4 0.8097136 1.0759865 0.81704134 0.9059131 0.15541324	1261784.2 0.8097145 1.0759842 0.81704223 0.9059132 0.15541326	0.9999999999901970
1151721_7050	930.0	21	26	1270920.6 1.0682516 0.8111679 0.8994008 0.30901614 0.6135238	1270919.6 1.0682501 0.8111693 0.8994015 0.3090156 0.61352426	0.9999999999899403
1151721_7050	930.0	22	27	1279801.2 0.80553913 0.8931598 0.30687186 1.0765953 0.6448142	1279800.8 0.80554026 0.8931601 0.3068712 1.0765965 0.64481366	0.9999999999914395
1151721_7050	930.0	23	28	1176341.4 0.97171366 0.3338614 1.1712824 1.152753 0.6924912	1176342.0 0.9717132 0.3338604 1.1712826 1.1527524 0.6924899	0.9999999999912275
1151721_7050	930.0	24	29	1173004.0 0.3348113 1.1746149 1.1560327 1.123171 0.33991358	1173004.2 0.33481038 1.1746155 1.1560324 1.1231699 0.33991522	0.9999999999910862
1151721_4800	889.0	24	30	1158933.0 1.1888772 1.1700677 1.1368068 0.7238952 0.44101685	1158934.0 1.1888762 1.1700675 1.1368059 0.7238928 0.44101822	0.9999999999849101
1151721_4800	889.0	25	31	1122523.0 1.2080197 1.1736802 0.7473753 0.6301394 0.17517146	1122524.2 1.2080194 1.1736789 0.74737275 0.6301414 0.17517306	0.9999999999873472
1151721_4800	889.0	27	33	956592.6 0.87701494 0.7394433 0.6745442 1.1027223 0.554883	956594.0 0.87701154 0.7394454 0.6830515 1.0942155 0.55488324	0.9995900634869411
