ID	BITRATE	START_IDX	CAPTURE_START_IDX	KEY	CAPTURE_KEY	CORRELATION
70167075_20000	1145.0	58	13	1036739.3 0.6181988 0.6925126 0.18928866	1036725.3 0.6275944 0.68348193 0.18892372	0.9994267192303975
1151721_20000	931.0	19	17	917946.0 0.7946524 0.49164984 0.21369776	917944.7 0.79465246 0.49165055 0.21369697	0.9999999999976588
1151721_20000	931.0	20	18	625234.7 0.7218218 0.313743 0.4644352	625236.7 0.72181946 0.31374037 0.4644401	0.9999999997900757
1151721_20000	931.0	21	19	533682.7 0.36756486 0.544108 0.5883271	533684.7 0.3675616 0.5441134 0.5883249	0.9999999993242488
1151721_20000	931.0	22	20	702585.3 0.41330355 0.44689235 0.6398041	702586.0 0.41330883 0.4468919 0.63979924	0.9999999998298011
1151721_5500	946.0	14	21	851180.0 0.36887616 0.5281104 0.60301346	851176.7 0.3688776 0.5281089 0.60301346	0.9999999999585277
1151721_7050	930.0	17	22	962653.3 0.46695626 0.5331857 0.49985805	962651.3 0.4669541 0.53318477 0.49986115	0.9999999966742720
1151721_7050	930.0	18	23	793942.0 0.64648676 0.606077 0.24743621	793943.3 0.6464832 0.60607857 0.24743833	0.9999999999415654
1151721_7050	930.0	19	24	813798.0 0.5912892 0.24139898 0.6673118	813799.3 0.5912908 0.24140105 0.6673083	0.9999999999537156
1151721_7050	930.0	20	25	914478.0 0.21482201 0.5938437 0.6913343	914478.7 0.21482404 0.5938411 0.69133484	0.9999999999710693
1151721_7050	930.0	21	26	1204815.4 0.45073876 0.524736 0.52452517	1204814.6 0.4507374 0.5247372 0.5245255	0.9999999999533610
1151721_6500	994.0	20	27	1362605.4 0.46397218 0.46378505 0.57224274	1362604.6 0.46397245 0.4637853 0.5722423	0.9999999999999999
1151721_6500	994.0	21	28	1491286.6 0.42376563 0.52286464 0.5533698	1491285.4 0.423766 0.5228644 0.5533696	0.9999999999991730
1151721_7050	930.0	25	29	1613053.4 0.4833938 0.51159745 0.5050087	1613052.0 0.4833942 0.5115967 0.5050091	0.9999999993683715
1151721_7050	930.0	26	30	1359040.0 0.6072183 0.5993981 0.29338357	1359041.4 0.60721624 0.5993975 0.29338622	0.9999999999925849
1151721_7050	930.0	27	31	1149624.6 0.7085843 0.34682626 0.44458947	1149626.6 0.7085831 0.34682912 0.44458783	0.9999999999483294
1151721_7050	930.0	31	35	1087842.0 0.54979306 0.48793575 0.46227118	1087838.6 0.5497902 0.48793727 0.4622726	0.9999999998584806
1151721_7050	930.0	32	36	819941.3 0.6473597 0.61330974 0.23933055	819940.7 0.64736027 0.6133102 0.2393295	0.9999999999999727
1151721_7050	930.0	33	37	759558.7 0.66206604 0.2583566 0.5795773	759558.7 0.66206604 0.2583553 0.57957864	0.9999999999917517
1151721_7050	930.0	34	38	723393.3 0.2712729 0.60855275 0.6201744	723393.3 0.27127153 0.6085541 0.6201744	0.9999999999932895
1151721_4200	834.0	34	39	897078.0 0.49072766 0.50010145 0.5091709	897081.3 0.4907292 0.5000996 0.50917125	0.9999999848797435
1151721_6500	994.0	32	40	924185.3 0.48543403 0.49423853 0.52032745	924185.3 0.48543295 0.49423853 0.5203285	0.9999999998656031
1151721_6500	994.0	33	41	755718.7 0.60441536 0.6363201 0.25926447	755718.7 0.60441536 0.6363214 0.25926313	0.9999999999962547
1151721_15000	966.0	45	45	1125718.0 0.45476043 0.52450436 0.5207352	1125718.0 0.45476043 0.52450347 0.5207361	0.9999999997441378
1151721_7050	930.0	42	46	915498.0 0.64494187 0.6403083 0.21474978	915498.0 0.64494187 0.64030945 0.2147487	0.9999999999974765
1151721_7050	930.0	43	47	920035.3 0.6371505 0.21369071 0.6491588	920035.3 0.63715166 0.21368963 0.6491588	0.9999999999973954
1151721_5500	946.0	46	53	1019255.3 0.19237967 0.6827936 0.6248268	1019234.0 0.19235131 0.6828059 0.62484276	0.9999999998596083
1151721_5500	946.0	47	54	1289089.4 0.53987026 0.49403712 0.4660926	1289090.6 0.5398682 0.49403897 0.4660929	0.9999999993025656
1151721_7050	930.0	50	55	955851.3 0.6662752 0.6285852 0.20513965	955854.7 0.6662739 0.6285851 0.20514101	0.9999999999980976
1151721_7050	930.0	62	70	975557.3 0.5285635 0.4935015 0.47793502	975556.0 0.5285632 0.49350423 0.47793257	0.9999999952285986
