ID	BITRATE	START_IDX	CAPTURE_START_IDX	KEY	CAPTURE_KEY	CORRELATION
80102952_15000	4446.0	2	1	497573.0 0.59968686 0.4003131	497565.0 0.60517925 0.39482078	1.0000000000000000
70102778_10000	889.0	60	7	795345.0 0.25071007 0.74928993	795366.0 0.24652424 0.7534758	1.0000000000000000
1151721_15000	966.0	14	14	904444.0 0.7834449 0.21655515	904445.0 0.7834451 0.21655491	1.0000000000000000
1151721_20000	931.0	19	17	1180756.0 0.61778045 0.38221952	1180755.0 0.61778015 0.38221985	1.0000000000000000
1151721_20000	931.0	20	18	647471.0 0.697032 0.302968	647470.0 0.69703305 0.30296692	1.0000000000000000
81110498_1200	557.0	5	19	486560.0 0.4082559 0.59174407	486547.0 0.40317175 0.5968283	1.0000000000000000
80038359_7050	1056.0	5	20	604385.0 0.4858112 0.5141888	604365.0 0.4804795 0.51952046	1.0000000000000000
1151721_5500	946.0	14	21	763497.0 0.41123933 0.5887607	763494.0 0.41124097 0.58875906	1.0000000000000000
1151721_7050	930.0	17	22	962790.0 0.46688998 0.53311	962785.0 0.4668893 0.53311074	1.0000000000000000
1151721_7050	930.0	18	23	994463.0 0.5161308 0.4838692	994463.0 0.5161288 0.4838712	1.0000000000000000
70052701_2000	505.0	76	24	677621.0 0.7088372 0.29116276	677644.0 0.7100956 0.28990445	1.0000000000000000
1151721_7050	930.0	20	25	739507.0 0.26564994 0.73435	739507.0 0.26565266 0.73434734	1.0000000000000000
1151721_7050	930.0	21	26	1175267.0 0.46207118 0.5379288	1175266.0 0.46206987 0.53793013	1.0000000000000000
1151721_7050	930.0	22	27	1264166.0 0.50010043 0.49989954	1264167.0 0.50010085 0.49989915	1.0000000000000000
1151721_6500	994.0	21	28	1411697.0 0.44765696 0.552343	1411696.0 0.4476573 0.5523427	1.0000000000000000
1151721_7050	930.0	25	29	1604974.0 0.48582718 0.5141728	1604972.0 0.4858278 0.5141722	1.0000000000000000
1151721_7050	930.0	26	30	1639840.0 0.5032406 0.49675944	1639838.0 0.5032399 0.49676004	1.0000000000000000
1151721_7050	930.0	27	31	1213326.0 0.6713826 0.32861736	1213330.0 0.6713804 0.32861957	1.0000000000000000
1151721_7050	930.0	28	32	909831.0 0.43823522 0.5617648	909834.0 0.43823817 0.5617618	1.0000000000000000
1151721_7050	930.0	31	35	1128885.0 0.52980417 0.4701958	1128880.0 0.5298021 0.4701979	1.0000000000000000
1151721_7050	930.0	32	36	1033675.0 0.51350474 0.4864953	1033675.0 0.51350474 0.4864953	1.0000000000000000
1151721_7050	930.0	33	37	699115.0 0.7193065 0.28069344	699114.0 0.7193076 0.28069243	1.0000000000000000
1151721_7050	930.0	34	38	636460.0 0.30832574 0.69167423	636460.0 0.30832416 0.69167584	1.0000000000000000
1151721_7050	930.0	35	39	888853.0 0.49527088 0.50472915	888854.0 0.49527144 0.50472856	1.0000000000000000
1151721_6500	994.0	32	40	905399.0 0.4955064 0.5044936	905398.0 0.49550584 0.50449413	1.0000000000000000
60020801_15000	1185.0	37	41	937648.0 0.48219696 0.5178031	937648.0 0.4871423 0.5128577	1.0000000000000000
1151721_6500	994.0	34	42	676810.0 0.7105081 0.2894919	676810.0 0.7105096 0.2894904	1.0000000000000000
70103763_10000	1730.0	16	43	716371.0 0.277454 0.722546	716379.0 0.27350047 0.7264995	1.0000000000000000
1151721_15000	966.0	44	44	1032378.0 0.5041235 0.49587652	1032381.0 0.50412494 0.49587506	1.0000000000000000
1151721_15000	966.0	45	45	1102376.0 0.46438965 0.5356104	1102375.0 0.46439007 0.53560996	1.0000000000000000
1151721_7050	930.0	42	46	1176644.0 0.50180256 0.4981974	1176645.0 0.50180215 0.49819785	1.0000000000000000
1151721_7050	930.0	43	47	782804.0 0.7488477 0.25115228	782804.0 0.74884903 0.251151	1.0000000000000000
1151721_7050	930.0	44	48	793852.0 0.247657 0.752343	793851.0 0.24765605 0.75234395	1.0000000000000000
1151721_10000	939.0	43	52	815442.0 0.7595795 0.24042054	815443.0 0.75957733 0.2404227	1.0000000000000000
1151721_4200	834.0	49	53	891987.0 0.2197902 0.7802098	891990.0 0.21979058 0.7802094	1.0000000000000000
1151721_5500	946.0	47	54	1332799.0 0.522165 0.477835	1332800.0 0.5221631 0.47783688	1.0000000000000000
1151721_7050	930.0	50	55	1237694.0 0.51455367 0.48544633	1237697.0 0.51455325 0.48544675	1.0000000000000000
1151721_7050	930.0	51	56	796917.0 0.75394803 0.24605197	796921.0 0.7539468 0.24605325	1.0000000000000000
1151721_5500	946.0	54	65	804346.0 0.44906172 0.55093825	804348.0 0.44906184 0.5509381	0.9999999999999999
80232502_15000	2092.0	36	66	978470.0 0.450024 0.549976	978492.0 0.4528867 0.5471133	1.0000000000000000
60000870_6500	1283.0	31	68	743305.0 0.26397106 0.73602897	743302.0 0.2636842 0.7363158	1.0000000000000000
1151721_4800	889.0	61	69	1062949.0 0.51489395 0.48510605	1062948.0 0.5148935 0.48510653	1.0000000000000000
1151721_7050	930.0	62	70	997083.0 0.51715255 0.48284745	997084.0 0.517151 0.482849	1.0000000000000000
1151721_7050	930.0	63	71	947692.0 0.5080121 0.4919879	947691.0 0.50801474 0.49198526	0.9999999999999999
1151721_4800	889.0	64	72	922883.0 0.50521356 0.49478644	922882.0 0.5052109 0.49478915	1.0000000000000000
1151721_3500	918.0	61	73	653272.0 0.69899064 0.3010094	653272.0 0.69899213 0.30100784	1.0000000000000000
1151721_20000	931.0	71	74	622617.0 0.3158282 0.6841718	622616.0 0.3158287 0.6841713	1.0000000000000000
1151721_7050	930.0	68	76	1362590.0 0.3503541 0.6496459	1362590.0 0.35035485 0.64964515	1.0000000000000000
1151721_4200	834.0	70	77	1592210.0 0.55595744 0.44404256	1592210.0 0.55595684 0.4440432	1.0000000000000000
1151721_7050	930.0	71	78	1359607.0 0.5200106 0.47998944	1359607.0 0.5200106 0.47998944	1.0000000000000000
