ID	BITRATE	START_IDX	CAPTURE_START_IDX	KEY	CAPTURE_KEY	CORRELATION
1151721_20000	931.0	15	13	1077419.5 1.8572403 1.9977947 1.8491312	1077420.0 1.8572385 1.9977928 1.8491285	0.9999999999685432
1151721_20000	931.0	16	14	1096519.8 1.9629952 1.8169212 1.4586048	1096519.6 1.9629945 1.8169196 1.4586086	0.9999999999656660
1151721_20000	931.0	17	15	1055389.4 1.8877299 1.5154492 1.3606135	1055388.8 1.887729 1.5154539 1.3606124	0.9999999999660649
1151721_20000	931.0	18	16	1058970.2 1.5103247 1.3560126 2.0997956	1058970.1 1.5103288 1.3560109 2.0997949	0.9999999999661907
1151721_20000	931.0	19	17	1151137.8 1.2474415 1.9316723 1.8823802	1151137.9 1.2474396 1.9316713 1.8823783	0.9999999999696754
1151721_20000	931.0	20	18	1069559.1 2.0790071 2.0259554 2.0738778	1069558.8 2.079007 2.0259542 2.0738795	0.9999999999722177
1151721_20000	931.0	21	19	1204652.1 1.7987591 1.8413075 0.9174856	1204651.8 1.798758 1.841309 0.9174859	0.9999999999724746
1151721_7050	930.0	17	22	1141220.6 2.0008621 1.8991543 2.2132792	1141221.1 2.0008595 1.8991508 2.2132783	0.9999999999882870
1151721_7050	930.0	18	23	1291076.6 1.6787183 1.9563828 1.024002	1291076.4 1.6787163 1.9563831 1.024006	0.9999999999872912
1151721_7050	930.0	19	24	1265713.8 1.9955854 1.0445213 1.84622	1265713.4 1.995586 1.0445256 1.846219	0.9999999999872963
1151721_4800	889.0	19	25	1312326.4 1.0074239 1.7806408 1.5958691	1312327.2 1.007424 1.7806412 1.5958672	0.9999999999834841
1151721_4800	889.0	20	26	1189760.2 1.9640781 1.7602714 1.8834761	1189761.1 1.9640783 1.7602693 1.8834772	0.9999999999843872
1151721_4800	889.0	22	28	1198640.9 1.8695216 1.31336 1.877539	1198642.0 1.8695223 1.3201481 1.8707504	0.9998907534402508
