ID	BITRATE	START_IDX	CAPTURE_START_IDX	KEY	CAPTURE_KEY	CORRELATION
14607635_20000	977.0	8	3	832843.6 1.5753953 1.739958 1.3613431 1.1342705 1.1121355	832842.3 1.5753967 1.7399548 1.3613429 1.1342759 1.1121325	0.9999999999230186
14607635_20000	977.0	9	4	789339.8 1.8358544 2.1765823 1.196785 1.17343 1.6232388	789338.3 1.8358516 2.1765876 1.196791 1.1734271 1.6232393	0.9999999999301763
14607635_20000	977.0	10	5	863744.0 1.9890882 1.8950568 1.072349 1.4834106 0.91116697	863742.6 1.9890925 1.8950657 1.0723461 1.4834106 0.9111638	0.9999999999458495
14607635_20000	977.0	11	6	885982.5 1.8474902 1.2705544 1.4461764 0.8882963 1.2912196	885981.6 1.8474977 1.27055 1.4461756 0.8882927 1.2912153	0.9999999999490775
14607635_20000	977.0	12	7	906288.8 1.2420864 1.8619539 0.8683932 1.2622886 1.5916516	906288.1 1.2420818 1.8619531 0.8683894 1.262284 1.5916538	0.9999999999527163
14607635_20000	977.0	13	8	863443.7 1.9543463 1.3248507 1.3249248 1.6706313 1.6655527	863442.4 1.954347 1.3248492 1.3249211 1.670635 1.6655599	0.9999999999472411
14607635_20000	977.0	14	9	935861.2 1.222333 1.7556173 1.5413568 1.5366713 0.9501569	935860.3 1.2223309 1.7556114 1.5413593 1.536677 0.9501535	0.9999999999426451
14607635_20000	977.0	15	10	937975.9 1.7516592 2.2577233 1.5332068 0.9480148 1.4935576	937975.3 1.7516527 2.2577257 1.533212 0.9480111 1.4935585	0.9999999999479440
14607635_20000	977.0	16	11	956740.8 2.2134416 1.7106137 0.929421 1.4642639 0.9881506	956740.0 2.2134447 1.7106204 0.9294176 1.4642651 0.98815143	0.9999999999509570
14607635_20000	977.0	17	12	1006368.6 1.626257 1.4717063 1.3920555 0.9394212 1.2806262	1006368.3 1.6262624 1.4717017 1.392056 0.9394215 1.2806216	0.9999999999520000
