ID	BITRATE	START_IDX	CAPTURE_START_IDX	KEY	CAPTURE_KEY	CORRELATION
81080637_4800	1260.0	39	0	517440.0 0.61595935 0.38404065	517438.0 0.61617625 0.38382375	1.0000000000000000
81074663_6500	1946.0	26	1	609994.0 0.32557368 0.6744263	610012.0 0.32557556 0.6744244	1.0000000000000000
80199806_3500	1039.0	12	6	385457.0 0.4845106 0.5154894	385480.0 0.48306787 0.51693213	1.0000000000000000
14607635_6500	966.0	7	8	287620.0 0.45910925 0.54089075	287622.0 0.4591165 0.54088354	1.0000000000000000
80163052_6500	412.0	40	9	354316.0 0.4392971 0.56070286	354303.0 0.43908745 0.56091255	1.0000000000000000
14607635_6500	966.0	9	10	457453.0 0.43443808 0.56556195	457450.0 0.43443656 0.56556344	1.0000000000000000
14607635_6500	966.0	10	11	382051.0 0.67718184 0.32281816	382050.0 0.677181 0.322819	1.0000000000000000
14607635_6500	966.0	11	12	321864.0 0.38318357 0.6168164	321861.0 0.38318714 0.6168128	1.0000000000000000
81074663_4200	1412.0	73	13	397922.0 0.49958032 0.5004197	397915.0 0.49892062 0.5010794	1.0000000000000000
14607635_7050	923.0	15	14	686228.0 0.29055503 0.70944494	686227.0 0.29055545 0.7094445	1.0000000000000000
14607635_6500	966.0	14	15	977997.0 0.49779192 0.5022081	978001.0 0.4977909 0.5022091	1.0000000000000000
14607635_6500	966.0	15	16	1111239.0 0.44199133 0.5580087	1111243.0 0.44199243 0.55800754	1.0000000000000000
14607635_5500	945.0	18	17	1151522.0 0.53848904 0.46151093	1151521.0 0.5384895 0.46151048	1.0000000000000000
80191608_20000	1902.0	26	18	730017.0 0.7281392 0.27186078	730038.0 0.72796077 0.27203926	1.0000000000000000
14607635_7050	923.0	19	19	457699.0 0.43390745 0.56609255	457699.0 0.43390745 0.56609255	1.0000000000000000
14607635_7050	923.0	20	20	655070.0 0.39553025 0.6044698	655071.0 0.39552966 0.6044704	1.0000000000000000
14607635_7050	923.0	21	21	770631.0 0.51382565 0.48617432	770632.0 0.5138263 0.4861737	1.0000000000000000
14607635_7050	923.0	22	22	763757.0 0.49055 0.50945	763758.0 0.49054936 0.5094506	1.0000000000000000
14607635_7050	923.0	23	23	647421.0 0.6009938 0.39900622	647424.0 0.60099256 0.39900744	1.0000000000000000
14607635_7050	923.0	24	24	842605.0 0.306579 0.693421	842608.0 0.30658028 0.6934197	1.0000000000000000
14607635_7050	923.0	25	25	1276455.0 0.45773646 0.5422635	1276456.0 0.45773688 0.5422631	1.0000000000000000
80198592_5500	1305.0	51	26	1098375.0 0.6392225 0.36077753	1098354.0 0.630193 0.369807	1.0000000000000000
14607635_7050	923.0	27	27	763097.0 0.5322744 0.4677256	763100.0 0.5322749 0.46772507	1.0000000000000000
14607635_6500	966.0	29	30	873693.0 0.7728035 0.22719651	873696.0 0.7727997 0.22720031	1.0000000000000000
14607635_4200	945.0	30	31	790365.0 0.25115106 0.748849	790366.0 0.25115454 0.74884546	1.0000000000000000
14607635_7050	923.0	32	32	1218074.0 0.4859015 0.51409847	1218073.0 0.48590028 0.5140997	1.0000000000000000
14607635_7050	923.0	33	33	1566713.0 0.39969668 0.6003033	1566710.0 0.39969808 0.6003019	1.0000000000000000
14607635_6500	966.0	33	34	1714042.0 0.548703 0.451297	1714042.0 0.5487024 0.45129758	1.0000000000000000
14607635_4800	990.0	32	35	972463.0 0.79544514 0.20455483	972462.0 0.79544806 0.20455195	1.0000000000000000
14607635_4800	990.0	33	36	862852.0 0.23054011 0.7694599	862849.0 0.23053744 0.7694626	1.0000000000000000
14607635_4800	990.0	34	37	1035344.0 0.64126515 0.35873488	1035343.0 0.64126575 0.35873425	1.0000000000000000
14607635_7050	923.0	41	40	644992.0 0.6913993 0.30860072	644994.0 0.6913987 0.30860132	1.0000000000000000
14607635_6500	966.0	40	41	866274.0 0.2297714 0.77022856	866277.0 0.22977176 0.7702282	0.9999999999999999
14607635_7050	923.0	44	42	1231511.0 0.5417978 0.45820215	1231513.0 0.54179776 0.4582022	1.0000000000000000
14607635_4800	990.0	40	43	1261964.0 0.44714588 0.5528541	1261964.0 0.44714588 0.5528541	1.0000000000000000
81076251_20000	1991.0	43	44	1054367.0 0.65745986 0.34254012	1054373.0 0.6617032 0.3382968	1.0000000000000000
80217312_6500	1743.0	12	45	555687.0 0.64731044 0.35268956	555696.0 0.6418815 0.35811847	1.0000000000000000
14607635_5500	945.0	47	46	994827.0 0.20004082 0.7999592	994825.0 0.2000402 0.7999598	1.0000000000000000
14607635_3500	974.0	47	47	1657496.0 0.48013267 0.5198673	1657498.0 0.4801333 0.5198667	1.0000000000000000
14607635_4200	945.0	47	49	1056823.0 0.18797755 0.81202245	1056822.0 0.18797678 0.8120232	1.0000000000000000
14607635_6500	966.0	49	50	1564705.0 0.54845035 0.45154965	1564703.0 0.54845166 0.4515483	1.0000000000000000
14607635_7050	923.0	53	51	1397163.0 0.5056976 0.4943024	1397161.0 0.5056962 0.4943038	1.0000000000000000
14607635_7050	923.0	54	52	1247295.0 0.553695 0.446305	1247293.0 0.5536967 0.4463033	1.0000000000000000
14607635_7050	923.0	55	53	1146922.0 0.48536342 0.5146366	1146920.0 0.48536167 0.51463836	1.0000000000000000
80031611_20000	2318.0	87	55	857841.0 0.7677565 0.23224351	857816.0 0.7685063 0.2314937	0.9999999999999999
70130445_20000	702.0	81	56	851964.0 0.22969632 0.77030367	851950.0 0.23308763 0.7669124	1.0000000000000000
14607635_4800	990.0	53	57	1311247.0 0.49828142 0.5017186	1311249.0 0.49828142 0.5017186	1.0000000000000000
80018689_10000	1368.0	37	59	976895.0 0.7965892 0.2034108	976885.0 0.79610395 0.20389606	1.0000000000000000
14607635_4800	990.0	56	60	662604.0 0.30061093 0.6993891	662602.0 0.3006073 0.6993927	1.0000000000000000
14607635_4800	990.0	57	61	1160093.0 0.39946625 0.6005337	1160098.0 0.39946538 0.6005346	1.0000000000000000
14607635_4200	945.0	65	63	1050969.0 0.8106395 0.18936048	1050973.0 0.81063926 0.18936072	1.0000000000000000
14607635_4800	990.0	60	64	878575.0 0.22651795 0.7734821	878574.0 0.2265182 0.7734818	1.0000000000000000
14607635_7050	923.0	69	67	1714598.0 0.5302584 0.46974158	1714599.0 0.53025866 0.4697413	1.0000000000000000
80023001_7050	2037.0	20	72	459342.0 0.56735504 0.43264496	459365.0 0.5679536 0.4320464	1.0000000000000000
70305893_20000	1360.0	1	73	570389.0 0.34544495 0.654555	570412.0 0.34793624 0.6520638	1.0000000000000000
14607635_7050	923.0	74	75	1141496.0 0.5251074 0.4748926	1141496.0 0.5251074 0.4748926	1.0000000000000000
14607635_7050	923.0	75	76	963341.0 0.5627166 0.43728337	963340.0 0.5627172 0.4372828	1.0000000000000000
