ID	BITRATE	START_IDX	CAPTURE_START_IDX	KEY	CAPTURE_KEY	CORRELATION
14607635_20000	977.0	8	3	870737.6 1.6183348 1.028807	870736.8 1.6183398 1.0288045	0.9999999999283413
14607635_20000	977.0	9	4	835909.4 1.6592492 1.225445	835908.4 1.6592476 1.2254441	0.9999999999307914
14607635_20000	977.0	10	5	938455.6 1.7522854 0.9420818	938453.8 1.7522855 0.94208366	0.9999999999516749
14607635_20000	977.0	11	6	980621.4 1.1049014 1.1032465	980619.2 1.1049019 1.1032459	0.9999999999570215
14607635_20000	977.0	12	7	950339.2 1.6976118 1.4404068	950336.2 1.6976109 1.4404081	0.9999999999568820
14607635_20000	977.0	13	8	1080654.0 1.6331286 0.8187237	1080650.4 1.6331295 0.8187236	0.9999999999520672
14607635_20000	977.0	14	9	1095457.6 1.04418 1.2568564	1095454.8 1.04418 1.2568552	0.9999999999453830
14607635_20000	977.0	15	10	988876.6 1.5931543 1.4949286	988874.4 1.5931498 1.4949291	0.9999999999453733
14607635_20000	977.0	16	11	1048137.2 1.7678592 0.9019096	1048134.4 1.7678621 0.90191203	0.9999999999359940
14607635_20000	977.0	17	12	1067409.4 1.2501502 1.1440793	1067407.6 1.2501532 1.1440756	0.9999999999268325
14607635_20000	977.0	18	13	913081.0 1.6203678 1.5230981	913079.0 1.6203647 1.5230993	0.9999999999444558
14607635_20000	977.0	19	14	959860.8 2.0575786 0.88302696	959858.4 2.0575848 0.8830282	0.9999999999277538
14607635_20000	977.0	20	15	1047587.8 1.4698119 0.9434684	1047587.6 1.4698131 0.94346285	0.9999999999434434
14607635_20000	977.0	21	16	1044693.2 1.1370037 1.2969434	1044693.4 1.1369967 1.2969451	0.9999999999437484
14607635_20000	977.0	22	17	882843.6 1.9947915 1.5182406	882843.0 1.9947952 1.518245	0.9999999999725150
14607635_20000	977.0	23	18	1016780.4 1.669277 0.64554745	1016782.0 1.6692781 0.6455425	0.9999999999834219
14607635_20000	977.0	24	19	1079378.6 1.070427 1.2647249	1079379.8 1.0704203 1.2647272	0.9999999999622264
14607635_20000	977.0	25	20	1078418.6 1.8919472 1.3336102	1078419.0 1.8919501 1.3336134	0.9999999999685639
14607635_20000	977.0	26	21	1184958.6 1.3812238 0.80745095	1184960.2 1.3812261 0.8074473	0.9999999999724157
14607635_20000	977.0	27	22	1141900.8 1.3562125 1.4586662	1141902.2 1.3562071 1.4586669	0.9999999999704241
14607635_15000	981.0	30	23	1224027.2 1.8723994 1.0192567	1224025.6 1.872402 1.0192597	0.9999999999655902
