ID	BITRATE	START_IDX	CAPTURE_START_IDX	KEY	CAPTURE_KEY	CORRELATION
81000864_10000	3648.0	28	1	440393.0 0.54869854 0.45130146	440411.0 0.5487011 0.4512989	1.0000000000000000
80184100_4200	809.0	3	2	324255.0 0.60628515 0.39371482	324277.0 0.6129235 0.38707647	1.0000000000000000
80239639_2000	696.0	28	6	281667.0 0.5180799 0.48192015	281648.0 0.515672 0.48432794	1.0000000000000000
70301367_20000	460.0	48	13	460777.0 0.5746793 0.4253207	460759.0 0.5769198 0.42308018	1.0000000000000000
80093106_4800	1493.0	4	14	423663.0 0.46967754 0.53032243	423687.0 0.46009907 0.5399009	1.0000000000000000
81000864_3500	1131.0	30	15	427467.0 0.5351033 0.4648967	427483.0 0.53510666 0.46489334	1.0000000000000000
80163052_4200	431.0	36	18	503574.0 0.23353072 0.7664693	503588.0 0.23866136 0.76133865	1.0000000000000000
70130445_800	480.0	27	22	232307.0 0.46981364 0.53018636	232301.0 0.46917146 0.53082854	1.0000000000000000
70251894_800	353.0	1	26	252732.0 0.52037734 0.4796227	252728.0 0.52785605 0.47214398	1.0000000000000000
80038359_1200	368.0	31	39	230602.0 0.53120095 0.46879905	230579.0 0.52315694 0.4768431	1.0000000000000000
