ID	BITRATE	START_IDX	CAPTURE_START_IDX	KEY	CAPTURE_KEY	CORRELATION
14607635_10000	976.0	29	1	1022400.4 0.19415388 0.5788965 0.61249197 0.919895 0.19456272	1022399.2 0.19415508 0.5788972 0.6124907 0.9198971 0.19456002	0.9999999999855984
14607635_20000	977.0	15	15	965824.0 0.3667666 0.47860375 0.50406593 0.50854087 0.6420228	965826.4 0.3667657 0.4786026 0.50406784 0.5085407 0.64202327	0.9999999999388988
14607635_6500	966.0	13	16	903885.2 0.51140124 0.5386071 0.5433854 0.68601745 0.22058886	903888.0 0.51139855 0.5386088 0.5433881 0.6860175 0.22058706	0.9999999999274918
14607635_6500	966.0	14	17	931561.6 0.52260524 0.5272415 0.66563606 0.21403523 0.57048184	931564.0 0.52260715 0.5272445 0.6656365 0.2140336 0.57047826	0.9999999998846737
14607635_6500	966.0	15	18	895214.8 0.5486482 0.6926617 0.22272532 0.5936441 0.44232064	895215.2 0.54865247 0.6926636 0.22272411 0.59364164 0.44231823	0.9999999998834420
14607635_6500	966.0	16	19	802390.4 0.77279216 0.24849127 0.6623198 0.49349046 0.3229064	802389.6 0.7727954 0.24849026 0.6623179 0.49348843 0.32290795	0.9999999999494781
14607635_20000	977.0	20	20	633799.2 0.31459177 0.838499 0.6247594 0.4088014 0.31334847	633795.2 0.31459057 0.8384996 0.6247602 0.408804 0.3133457	0.9999999999672634
14607635_5500	945.0	19	21	703908.0 0.75498503 0.56253374 0.36808646 0.2821363 0.53225845	703904.8 0.7549842 0.56253344 0.3680867 0.28213617 0.53225946	0.9999999999942434
14607635_5500	945.0	20	22	646970.4 0.6120404 0.40048048 0.30696616 0.5791007 0.6014124	646969.6 0.612038 0.40047938 0.30696496 0.57909983 0.6014177	0.9999999997796177
14607635_4800	990.0	17	23	591914.4 0.43773055 0.3355215 0.6329632 0.6573569 0.43642798	591912.8 0.43773 0.33551732 0.63296485 0.65735865 0.43642914	0.9999999999481830
14607635_4800	990.0	18	24	721986.8 0.27507427 0.5189291 0.53892815 0.35780156 0.80926687	721985.6 0.27507058 0.51893 0.538929 0.35780212 0.8092682	0.9999999999743858
14607635_7050	923.0	22	25	919414.8 0.4074994 0.42319962 0.28096676 0.6354912 0.752843	919417.2 0.4074973 0.4232018 0.2809693 0.6354895 0.7528421	0.9999999999559850
14607635_20000	977.0	26	26	849331.2 0.45812166 0.30415225 0.687926 0.8149636 0.23483655	849335.2 0.45812184 0.30415317 0.6879263 0.8149621 0.23483661	0.9999999999967121
14607635_20000	977.0	27	27	856164.8 0.3017246 0.6824352 0.8084588 0.23296216 0.47441918	856167.2 0.3017261 0.6824368 0.8084589 0.23296268 0.4744155	0.9999999999614995
14607635_20000	977.0	28	28	895602.0 0.65238464 0.7728589 0.22270383 0.45352846 0.39852414	895603.2 0.65238714 0.7728601 0.22270465 0.45352563 0.39852247	0.9999999999577557
14607635_20000	977.0	29	29	861497.6 0.80345434 0.23152009 0.47148243 0.41430062 0.57924247	861497.2 0.8034571 0.23152135 0.47148037 0.41429967 0.5792416	0.9999999999626742
14607635_20000	977.0	30	30	854705.6 0.23335987 0.4752291 0.4175929 0.58384544 0.78997254	854704.8 0.23336127 0.47522724 0.41759214 0.58384484 0.7899745	0.9999999999710676
14607635_3500	974.0	25	31	1011668.8 0.40149406 0.3528032 0.49326122 0.6674052 0.58503634	1011668.4 0.4014942 0.35280138 0.49325946 0.66740745 0.5850376	0.9999999999644114
14607635_20000	977.0	38	37	1403151.6 0.4462903 0.67027897 0.5512897 0.47317266 0.35896835	1403150.4 0.4462886 0.67027885 0.55129087 0.47317165 0.35897008	0.9999999999236532
14607635_20000	977.0	39	38	1301231.6 0.7227791 0.59446985 0.5102343 0.3870848 0.2854319	1301232.0 0.7227781 0.59447044 0.5102326 0.38708624 0.28543258	0.9999999999802769
14607635_20000	977.0	40	39	1004648.4 0.7699639 0.6608611 0.5013565 0.36969453 0.19812405	1004649.2 0.7699643 0.6608586 0.5013581 0.36969522 0.19812389	0.9999999999783412
14607635_20000	977.0	51	49	1167767.6 0.68148834 0.30547345 0.1701186 0.737884 0.6050356	1167766.8 0.6814888 0.30544883 0.17011617 0.73791105 0.6050352	0.9999999984730829
14607635_20000	977.0	52	50	1192704.8 0.2990866 0.16656175 0.7224563 0.5923855 0.71951	1192703.6 0.29906255 0.1665594 0.7224829 0.59238523 0.71950984	0.9999999984818354
14607635_20000	977.0	53	51	1326263.6 0.14978847 0.64970267 0.53273046 0.6470531 0.5207253	1326274.8 0.14978495 0.6497206 0.5327252 0.6470469 0.52072245	0.9999999989253749
14607635_20000	977.0	54	52	1469469.2 0.58638656 0.48081374 0.5839952 0.46997854 0.3788259	1469481.2 0.58640283 0.48080912 0.58398974 0.46997607 0.37882212	0.9999999957959625
14607635_20000	977.0	55	53	1360898.4 0.5191725 0.6305857 0.5074729 0.40904817 0.43372086	1360896.8 0.5191724 0.6305857 0.50747496 0.40904793 0.43371916	0.9999999998924894
14607635_20000	977.0	56	54	1157713.2 0.74125695 0.5965372 0.48083842 0.50984126 0.17152606	1157711.6 0.74125713 0.59653974 0.4808382 0.5098394 0.17152545	0.9999999999737297
14607635_20000	977.0	57	55	1002058.4 0.68920034 0.55552953 0.58903754 0.1981701 0.46806255	1002057.6 0.6892029 0.55552894 0.589035 0.19816925 0.4680639	0.9999999999482566
