ID	BITRATE	START_IDX	CAPTURE_START_IDX	KEY	CAPTURE_KEY	CORRELATION
14607635_20000	977.0	15	15	799811.6 0.44289428 0.5779448 0.60869205 0.61409587 0.7752838 0.2492937 0.6644565 0.49508157 0.32394877 0.24830846	799810.8 0.44289473 0.5779454 0.60869646 0.6140977 0.7752871 0.24929145 0.6644534 0.49507958 0.3239491 0.24830496	0.9999999999260744
14607635_20000	977.0	16	16	803897.0 0.57500774 0.60559875 0.610975 0.7713438 0.2480268 0.6610797 0.4925656 0.3223025 0.24704657 0.4660535	803896.4 0.5750082 0.6056029 0.61097676 0.7713469 0.24802451 0.6610765 0.4925635 0.32230273 0.24704303 0.4660551	0.9999999999203899
14607635_20000	977.0	17	17	789267.0 0.6168242 0.6223002 0.7856416 0.25262427 0.6733336 0.5016959 0.32827675 0.25162587 0.47469234 0.49298528	789266.8 0.61682814 0.6223016 0.78564435 0.2526218 0.67332995 0.5016935 0.3282768 0.25162214 0.47469372 0.4929879	0.9999999999047716
14607635_20000	977.0	18	18	743564.4 0.6605494 0.8339305 0.26815164 0.71471953 0.5325322 0.34845403 0.26709187 0.50386894 0.5232862 0.34741578	743564.0 0.6605511 0.8339336 0.26814908 0.7147159 0.53252983 0.3484542 0.26708797 0.50387055 0.5232892 0.34741864	0.9999999999027255
14607635_20000	977.0	19	19	762187.6 0.8135543 0.26159963 0.69725615 0.5195204 0.33993992 0.26056576 0.49155745 0.5105003 0.33892706 0.766579	762187.6 0.8135569 0.261597 0.6972522 0.5195178 0.33993992 0.26056182 0.49155876 0.51050293 0.33892968 0.7665829	0.9999999999070545
14607635_20000	977.0	20	20	776606.2 0.25674275 0.6843108 0.5098749 0.33362857 0.25572807 0.48243114 0.5010223 0.33263448 0.7523466 0.8912806	776606.2 0.25674015 0.6843069 0.5098723 0.33362857 0.2557242 0.48243243 0.50102484 0.33263707 0.75235045 0.89128315	0.9999999999219430
14607635_20000	977.0	21	21	776619.4 0.6842992 0.50986624 0.3336229 0.2557237 0.48242295 0.50101376 0.33262885 0.7523338 0.89126545 0.25682336	776620.0 0.68429476 0.50986326 0.33362263 0.25571966 0.48242384 0.50101596 0.33263114 0.75233704 0.8912673 0.25682443	0.9999999999197081
14607635_20000	977.0	22	22	751567.6 0.5268614 0.34474343 0.2642477 0.4985034 0.5177139 0.34371623 0.7774111 0.92097366 0.26538396 0.540445	751568.4 0.52685827 0.34474307 0.26424342 0.49850422 0.51771605 0.34371856 0.7774143 0.92097545 0.26538503 0.5404419	0.9999999999336637
14607635_20000	977.0	23	23	743757.0 0.3483638 0.2670227 0.50373846 0.5231507 0.3473258 0.78557515 0.93064535 0.26817092 0.5461206 0.47988656	743758.0 0.3483633 0.26701832 0.5037391 0.5231527 0.34732804 0.78557813 0.9306468 0.2681719 0.5461171 0.4798846	0.9999999999438433
14607635_20000	977.0	24	24	791740.6 0.2508397 0.47320926 0.49144503 0.32627603 0.73796517 0.8742434 0.25191835 0.5130228 0.45080295 0.6302771	791741.4 0.2508357 0.47321007 0.4914471 0.32627827 0.73796827 0.8742451 0.2519194 0.5130198 0.45080125 0.63027525	0.9999999999341282
14607635_20000	977.0	25	25	887059.4 0.4223607 0.43863693 0.29121614 0.65866727 0.78030175 0.22484854 0.45789605 0.40236202 0.56255084 0.7611599	887061.0 0.42236105 0.4386384 0.29121786 0.6586695 0.7803026 0.22484925 0.45789298 0.40236014 0.5625487 0.7611596	0.9999999999543275
14607635_20000	977.0	51	49	1162740.4 0.68443483 0.3067942 0.17085414 0.74107426 0.60765153 0.7380521 0.593958 0.4787595 0.50763696 0.17078447	1162739.2 0.6844355 0.30676955 0.17085172 0.7411017 0.6076513 0.73805195 0.59396034 0.4787591 0.5076349 0.17078377	0.9999999988251121
14607635_20000	977.0	52	50	1097381.6 0.3250665 0.18103 0.7852118 0.6438426 0.7820096 0.6293335 0.50727385 0.53787124 0.18095618 0.42740464	1097380.6 0.32504037 0.18102744 0.78524077 0.6438422 0.7820094 0.6293359 0.5072734 0.537869 0.18095544 0.42740595	0.9999999987467438
