ID	BITRATE	START_IDX	CAPTURE_START_IDX	KEY	CAPTURE_KEY	CORRELATION
14607635_6500	966.0	12	13	903542.8 0.21972506 0.511595 0.5388112 0.54359126 0.6862774	903545.2 0.21972337 0.5115937 0.53881204 0.5435943 0.6862767	0.9999999999455725
14607635_5500	945.0	20	20	646970.4 0.6120404 0.40048048 0.30696616 0.5791007 0.6014124	646970.8 0.6120369 0.40048173 0.30696902 0.5791003 0.601412	0.9999999999656017
14607635_4800	990.0	17	21	591914.4 0.43773055 0.3355215 0.6329632 0.6573569 0.43642798	591913.2 0.4377331 0.33552217 0.6329661 0.65735316 0.43642548	0.9999999997745653
14607635_4800	990.0	18	22	721986.8 0.27507427 0.5189291 0.53892815 0.35780156 0.80926687	721985.6 0.27507472 0.5189314 0.5389249 0.35779938 0.80926955	0.9999999999331045
14607635_7050	923.0	22	23	919414.8 0.4074994 0.42319962 0.28096676 0.6354912 0.752843	919416.0 0.4074989 0.4231991 0.28096747 0.63549143 0.7528431	0.9999999999959048
14607635_20000	977.0	26	24	849331.2 0.45812166 0.30415225 0.687926 0.8149636 0.23483655	849333.6 0.45811915 0.3041514 0.68792874 0.81496364 0.23483704	0.9999999999736205
14607635_20000	977.0	27	25	856164.8 0.3017246 0.6824352 0.8084588 0.23296216 0.47441918	856167.2 0.30172378 0.68243796 0.8084589 0.23296268 0.47441667	0.9999999999723853
14607635_10000	976.0	30	33	1252416.4 0.47257766 0.50000304 0.75094914 0.15882976 0.61764044	1252415.6 0.47257793 0.50000334 0.7509488 0.15882906 0.6176408	0.9999999999980970
14607635_5500	945.0	35	34	1281244.4 0.4887522 0.73405355 0.15525688 0.60374355 0.5181939	1281243.2 0.4887534 0.73405266 0.15525545 0.60374403 0.5181943	0.9999999999885298
14607635_5500	945.0	36	35	1232235.6 0.7632485 0.16143179 0.62775576 0.53880364 0.4087603	1232232.8 0.7632487 0.16143054 0.6277572 0.5388049 0.40875882	0.9999999999900580
14607635_5500	945.0	37	36	1004600.0 0.19801114 0.770001 0.6608929 0.50138265 0.36971232	1004597.2 0.19800971 0.77000314 0.66089475 0.50138104 0.36971137	0.9999999999913272
14607635_4200	945.0	48	51	1360898.4 0.6305864 0.5191703 0.5074751 0.40904891 0.43371937	1360899.2 0.63058597 0.51917213 0.5074733 0.4090479 0.43372056	0.9999999998459426
14607635_7050	923.0	53	52	1205244.8 0.5862228 0.57301307 0.4618763 0.4897329 0.38915497	1205244.0 0.58622235 0.5730126 0.46187577 0.48973486 0.3891544	0.9999999999073298
14607635_7050	923.0	54	53	1002058.8 0.6892021 0.55553025 0.5890353 0.46806335 0.19816901	1002059.6 0.6892005 0.5555288 0.5890368 0.46806195 0.19817184	0.9999999999683263
14607635_7050	923.0	55	54	987159.2 0.56391513 0.59792584 0.47512802 0.20116006 0.66187096	987159.6 0.5639139 0.59792763 0.4751268 0.20116301 0.66186863	0.9999999999601256
14607635_7050	923.0	66	65	1511482.8 0.56365776 0.44959956 0.3523613 0.6015153 0.5328662	1511482.8 0.56365776 0.44959956 0.3523606 0.6015166 0.53286546	0.9999999999809578
14607635_7050	923.0	67	66	1319477.6 0.5150235 0.4036355 0.6890454 0.6104067 0.2818888	1319477.6 0.5150235 0.40363473 0.6890469 0.610406 0.2818888	0.9999999999870427
14607635_7050	923.0	68	67	1127039.2 0.47255498 0.8066977 0.71463174 0.33002046 0.17609502	1127038.8 0.4725543 0.8066999 0.71463114 0.3300206 0.1760942	0.9999999999931910
14607635_7050	923.0	69	68	1106785.2 0.8214602 0.72770935 0.33605978 0.17931753 0.43545303	1106786.4 0.82146114 0.72770774 0.33605942 0.17931645 0.4354553	0.9999999999827976
14607635_7050	923.0	70	69	982876.4 0.81944996 0.37842602 0.20192367 0.49034956 0.6098509	982877.2 0.81944823 0.37842572 0.20192248 0.4903522 0.60985136	0.9999999999734279
