ID	BITRATE	START_IDX	CAPTURE_START_IDX	KEY	CAPTURE_KEY	CORRELATION
14607635_20000	977.0	17	15	868461.4 0.8589179 0.7942334 1.145405 0.6776179 0.6119328	868461.2 0.85892266 0.79423237 1.1454041 0.6776192 0.6119306	0.9999999999398067
14607635_20000	977.0	18	16	795384.0 0.867205 1.2506412 0.7398753 0.99293673 0.4978375	795383.8 0.86720395 1.2506403 0.73987675 0.9929357 0.49783638	0.9999999999670877
14607635_20000	977.0	19	17	801907.6 1.2404671 0.7338563 0.98485905 1.2223964 0.32310206	801908.0 1.2404653 0.7338573 0.9848574 1.2223983 0.32310316	0.9999999999510467
14607635_20000	977.0	20	18	851538.0 0.69108486 0.92745835 1.1511512 1.1171222 0.23322506	851538.4 0.6910857 0.92745674 1.1511531 1.1171241 0.23322496	0.9999999999591958
14607635_20000	977.0	21	19	854438.8 0.9243096 1.147243 1.1133295 0.465866 0.43848547	854439.2 0.924308 1.1472449 1.1133314 0.4658611 0.4384841	0.9999999999353247
14607635_20000	977.0	22	20	803232.8 1.2203797 1.1843042 0.4955649 0.97212166 0.4844137	803233.2 1.2203816 1.1843061 0.4955597 0.9721187 0.48441598	0.9999999999432403
14607635_20000	977.0	23	21	860612.4 1.1053431 0.46252415 0.90730745 0.8668432 0.30016533	860613.4 1.1053442 0.46251896 0.90730405 0.86684453 0.30016616	0.9999999999466881
14607635_20000	977.0	24	22	930175.4 0.42793435 0.8394546 0.8020165 0.8141927 0.6281364	930176.2 0.42792967 0.83945173 0.8020179 0.8141952 0.6281391	0.9999999999495138
14607635_20000	977.0	25	23	926950.2 0.84237534 0.804807 0.81702554 1.3587257 0.7467219	926949.8 0.84237355 0.8048095 0.8170291 1.3587284 0.7467233	0.9999999999389229
14607635_20000	977.0	26	24	933064.4 0.79953325 0.81167173 1.3498222 0.95457184 0.21376231	933064.6 0.7995352 0.8116748 1.349824 0.9545716 0.21375798	0.9999999999508071
14607635_20000	977.0	27	25	963765.4 0.7858157 1.3068233 0.9241637 0.8210691 0.42145216	963765.2 0.785819 1.3068256 0.9241639 0.8210641 0.4214512	0.9999999999564571
14607635_15000	981.0	30	26	1065763.6 1.1817592 0.8357172 0.7424892 0.9686876 0.33489695	1065761.6 1.1817586 0.83571875 0.74248594 0.96868753 0.3348957	0.9999999999634126
14607635_5500	945.0	55	56	1205901.6 0.873757 1.11951 0.9408794 0.32984698 0.64491415	1205905.4 0.8737576 1.1195074 0.94088143 0.3298476 0.6449121	0.9999999999725954
