ID	BITRATE	START_IDX	CAPTURE_START_IDX	KEY	CAPTURE_KEY	CORRELATION
14607635_20000	977.0	17	15	789267.0 0.6168242 0.6223002 0.7856416 0.25262427 0.6733336 0.5016959 0.32827675 0.25162587 0.47469234 0.49298528	789267.0 0.616828 0.6222989 0.7856416 0.252623 0.6733311 0.5016946 0.328278 0.25162587 0.47469106 0.4929878	0.9999999999398067
14607635_20000	977.0	18	16	743564.4 0.6605494 0.8339305 0.26815164 0.71471953 0.5325322 0.34845403 0.26709187 0.50386894 0.5232862 0.34741578	743564.0 0.6605484 0.8339309 0.26815042 0.7147172 0.53253114 0.34845555 0.26709202 0.50386786 0.5232892 0.3474173	0.9999999999670877
14607635_20000	977.0	19	17	762187.6 0.8135543 0.26159963 0.69725615 0.5195204 0.33993992 0.26056576 0.49155745 0.5105003 0.33892706 0.766579	762188.0 0.81355387 0.2615982 0.69725317 0.5195188 0.33994105 0.26056564 0.4915559 0.51050264 0.3389282 0.76658255	0.9999999999510467
14607635_20000	977.0	20	18	776606.2 0.25674275 0.6843108 0.5098749 0.33362857 0.25572807 0.48243114 0.5010223 0.33263448 0.7523466 0.8912806	776606.8 0.25674126 0.6843077 0.5098732 0.33362958 0.25572786 0.48242944 0.5010244 0.3326355 0.75234985 0.8912811	0.9999999999591958
14607635_20000	977.0	21	19	776619.4 0.6842992 0.50986624 0.3336229 0.2557237 0.48242295 0.50101376 0.33262885 0.7523338 0.89126545 0.25682336	776619.4 0.6842966 0.5098649 0.33362418 0.2557237 0.48242164 0.5010163 0.33263013 0.75233763 0.8912667 0.2568182	0.9999999999353247
14607635_20000	977.0	22	20	751567.6 0.5268614 0.34474343 0.2642477 0.4985034 0.5177139 0.34371623 0.7774111 0.92097366 0.26538396 0.540445	751567.8 0.52686 0.34474468 0.26424763 0.49850193 0.5177164 0.3437175 0.77741486 0.9209748 0.2653786 0.5404436	0.9999999999432403
14607635_20000	977.0	23	21	743757.0 0.3483638 0.2670227 0.50373846 0.5231507 0.3473258 0.78557515 0.93064535 0.26817092 0.5461206 0.47988656	743757.4 0.34836495 0.26702255 0.50373685 0.5231531 0.34732696 0.7855788 0.93064624 0.2681654 0.546119 0.47988632	0.9999999999466881
14607635_20000	977.0	24	22	791740.6 0.2508397 0.47320926 0.49144503 0.32627603 0.73796517 0.8742434 0.25191835 0.5130228 0.45080295 0.6302771	791741.2 0.25083953 0.47320765 0.4914472 0.32627708 0.73796844 0.87424403 0.25191313 0.5130212 0.45080262 0.6302792	0.9999999999495138
14607635_20000	977.0	25	23	887059.4 0.4223607 0.43863693 0.29121614 0.65866727 0.78030175 0.22484854 0.45789605 0.40236202 0.56255084 0.7611599	887059.8 0.42235935 0.43863896 0.29121712 0.65867037 0.7803025 0.22484392 0.4578947 0.4023618 0.5625528 0.76115835	0.9999999999389229
14607635_20000	977.0	26	24	851828.2 0.45677873 0.30326068 0.68590945 0.8125747 0.23414816 0.47683442 0.41900352 0.5858177 0.79264104 0.23303173	851828.6 0.45678085 0.3032617 0.6859126 0.8125754 0.23414335 0.47683302 0.4190033 0.5858197 0.7926395 0.23303044	0.9999999999508071
14607635_20000	977.0	27	25	892381.6 0.2894793 0.65473896 0.775648 0.22350751 0.45516512 0.3999623 0.55919576 0.7566202 0.22244182 0.6632409	892381.4 0.2894805 0.6547425 0.7756493 0.2235031 0.45516413 0.3999624 0.55919814 0.75661933 0.22244076 0.66323996	0.9999999999564571
14607635_15000	981.0	30	26	965960.2 0.6048707 0.7165658 0.20648366 0.4204935 0.36949867 0.51660204 0.69898844 0.20549811 0.6127199 0.6482793	965958.0 0.60487103 0.7165684 0.20647895 0.42049447 0.36949742 0.51660424 0.69898796 0.20549755 0.61272126 0.6482787	0.9999999999634126
14607635_5500	945.0	55	56	1074326.6 0.5494111 0.60816604 0.43657672 0.18484044 0.7238981 0.6123603 0.4313567 0.6484527 0.61953413 0.18540357	1074329.8 0.54941046 0.60816616 0.43657824 0.18483989 0.72389597 0.6123613 0.43135825 0.6484499 0.6195351 0.1854049	0.9999999999725954
