ID	BITRATE	START_IDX	CAPTURE_START_IDX	KEY	CAPTURE_KEY	CORRELATION
14607635_20000	977.0	8	3	1113380.8 2.5008354	1113378.8 2.5008354	0.9999999999273387
14607635_20000	977.0	9	4	1008101.75 3.0176368	1008098.94 3.0176404	0.9999999999433437
14607635_20000	977.0	10	5	1057583.9 2.324108	1057581.1 2.3241036	0.9999999999437099
14607635_20000	977.0	11	6	996849.75 3.1214623	996846.25 3.1214693	0.9999999999383179
14607635_20000	977.0	12	7	1119634.8 2.2967033	1119632.1 2.2967	0.9999999999381105
14607635_20000	977.0	13	8	1045494.94 3.0332255	1045491.9 3.0332296	0.9999999999332297
14607635_20000	977.0	14	9	1158482.9 2.5199094	1158481.4 2.5199075	0.9999999999293603
14607635_20000	977.0	15	10	1202444.4 2.9746482	1202443.5 2.9746494	0.9999999999404870
14607635_20000	977.0	16	11	1248724.0 2.338544	1248723.8 2.3385413	0.9999999999500403
14607635_20000	977.0	17	12	1139292.8 3.1851323	1139291.9 3.1851356	0.9999999999495800
14607635_20000	977.0	18	13	1213171.5 2.3202555	1213170.8 2.3202546	0.9999999999504814
14607635_20000	977.0	19	14	1105118.5 3.2946467	1105117.4 3.2946472	0.9999999999445127
14607635_20000	977.0	20	15	1205425.2 2.4878366	1205424.2 2.4878361	0.9999999999507917
14607635_20000	977.0	21	16	1175789.8 2.738072	1175789.4 2.738072	0.9999999999472714
14607635_20000	977.0	22	17	1168972.1 2.9011617	1168972.4 2.9011593	0.9999999999605640
