ID	BITRATE	START_IDX	CAPTURE_START_IDX	KEY	CAPTURE_KEY	CORRELATION
14607635_20000	977.0	8	3	723174.8 1.0005506 0.91173947 1.0202429 0.9480032 0.32699424	723174.0 1.0005517 0.9117377 1.0202441 0.94800836 0.32699323	0.9999999999283413
14607635_20000	977.0	9	4	698795.0 0.94354856 1.0558375 0.98107743 1.0412711 0.41005874	698793.4 0.94354784 1.05584 0.981084 1.041272 0.41005683	0.9999999999307914
14607635_20000	977.0	10	5	792928.6 0.93049234 0.86460745 0.9176551 1.1433917 0.25037563	792927.0 0.93049425 0.864613 0.9176557 1.1433903 0.25037235	0.9999999999516749
14607635_20000	977.0	11	6	799295.8 0.85772 0.9103451 1.1342834 0.49783573 0.4431801	799294.2 0.8577255 0.9103457 1.134282 0.49783048 0.4431785	0.9999999999570215
14607635_20000	977.0	12	7	870755.6 0.8356363 1.0411968 0.4569801 1.0171304 0.5308573	870753.6 0.83563703 1.0411958 0.45697543 1.0171269 0.5308585	0.9999999999568820
14607635_20000	977.0	13	8	903519.6 1.0034403 0.4404088 0.98024654 0.94986206 0.53882504	903517.0 1.0034399 0.44040456 0.98024386 0.9498626 0.53882885	0.9999999999520672
14607635_20000	977.0	14	9	923813.8 0.43073398 0.95871264 0.9289956 0.8074538 0.53166664	923811.4 0.43072972 0.9587098 0.9289959 0.8074581 0.53166807	0.9999999999453830
14607635_20000	977.0	15	10	839689.2 1.0547616 1.0220674 0.88834894 0.82144797 0.7384649	839686.6 1.054759 1.0220683 0.88835406 0.82144696 0.73846596	0.9999999999453733
14607635_20000	977.0	16	11	910185.0 0.94290614 0.8195444 0.7578251 1.0928987 0.21906316	910182.8 0.9429062 0.81954855 0.7578236 1.0929013 0.2190615	0.9999999999359940
14607635_20000	977.0	17	12	868461.4 0.8589179 0.7942334 1.145405 0.6776179 0.6119328	868459.6 0.8589219 0.79423153 1.1454073 0.67761815 0.61193055	0.9999999999268325
14607635_20000	977.0	18	13	795384.0 0.867205 1.2506412 0.7398753 0.99293673 0.4978375	795382.2 0.86720324 1.2506441 0.73987573 0.99293524 0.49783614	0.9999999999444558
14607635_20000	977.0	19	14	801907.6 1.2404671 0.7338563 0.98485905 1.2223964 0.32310206	801905.8 1.2404698 0.73385674 0.98485756 1.2224004 0.32310277	0.9999999999277538
14607635_20000	977.0	20	15	851538.0 0.69108486 0.92745835 1.1511512 1.1171222 0.23322506	851537.6 0.69108397 0.9274552 1.1511528 1.117125 0.23322164	0.9999999999434434
14607635_20000	977.0	21	16	854438.8 0.9243096 1.147243 1.1133295 0.465866 0.43848547	854438.6 0.9243063 1.1472445 1.1133322 0.46586144 0.43848673	0.9999999999437484
14607635_20000	977.0	22	17	803232.8 1.2203797 1.1843042 0.4955649 0.97212166 0.4844137	803233.0 1.2203807 1.1843064 0.4955598 0.97212267 0.48441485	0.9999999999725150
14607635_20000	977.0	23	18	860612.4 1.1053431 0.46252415 0.90730745 0.8668432 0.30016533	860613.8 1.1053436 0.46251872 0.9073071 0.8668441 0.30016482	0.9999999999834219
14607635_20000	977.0	24	19	930175.4 0.42793435 0.8394546 0.8020165 0.8141927 0.6281364	930176.2 0.42792967 0.83945495 0.8020179 0.81418985 0.6281391	0.9999999999622264
14607635_20000	977.0	25	20	926950.2 0.84237534 0.804807 0.81702554 1.3587257 0.7467219	926951.0 0.8423757 0.80480844 0.8170227 1.3587277 0.7467234	0.9999999999685639
14607635_20000	977.0	26	21	933064.4 0.79953325 0.81167173 1.3498222 0.95457184 0.21376231	933065.4 0.79953456 0.81166875 1.349824 0.95457405 0.21376102	0.9999999999724157
14607635_20000	977.0	27	22	963765.4 0.7858157 1.3068233 0.9241637 0.8210691 0.42145216	963766.2 0.785813 1.3068253 0.9241661 0.8210664 0.4214518	0.9999999999704241
14607635_15000	981.0	30	23	1065763.6 1.1817592 0.8357172 0.7424892 0.9686876 0.33489695	1065762.4 1.1817588 0.835721 0.7424882 0.96869063 0.33489642	0.9999999999655902
