ID	BITRATE	START_IDX	CAPTURE_START_IDX	KEY	CAPTURE_KEY	CORRELATION
14607635_20000	977.0	8	3	616372.8 0.85182697 0.49501696 0.44707844 0.32242337 0.38365418	616374.0 0.85183024 0.495016 0.44707757 0.32242438 0.38365182	0.9999999999736148
14607635_20000	977.0	9	4	520974.4 0.5856622 0.5289454 0.38146403 0.45390713 0.5500213	520973.6 0.5856631 0.5289462 0.38146654 0.4539059 0.55001825	0.9999999997192662
14607635_20000	977.0	10	5	478340.4 0.57608974 0.41546354 0.49436343 0.5990441 0.41503915	478338.4 0.5760921 0.41546738 0.4943634 0.5990424 0.41503462	0.9999999992726774
14607635_20000	977.0	11	6	509806.4 0.38982052 0.4638506 0.56207025 0.38942233 0.6948363	509803.6 0.38982463 0.46385118 0.5620694 0.3894186 0.6948362	0.9999999997654472
14607635_20000	977.0	12	7	615212.0 0.38437808 0.46576953 0.32270178 0.5757885 0.75136214	615208.8 0.38437843 0.4657687 0.32269856 0.57578826 0.751366	0.9999999999720892
14607635_20000	977.0	13	8	715358.0 0.40056446 0.27752537 0.49518144 0.64617574 0.68055296	715356.0 0.4005628 0.27752197 0.49518 0.6461776 0.68055767	0.9999999999784351
14607635_20000	977.0	14	9	797203.6 0.24903299 0.44434318 0.57983553 0.6106834 0.61610484	797202.4 0.24902962 0.44434136 0.5798364 0.61068684 0.6161058	0.9999999999743799
14607635_20000	977.0	15	10	965824.0 0.3667666 0.47860375 0.50406593 0.50854087 0.6420228	965823.6 0.3667647 0.47860396 0.5040682 0.5085411 0.642022	0.9999999998837510
14607635_6500	966.0	13	11	903885.2 0.51140124 0.5386071 0.5433854 0.68601745 0.22058886	903886.0 0.5113997 0.53860885 0.5433882 0.6860157 0.22058755	0.9999999999237268
14607635_6500	966.0	14	12	931561.6 0.52260524 0.5272415 0.66563606 0.21403523 0.57048184	931562.0 0.5226072 0.52724457 0.6656347 0.21403407 0.57047945	0.9999999999066507
14607635_6500	966.0	15	13	895214.8 0.5486482 0.6926617 0.22272532 0.5936441 0.44232064	895213.6 0.5486523 0.69266146 0.2227245 0.59364265 0.442319	0.9999999999174168
14607635_6500	966.0	16	14	802390.4 0.77279216 0.24849127 0.6623198 0.49349046 0.3229064	802388.4 0.7727929 0.24849063 0.66231894 0.4934892 0.32290846	0.9999999999814453
14607635_20000	977.0	20	15	633799.2 0.31459177 0.838499 0.6247594 0.4088014 0.31334847	633795.2 0.31459057 0.8384996 0.6247602 0.408804 0.3133457	0.9999999999672634
14607635_5500	945.0	19	16	703908.0 0.75498503 0.56253374 0.36808646 0.2821363 0.53225845	703904.8 0.7549842 0.56253344 0.3680867 0.28213617 0.53225946	0.9999999999942434
14607635_5500	945.0	20	17	646970.4 0.6120404 0.40048048 0.30696616 0.5791007 0.6014124	646969.2 0.61203843 0.40047967 0.30696517 0.57910025 0.6014166	0.9999999998634803
14607635_4800	990.0	17	18	591914.4 0.43773055 0.3355215 0.6329632 0.6573569 0.43642798	591911.6 0.43773088 0.335518 0.6329661 0.6573583 0.43642664	0.9999999999698993
14607635_4800	990.0	18	19	721986.8 0.27507427 0.5189291 0.53892815 0.35780156 0.80926687	721984.4 0.27507105 0.5189309 0.53892857 0.35779998 0.8092696	0.9999999999899191
14607635_7050	923.0	22	20	919414.8 0.4074994 0.42319962 0.28096676 0.6354912 0.752843	919416.0 0.4074978 0.42320126 0.28096747 0.63549036 0.7528431	0.9999999999787675
14607635_20000	977.0	26	21	849331.2 0.45812166 0.30415225 0.687926 0.8149636 0.23483655	849333.2 0.45812175 0.30415154 0.6879279 0.81496406 0.23483482	0.9999999999948990
14607635_20000	977.0	27	22	856164.8 0.3017246 0.6824352 0.8084588 0.23296216 0.47441918	856166.4 0.30172408 0.6824375 0.8084597 0.23296057 0.4744183	0.9999999999935858
14607635_20000	977.0	28	23	895602.0 0.65238464 0.7728589 0.22270383 0.45352846 0.39852414	895604.0 0.65238655 0.77285945 0.22270222 0.45352745 0.39852434	0.9999999999914294
14607635_20000	977.0	29	24	861497.6 0.80345434 0.23152009 0.47148243 0.41430062 0.57924247	861497.6 0.80345666 0.23151892 0.47148243 0.41430178 0.57924014	0.9999999999706946
14607635_20000	977.0	30	25	854705.6 0.23335987 0.4752291 0.4175929 0.58384544 0.78997254	854704.8 0.23335893 0.47522956 0.41759446 0.58384365 0.7899733	0.9999999999790233
14607635_20000	977.0	31	26	854325.2 0.47544074 0.41777885 0.58410543 0.79032433 0.23235063	854325.2 0.47544074 0.41778004 0.5841031 0.79032433 0.23235181	0.9999999999822082
14607635_4200	945.0	27	27	928598.0 0.38436332 0.5373886 0.7271101 0.21376419 0.63737375	928598.0 0.3843644 0.53738433 0.7271112 0.21376742 0.6373727	0.9999999999250627
14607635_4200	945.0	28	28	1036314.8 0.4815313 0.6515327 0.19154507 0.5711237 0.6042672	1036315.2 0.48152724 0.6515334 0.1915479 0.5711226 0.60426885	0.9999999999014474
14607635_4200	945.0	29	29	1212908.0 0.5566729 0.1636571 0.48797107 0.51628894 0.77541	1212910.8 0.55667245 0.1636592 0.48796913 0.5162894 0.7754099	0.9999999999849323
14607635_7050	923.0	44	40	993818.8 0.6713799 0.5677906 0.3589125 0.7020223 0.19989459	993817.2 0.671381 0.56779355 0.35891107 0.7020225 0.1998919	0.9999999999779198
14607635_7050	923.0	45	41	1045254.8 0.5398502 0.34125075 0.6674765 0.19005796 0.7613646	1045253.2 0.5398529 0.34124938 0.66747653 0.19005539 0.7613658	0.9999999999819075
14607635_10000	976.0	41	42	1164222.4 0.3063779 0.59929276 0.17063406 0.6835636 0.7401318	1164222.4 0.3063779 0.5992687 0.17063406 0.6835636 0.7401559	0.9999999977539552
14607635_7050	923.0	53	48	1205244.8 0.5862228 0.57301307 0.4618763 0.4897329 0.38915497	1205243.6 0.5862209 0.57301444 0.46187508 0.48973334 0.38915616	0.9999999998528377
14607635_7050	923.0	54	49	1002058.8 0.6892021 0.55553025 0.5890353 0.46806335 0.19816901	1002060.0 0.68920225 0.5555276 0.5890346 0.4680638 0.19817176	0.9999999999717376
14607635_7050	923.0	55	50	987159.2 0.56391513 0.59792584 0.47512802 0.20116006 0.66187096	987159.6 0.56391287 0.5979256 0.47512883 0.20116301 0.66186965	0.9999999999861645
14607635_7050	923.0	56	51	1075583.2 0.5487702 0.43606758 0.18462262 0.60745835 0.7230812	1075571.6 0.5487761 0.43607324 0.18462741 0.60746396 0.72305924	0.9999999988131307
14607635_7050	923.0	57	52	1102635.2 0.42536914 0.1800931 0.592555 0.70534116 0.59664154	1102623.2 0.42537466 0.18009777 0.5925605 0.70531976 0.59664714	0.9999999987896819
14607635_7050	923.0	69	65	1106785.2 0.8214602 0.72770935 0.33605978 0.17931753 0.43545303	1106787.2 0.8214605 0.72770804 0.33606008 0.17931631 0.43545496	0.9999999999876737
14607635_6500	966.0	65	66	904936.8 0.8900268 0.41101876 0.21931587 0.53258413 0.44705442	904937.2 0.8900264 0.41101968 0.21931356 0.532585 0.44705534	0.9999999999850103
14607635_6500	966.0	66	67	822532.8 0.45219594 0.24128763 0.5859401 0.49184176 0.72873443	822533.6 0.45219672 0.24128497 0.5859408 0.4918425 0.72873497	0.9999999999855050
14607635_6500	966.0	67	68	753451.2 0.26341057 0.6396632 0.53693724 0.79554987 0.26443917	753451.6 0.26340777 0.6396642 0.53693825 0.79555076 0.26443902	0.9999999999890463
