ID	BITRATE	START_IDX	CAPTURE_START_IDX	KEY	CAPTURE_KEY	CORRELATION
80093138_2000	486.0	53	2	371985.0 0.5251744 0.4748256	371985.0 0.5272659 0.47273412	1.0000000000000000
80081155_7050	2130.0	9	4	455836.0 0.43178028 0.5682197	455846.0 0.43063885 0.56936115	1.0000000000000000
328438_5500	1088.0	9	6	448910.0 0.4209619 0.57903814	448909.0 0.4209606 0.5790394	1.0000000000000000
328438_4200	1011.0	7	7	456084.0 0.5699301 0.4300699	456087.0 0.5699264 0.43007365	1.0000000000000000
70295915_7050	515.0	61	8	414248.0 0.4803089 0.5196911	414244.0 0.4735156 0.5264844	1.0000000000000000
328438_4200	1011.0	9	9	380177.0 0.5736565 0.42634353	380177.0 0.57366174 0.42633826	1.0000000000000000
328438_4200	1011.0	10	10	305677.0 0.5302525 0.46974748	305674.0 0.5302512 0.46974882	1.0000000000000000
70130445_10000	697.0	54	11	339580.0 0.42188293 0.5781171	339562.0 0.42286828 0.5771317	1.0000000000000000
80198592_2000	620.0	43	12	400665.0 0.49504697 0.504953	400667.0 0.4891144 0.5108856	1.0000000000000000
896970_2000	677.0	3	19	591235.0 0.33615568 0.66384435	591217.0 0.33183417 0.66816586	1.0000000000000000
80023001_5500	1566.0	71	20	658232.0 0.5924917 0.40750828	658247.0 0.6001258 0.3998742	1.0000000000000000
328438_4800	1012.0	25	23	743072.0 0.37484926 0.62515074	743073.0 0.37485147 0.62514853	1.0000000000000000
328438_4800	1012.0	26	24	1000294.0 0.46439546 0.53560454	1000291.0 0.46439585 0.5356041	1.0000000000000000
80031715_3500	969.0	75	25	1116113.0 0.4775341 0.52246594	1116131.0 0.48001534 0.51998466	1.0000000000000000
328438_6500	1154.0	35	30	1722416.0 0.53669846 0.46330154	1722416.0 0.53669846 0.46330154	1.0000000000000000
328438_7050	1081.0	39	33	1206266.0 0.5022134 0.49778655	1206267.0 0.50221384 0.49778613	1.0000000000000000
328438_7050	1081.0	43	37	1134148.0 0.53104883 0.46895114	1134149.0 0.5310484 0.4689516	1.0000000000000000
328438_7050	1081.0	44	38	1188335.0 0.4475674 0.5524326	1188334.0 0.44756863 0.5524314	1.0000000000000000
328438_7050	1081.0	45	39	1280369.0 0.51272327 0.4872767	1280364.0 0.51272374 0.4872763	1.0000000000000000
328438_7050	1081.0	46	40	820328.0 0.76054215 0.23945788	820326.0 0.7605403 0.23945968	1.0000000000000000
81076251_4800	1117.0	4	46	995203.0 0.19961555 0.80038446	995194.0 0.19721481 0.80278516	1.0000000000000000
328438_20000	1166.0	56	47	1636019.0 0.48833725 0.5116628	1636015.0 0.48833722 0.5116628	1.0000000000000000
328438_7050	1081.0	57	53	1325603.0 0.47884473 0.5211553	1325600.0 0.47884506 0.52115494	1.0000000000000000
328438_7050	1081.0	59	56	1471408.0 0.42088938 0.5791106	1471408.0 0.42089006 0.57910997	1.0000000000000000
328438_7050	1081.0	60	57	1483558.0 0.5743678 0.42563215	1483558.0 0.57436717 0.42563283	1.0000000000000000
328438_7050	1081.0	61	58	1254859.0 0.5032039 0.49679604	1254859.0 0.50320476 0.49679527	1.0000000000000000
328438_4800	1012.0	60	59	1330546.0 0.46853548 0.5314645	1330545.0 0.4685358 0.53146416	1.0000000000000000
328438_7050	1081.0	64	60	1579755.0 0.4476251 0.5523749	1579755.0 0.44762447 0.55237556	0.9999999999999999
328438_7050	1081.0	69	65	1086690.0 0.505952 0.49404797	1086691.0 0.5059516 0.49404845	1.0000000000000000
328438_3500	1057.0	64	66	1477480.0 0.3633741 0.6366259	1477480.0 0.3633741 0.6366259	1.0000000000000000
328438_4200	1011.0	72	72	1229462.0 0.4210557 0.57894427	1229463.0 0.42105457 0.57894546	1.0000000000000000
328438_4200	1011.0	73	73	907868.0 0.78402364 0.21597633	907871.0 0.7840233 0.21597672	1.0000000000000000
80216541_6500	2398.0	4	74	367481.0 0.5408851 0.45911488	367501.0 0.53354686 0.46645316	1.0000000000000000
328438_4800	1012.0	80	79	1981022.0 0.5084891 0.49151096	1981024.0 0.50848955 0.49151045	1.0000000000000000
328438_4800	1012.0	81	80	1892693.0 0.514449 0.485551	1892694.0 0.5144487 0.4855513	1.0000000000000000
