ID	BITRATE	START_IDX	CAPTURE_START_IDX	KEY	CAPTURE_KEY	CORRELATION
328438_7050	1081.0	10	12	1020539.3 0.4443278 0.57811785 0.47755435	1020540.0 0.44432652 0.57811844 0.477555	0.9999999999312812
328438_6500	1154.0	11	13	958967.3 0.6152368 0.5082186 0.37654462	958968.0 0.6152374 0.50821716 0.3765454	0.9999999999494640
328438_6500	1154.0	12	14	789105.3 0.6176172 0.45759925 0.42478362	789106.7 0.61761487 0.45759973 0.4247854	0.9999999999947385
328438_7050	1081.0	14	15	594845.3 0.6070385 0.5635095 0.32945204	594845.3 0.60704017 0.5635095 0.32945037	0.9999999999913955
328438_7050	1081.0	15	16	620682.7 0.5400521 0.3157378 0.64421	620682.0 0.5400527 0.31573656 0.6442107	0.9999999999985222
328438_7050	1081.0	44	50	1208152.6 0.44022584 0.5433709 0.5164033	1208152.0 0.44022608 0.5433712 0.5164027	0.9999999999629107
328438_3500	1057.0	43	52	1299051.4 0.48026893 0.47555548 0.54417557	1299052.6 0.48026767 0.47555578 0.5441766	0.9999999997695012
328438_6500	1154.0	46	53	1391576.6 0.44393745 0.507995 0.54806757	1391576.0 0.44393694 0.50799525 0.5480678	0.9999999999954601
328438_6500	1154.0	47	54	1512346.6 0.46742857 0.5043011 0.5282704	1512347.4 0.46742833 0.50430083 0.52827084	0.9999999999719285
328438_7050	1081.0	67	71	1585788.0 0.61571914 0.5375681 0.3467128	1585790.0 0.61571896 0.5375686 0.34671235	0.9999999999945546
328438_7050	1081.0	68	72	1292772.6 0.6594114 0.42529753 0.41529113	1292774.0 0.65941226 0.42529708 0.41529068	0.9999999999999726
328438_20000	1166.0	74	74	811404.0 0.6616667 0.24165274 0.5966806	811403.3 0.6616648 0.24165417 0.59668106	0.9999999999899198
328438_20000	1166.0	75	75	798596.7 0.24552819 0.6062497 0.6482221	798600.0 0.24552843 0.6062472 0.6482244	0.9999999999400240
