ID	BITRATE	START_IDX	CAPTURE_START_IDX	KEY	CAPTURE_KEY	CORRELATION
328438_7050	1081.0	44	8	1188335.0 0.4475674 0.5524326	1188337.0 0.44756663 0.5524334	1.0000000000000000
328438_10000	1152.0	11	12	971431.0 0.20187126 0.7981287	971434.0 0.20187475 0.79812527	1.0000000000000000
328438_20000	1166.0	16	13	1675760.0 0.46267188 0.5373281	1675760.0 0.46267128 0.5373287	1.0000000000000000
328438_20000	1166.0	17	14	1692814.0 0.5319149 0.46808508	1692812.0 0.53191614 0.4680839	1.0000000000000000
328438_20000	1166.0	18	15	988532.0 0.80157346 0.19842656	988527.0 0.80157447 0.19842553	1.0000000000000000
60020801_7050	1088.0	36	18	742731.0 0.7361629 0.2638371	742713.0 0.736139 0.263861	1.0000000000000000
80198592_6500	1634.0	47	20	1401773.0 0.5873833 0.41261673	1401795.0 0.59060776 0.40939224	1.0000000000000000
328438_7050	1081.0	18	21	1342037.0 0.42762235 0.5723777	1342034.0 0.42762256 0.57237744	1.0000000000000000
328438_7050	1081.0	19	22	1586099.0 0.48430267 0.5156973	1586100.0 0.48430112 0.5156989	1.0000000000000000
328438_7050	1081.0	20	23	1556433.0 0.52552664 0.47447336	1556434.0 0.52552825 0.47447178	1.0000000000000000
70220028_1200	609.0	35	24	935301.0 0.7946116 0.20538843	935283.0 0.78958344 0.21041653	1.0000000000000000
328438_7050	1081.0	22	25	902205.0 0.21813335 0.78186667	902202.0 0.21813186 0.78186816	1.0000000000000000
328438_7050	1081.0	23	26	1408097.0 0.5009627 0.49903736	1408093.0 0.50096333 0.49903664	1.0000000000000000
328438_7050	1081.0	24	27	1341561.0 0.52378756 0.4762124	1341559.0 0.5237861 0.47621387	1.0000000000000000
328438_7050	1081.0	25	28	835053.0 0.7650628 0.23493719	835055.0 0.76506215 0.23493782	1.0000000000000000
80122759_7050	2219.0	55	29	755165.0 0.26321134 0.73678863	755180.0 0.25978708 0.7402129	1.0000000000000000
328438_7050	1081.0	27	30	1146643.0 0.48750395 0.51249605	1146643.0 0.48750484 0.51249516	1.0000000000000000
328438_7050	1081.0	28	31	1319296.0 0.44542694 0.55457306	1319293.0 0.4454272 0.55457276	1.0000000000000000
328438_7050	1081.0	29	32	1540318.0 0.47499672 0.52500325	1540319.0 0.4749951 0.52500486	1.0000000000000000
328438_7050	1081.0	30	33	1613743.0 0.50111574 0.49888426	1613743.0 0.5011176 0.4988824	1.0000000000000000
328438_7050	1081.0	31	34	1001568.0 0.8038106 0.19618937	1001566.0 0.8038092 0.19619076	1.0000000000000000
328438_7050	1081.0	32	35	997586.0 0.19697249 0.8030275	997588.0 0.1969731 0.8030269	1.0000000000000000
328438_7050	1081.0	33	36	1552459.0 0.51601297 0.483987	1552460.0 0.5160133 0.4839867	1.0000000000000000
328438_7050	1081.0	34	37	1610886.0 0.46643275 0.53356725	1610885.0 0.46643305 0.53356695	1.0000000000000000
328438_7050	1081.0	35	38	1783933.0 0.4818096 0.51819044	1783932.0 0.4818093 0.51819074	1.0000000000000000
328438_7050	1081.0	36	39	1120560.0 0.8249598 0.17504016	1120560.0 0.8249598 0.17504016	1.0000000000000000
80134721_15000	3219.0	9	40	994156.0 0.1997604 0.8002396	994141.0 0.19729897 0.802701	1.0000000000000000
328438_7050	1081.0	38	41	1403802.0 0.5684555 0.43154448	1403802.0 0.5684548 0.4315452	1.0000000000000000
328438_20000	1166.0	44	42	801829.0 0.7555252 0.24447481	801828.0 0.7555286 0.24447139	1.0000000000000000
328438_7050	1081.0	41	43	889449.0 0.22039263 0.77960736	889449.0 0.22038813 0.7796119	1.0000000000000000
14607635_4800	990.0	48	44	889847.0 0.77611095 0.22388905	889861.0 0.7792509 0.22074908	1.0000000000000000
70297757_6500	770.0	7	45	798717.0 0.23867403 0.76132596	798724.0 0.24593727 0.7540627	1.0000000000000000
328438_7050	1081.0	43	46	1134148.0 0.53104883 0.46895114	1134148.0 0.53104883 0.46895114	1.0000000000000000
328438_7050	1081.0	44	47	1188335.0 0.4475674 0.5524326	1188337.0 0.44756663 0.5524334	1.0000000000000000
328438_10000	1152.0	45	48	1274246.0 0.515187 0.48481297	1274249.0 0.5151874 0.48481262	1.0000000000000000
80052541_20000	2546.0	25	50	820163.0 0.76105845 0.23894152	820160.0 0.7606979 0.23930208	1.0000000000000000
328438_15000	1189.0	48	51	903176.0 0.21730538 0.78269464	903179.0 0.21730576 0.7826942	1.0000000000000000
328438_6500	1154.0	47	52	1469592.0 0.4810274 0.51897264	1469590.0 0.48102736 0.51897264	1.0000000000000000
328438_6500	1154.0	48	53	1561606.0 0.48839337 0.51160663	1561605.0 0.48839304 0.511607	1.0000000000000000
328438_7050	1081.0	52	55	1033066.0 0.1897023 0.81029767	1033064.0 0.18970267 0.8102973	0.9999999999999999
328438_6500	1154.0	51	56	1386771.0 0.6036245 0.39637548	1386770.0 0.603625 0.39637503	1.0000000000000000
328438_5500	1088.0	51	57	1079623.0 0.5091425 0.49085745	1079623.0 0.5091416 0.49085838	1.0000000000000000
328438_7050	1081.0	56	59	831483.0 0.23659533 0.76340467	831483.0 0.23659654 0.7634035	1.0000000000000000
328438_7050	1081.0	57	60	1325603.0 0.47884473 0.5211553	1325602.0 0.4788443 0.52115566	1.0000000000000000
328438_7050	1081.0	58	61	1310145.0 0.52730423 0.47269577	1310146.0 0.5273038 0.4726962	1.0000000000000000
328438_7050	1081.0	59	62	1471408.0 0.42088938 0.5791106	1471406.0 0.42089063 0.5791094	1.0000000000000000
328438_7050	1081.0	60	63	1483558.0 0.5743678 0.42563215	1483553.0 0.57436776 0.42563224	1.0000000000000000
328438_7050	1081.0	61	64	1254859.0 0.5032039 0.49679604	1254857.0 0.50320315 0.49679685	1.0000000000000000
60033314_10000	452.0	4	65	819762.0 0.7607427 0.23925725	819739.0 0.7604969 0.23950306	1.0000000000000000
328438_7050	1081.0	63	66	903469.0 0.21730796 0.7826921	903469.0 0.21730685 0.78269315	1.0000000000000000
328438_7050	1081.0	64	67	1579755.0 0.4476251 0.5523749	1579756.0 0.44762546 0.55237454	1.0000000000000000
328438_7050	1081.0	65	68	1068834.0 0.8164196 0.18358043	1068833.0 0.8164203 0.18357967	1.0000000000000000
328438_7050	1081.0	66	69	1172617.0 0.16733256 0.83266747	1172615.0 0.167332 0.832668	1.0000000000000000
328438_7050	1081.0	67	70	1828869.0 0.53388184 0.46611813	1828870.0 0.533881 0.46611896	1.0000000000000000
328438_7050	1081.0	68	71	1402282.0 0.6079155 0.39208448	1402283.0 0.60791653 0.3920835	1.0000000000000000
328438_7050	1081.0	69	72	1086690.0 0.505952 0.49404797	1086688.0 0.505952 0.49404797	1.0000000000000000
328438_7050	1081.0	74	77	1001820.0 0.48327044 0.51672953	1001820.0 0.48326945 0.51673055	1.0000000000000000
328438_7050	1081.0	75	78	713748.0 0.725284 0.27471602	713750.0 0.7252834 0.27471665	1.0000000000000000
80168188_20000	4621.0	14	79	392306.0 0.49996942 0.5000306	392290.0 0.49983177 0.50016826	1.0000000000000000
328438_7050	1081.0	77	80	1352497.0 0.14507093 0.8549291	1352500.0 0.14507283 0.8549272	1.0000000000000000
328438_7050	1081.0	78	81	2256487.0 0.5124288 0.48757118	2256487.0 0.5124288 0.48757118	1.0000000000000000
328438_10000	1152.0	76	82	2073893.0 0.5304994 0.4695006	2073893.0 0.5304989 0.46950108	1.0000000000000000
