ID	BITRATE	START_IDX	CAPTURE_START_IDX	KEY	CAPTURE_KEY	CORRELATION
328438_5500	1088.0	18	19	1302707.2 1.0569857 0.7174835 0.6021668 1.1031227 0.5394082	1302707.8 1.0569861 0.71748173 0.6021681 1.1031262 0.5394088	0.9999999999609691
328438_5500	1088.0	19	20	1284876.8 0.7274402 0.61052316 1.118431 1.1762724 0.497222	1284877.6 0.72743815 0.6105243 1.1184342 1.1762723 0.49722013	0.9999999999601759
328438_5500	1088.0	21	22	1424782.8 1.0086071 1.0607687 1.0106488 0.9573839 0.13769537	1424782.4 1.0086108 1.0607697 1.0134425 0.9545879 0.13769402	0.9999475860849278
328438_5500	1088.0	22	23	1351800.8 1.1180383 1.0652125 1.0090718 0.2904888 0.4347157	1351801.4 1.1180385 1.0681562 1.0061241 0.29048795 0.43471476	0.9999671588100644
328438_5500	1088.0	23	24	1376942.2 1.0457628 0.9906472 0.2851848 0.97245693 0.5313542	1376942.4 1.0486531 0.98775375 0.28518406 0.97245824 0.53135705	0.9999679460403236
328438_5500	1088.0	26	27	1371713.0 0.9761641 1.1599803 1.2634516 0.7269961 0.58690923	1371713.6 0.9761651 1.1599827 1.2634503 0.72989726 0.5840046	0.9999744580233152
328438_3500	1057.0	25	28	1524758.6 1.043552 1.136633 0.6566384 1.0487463 0.12887089	1524758.0 1.0435518 1.1366341 0.65663534 1.0487461 0.1288716	0.9999999999805701
328438_3500	1057.0	26	29	1521219.6 1.1392773 0.658166 1.0511862 0.5274064 0.49392605	1521218.4 1.1392789 0.65816325 1.0511863 0.5274082 0.49392712	0.9999999999806940
328438_3500	1057.0	27	30	1492556.8 0.67080534 1.071373 0.53753465 0.905715 0.57586956	1492555.8 0.6708024 1.0713731 0.5375364 0.9057149 0.5758686	0.9999999999785300
