ID	BITRATE	START_IDX	CAPTURE_START_IDX	KEY	CAPTURE_KEY	CORRELATION
328438_7050	1081.0	18	21	1861463.4 1.3363202	1861461.8 1.3363203	0.9999999999634887
328438_7050	1081.0	19	22	1682491.0 2.026699	1682489.6 2.026699	0.9999999999634671
328438_7050	1081.0	20	23	1849614.0 1.3523233	1849612.4 1.3523233	0.9999999999624843
328438_7050	1081.0	21	24	1671479.8 2.01821	1671478.4 2.0182097	0.9999999999621112
328438_7050	1081.0	22	25	1874393.0 1.3294976	1874391.0 1.3294979	0.9999999999600430
328438_7050	1081.0	23	26	1684675.2 2.041926	1684674.8 2.041924	0.9999999999655392
328438_7050	1081.0	24	27	1912606.2 1.3027757	1912605.6 1.3027767	0.9999999999646588
328438_7050	1081.0	25	28	1723283.0 2.0517042	1723284.2 2.0517015	0.9999999999736398
328438_7050	1081.0	26	29	2010600.8 1.2634901	2010600.0 1.2634925	0.9999999999768167
328438_7050	1081.0	27	30	2058705.4 1.8246006	2058705.8 1.8245983	0.9999999999675384
328438_7050	1081.0	28	31	2011107.2 1.6252768	2011105.8 1.6252795	0.9999999999798121
328438_7050	1081.0	29	32	2070275.0 1.6391373	2070275.2 1.6391346	0.9999999999803044
328438_7050	1081.0	30	33	2002839.8 1.7370112	2002839.6 1.7370127	0.9999999999825004
328438_7050	1081.0	56	59	1795827.4 1.7096437	1795826.0 1.7096444	0.9999999999842241
328438_7050	1081.0	57	60	1818778.0 1.6244181	1818776.2 1.624418	0.9999999999852240
328438_7050	1081.0	58	61	1932382.6 1.5885658	1932380.8 1.5885658	0.9999999999882723
328438_7050	1081.0	59	62	1951756.0 1.6887859	1951755.0 1.6887852	0.9999999999846645
328438_7050	1081.0	60	63	1936912.6 1.6682947	1936910.4 1.6682961	0.9999999999864833
328438_7050	1081.0	61	64	1811766.2 1.7809201	1811765.6 1.780918	0.9999999999917557
