ID	BITRATE	START_IDX	CAPTURE_START_IDX	KEY	CAPTURE_KEY	CORRELATION
81056132_7050	504.0	10	0	305298.0 0.64963084 0.35036916	305317.0 0.6435508 0.3564492	1.0000000000000000
80023001_15000	2929.0	15	1	217138.0 0.50767255 0.49232745	217161.0 0.50114894 0.4988511	1.0000000000000000
80038359_4800	957.0	66	2	304314.0 0.34701 0.65299	304295.0 0.3560065 0.6439935	1.0000000000000000
80169469_6500	1578.0	5	3	317054.0 0.6238969 0.37610313	317077.0 0.6180329 0.38196716	1.0000000000000000
80091741_1200	404.0	25	5	349472.0 0.5616816 0.43831837	349456.0 0.571348 0.42865196	1.0000000000000000
328438_6500	1154.0	9	9	649606.0 0.69804466 0.30195534	649603.0 0.6980463 0.30195364	1.0000000000000000
328438_6500	1154.0	10	10	786144.0 0.24951154 0.75048846	786142.0 0.24950963 0.75049037	1.0000000000000000
80232502_6500	1632.0	57	11	1077353.0 0.54292417 0.4570758	1077357.0 0.54762906 0.45237094	0.9999999999999999
328438_6500	1154.0	12	12	848459.0 0.574412 0.42558804	848461.0 0.5744106 0.42558938	1.0000000000000000
70308278_5500	1352.0	32	13	557087.0 0.64762414 0.35237584	557067.0 0.6482093 0.35179073	0.9999999999999999
328438_7050	1081.0	17	16	973735.0 0.41063532 0.58936465	973735.0 0.41063532 0.58936465	1.0000000000000000
328438_7050	1081.0	18	17	1342037.0 0.42762235 0.5723777	1342037.0 0.42762235 0.5723777	1.0000000000000000
328438_7050	1081.0	19	18	1586099.0 0.48430267 0.5156973	1586103.0 0.48430145 0.51569855	1.0000000000000000
328438_7050	1081.0	20	19	1556433.0 0.52552664 0.47447336	1556436.0 0.5255282 0.4744718	1.0000000000000000
70220028_1200	609.0	35	20	935301.0 0.7946116 0.20538843	935286.0 0.789582 0.21041799	1.0000000000000000
328438_7050	1081.0	22	21	902205.0 0.21813335 0.78186667	902204.0 0.2181336 0.78186643	1.0000000000000000
328438_7050	1081.0	23	22	1408097.0 0.5009627 0.49903736	1408095.0 0.5009627 0.49903736	1.0000000000000000
328438_7050	1081.0	24	23	1341561.0 0.52378756 0.4762124	1341559.0 0.5237876 0.47621238	1.0000000000000000
328438_6500	1154.0	24	24	1197863.0 0.5333398 0.4666602	1197860.0 0.5333403 0.46665972	1.0000000000000000
80135164_20000	2911.0	14	25	755174.0 0.7403605 0.2596395	755177.0 0.7402145 0.25978544	1.0000000000000000
70130445_7050	701.0	24	26	783808.0 0.25012887 0.74987113	783832.0 0.25028834 0.7497117	1.0000000000000000
328438_7050	1081.0	28	27	1319296.0 0.44542694 0.55457306	1319296.0 0.44542545 0.55457455	1.0000000000000000
328438_7050	1081.0	29	28	1540318.0 0.47499672 0.52500325	1540322.0 0.47499678 0.5250032	1.0000000000000000
328438_7050	1081.0	30	29	1613743.0 0.50111574 0.49888426	1613742.0 0.5011173 0.4988827	1.0000000000000000
70102778_7050	876.0	72	31	997602.0 0.80114114 0.19885886	997585.0 0.8030263 0.1969737	1.0000000000000000
328438_5500	1088.0	31	32	947865.0 0.20730484 0.79269516	947869.0 0.20730501 0.792695	1.0000000000000000
328438_7050	1081.0	34	33	1610886.0 0.46643275 0.53356725	1610887.0 0.46643308 0.5335669	1.0000000000000000
328438_7050	1081.0	35	34	1783933.0 0.4818096 0.51819044	1783934.0 0.48180932 0.5181907	1.0000000000000000
328438_7050	1081.0	36	35	1120560.0 0.8249598 0.17504016	1120560.0 0.8249607 0.17503926	1.0000000000000000
80134721_15000	3219.0	9	36	994156.0 0.1997604 0.8002396	994139.0 0.19729836 0.80270165	1.0000000000000000
328438_7050	1081.0	38	37	1403802.0 0.5684555 0.43154448	1403802.0 0.5684541 0.4315459	1.0000000000000000
328438_7050	1081.0	39	38	1206266.0 0.5022134 0.49778655	1206264.0 0.5022159 0.49778408	1.0000000000000000
328438_7050	1081.0	42	40	1295709.0 0.5351672 0.46483275	1295712.0 0.53516906 0.4648309	1.0000000000000000
328438_7050	1081.0	43	41	1134148.0 0.53104883 0.46895114	1134147.0 0.5310484 0.46895155	1.0000000000000000
328438_7050	1081.0	44	42	1188335.0 0.4475674 0.5524326	1188335.0 0.4475674 0.5524326	1.0000000000000000
328438_7050	1081.0	45	43	1280369.0 0.51272327 0.4872767	1280368.0 0.5127237 0.48727632	1.0000000000000000
80991158_4200	1213.0	36	45	822247.0 0.24169137 0.75830865	822246.0 0.24867862 0.7513214	1.0000000000000000
328438_7050	1081.0	48	46	1324684.0 0.46635273 0.5336473	1324685.0 0.46635312 0.5336469	1.0000000000000000
328438_7050	1081.0	51	49	958654.0 0.79557276 0.20442724	958654.0 0.7955717 0.20442829	1.0000000000000000
70041162_4800	1143.0	12	51	1548637.0 0.662542 0.33745804	1548646.0 0.65780365 0.34219635	1.0000000000000000
328438_7050	1081.0	54	52	1079622.0 0.49085698 0.509143	1079622.0 0.4908579 0.5091421	1.0000000000000000
328438_6500	1154.0	52	53	1184439.0 0.46408638 0.53591365	1184436.0 0.4640867 0.5359133	1.0000000000000000
328438_7050	1081.0	57	54	1325603.0 0.47884473 0.5211553	1325601.0 0.47884318 0.52115685	1.0000000000000000
328438_7050	1081.0	60	58	1483558.0 0.5743678 0.42563215	1483559.0 0.57436675 0.42563322	1.0000000000000000
80134721_2000	915.0	34	59	827768.0 0.7601961 0.23980391	827782.0 0.762824 0.23717597	1.0000000000000000
328438_7050	1081.0	63	60	903469.0 0.21730796 0.7826921	903470.0 0.21730661 0.7826934	1.0000000000000000
328438_7050	1081.0	66	63	1172617.0 0.16733256 0.83266747	1172619.0 0.16733313 0.8326669	1.0000000000000000
328438_7050	1081.0	67	64	1828869.0 0.53388184 0.46611813	1828871.0 0.53388184 0.46611816	1.0000000000000000
328438_7050	1081.0	68	65	1402282.0 0.6079155 0.39208448	1402283.0 0.6079158 0.39208418	1.0000000000000000
328438_7050	1081.0	69	66	1086690.0 0.505952 0.49404797	1086691.0 0.5059516 0.49404845	1.0000000000000000
328438_7050	1081.0	73	69	1424752.0 0.66018647 0.33981353	1424751.0 0.6601855 0.33981445	1.0000000000000000
328438_6500	1154.0	66	70	1008343.0 0.48014414 0.51985586	1008347.0 0.48014325 0.51985675	1.0000000000000000
328438_6500	1154.0	67	71	1041865.0 0.5031295 0.49687052	1041866.0 0.50313187 0.49686813	1.0000000000000000
328438_7050	1081.0	75	72	713748.0 0.725284 0.27471602	713749.0 0.72528297 0.27471703	1.0000000000000000
328438_15000	1189.0	76	74	1868082.0 0.38102823 0.61897177	1868080.0 0.3810292 0.6189708	1.0000000000000000
328438_7050	1081.0	78	75	2256487.0 0.5124288 0.48757118	2256488.0 0.51242775 0.48757228	1.0000000000000000
328438_4200	1011.0	76	76	2107530.0 0.5220329 0.4779671	2107527.0 0.5220341 0.4779659	1.0000000000000000
328438_4800	1012.0	80	77	1981022.0 0.5084891 0.49151096	1981020.0 0.50848854 0.49151143	1.0000000000000000
328438_4800	1012.0	81	78	1892693.0 0.514449 0.485551	1892695.0 0.51444846 0.48555157	1.0000000000000000
