ID	BITRATE	START_IDX	CAPTURE_START_IDX	KEY	CAPTURE_KEY	CORRELATION
80096067_2000	489.0	81	1	648847.0 0.6941112 0.30588874	648827.0 0.6927979 0.30720207	1.0000000000000000
60004481_6500	881.0	0	3	444352.0 0.50110495 0.49889502	444355.0 0.5011038 0.49889615	1.0000000000000000
60004481_6500	881.0	1	4	375115.0 0.59097874 0.40902123	375116.0 0.5909825 0.40901747	1.0000000000000000
80122759_6500	2111.0	5	5	352179.0 0.43568185 0.5643181	352156.0 0.43568474 0.56431526	1.0000000000000000
80198592_6500	1634.0	17	6	533856.0 0.37218088 0.6278191	533862.0 0.37224415 0.6277559	1.0000000000000000
60004481_6500	881.0	6	7	512012.0 0.6545452 0.34545478	512012.0 0.6545452 0.34545478	1.0000000000000000
60027695_4800	1130.0	35	8	345052.0 0.5171858 0.4828142	345050.0 0.51261264 0.48738733	1.0000000000000000
80013870_6500	1081.0	34	10	629622.0 0.6879683 0.31203166	629603.0 0.68457425 0.31542575	1.0000000000000000
60004481_7050	918.0	11	11	609879.0 0.3256236 0.67437637	609877.0 0.32562795 0.674372	1.0000000000000000
60004481_7050	918.0	12	12	1021233.0 0.4027367 0.59726334	1021228.0 0.40273476 0.59726524	1.0000000000000000
60004481_7050	918.0	13	13	895903.0 0.6808159 0.3191841	895903.0 0.6808148 0.31918523	1.0000000000000000
60004481_20000	859.0	17	14	484778.0 0.5898762 0.4101238	484778.0 0.5898762 0.4101238	1.0000000000000000
60004481_20000	859.0	18	15	496620.0 0.40034434 0.5996557	496621.0 0.4003435 0.59965646	1.0000000000000000
60004481_20000	859.0	19	16	486276.0 0.6124115 0.38758853	486278.0 0.612411 0.38758898	1.0000000000000000
60004481_7050	918.0	17	17	895718.0 0.21041891 0.7895811	895720.0 0.21041843 0.78958154	1.0000000000000000
60004481_7050	918.0	23	24	439468.0 0.2628246 0.7371754	439470.0 0.2628234 0.7371766	1.0000000000000000
60004481_7050	918.0	24	25	554509.0 0.5842376 0.41576242	554510.0 0.58424014 0.41575986	1.0000000000000000
60004481_4800	850.0	22	28	1063149.0 0.39039308 0.6096069	1063151.0 0.39039138 0.6096086	1.0000000000000000
60004481_7050	918.0	28	29	1920122.0 0.33753324 0.66246676	1920123.0 0.3375336 0.6624664	0.9999999999999999
60004481_7050	918.0	31	32	1071789.0 0.55021745 0.44978255	1071791.0 0.55021644 0.4497836	1.0000000000000000
70305893_2000	724.0	53	35	434701.0 0.4512297 0.5487703	434704.0 0.45799902 0.542001	1.0000000000000000
60004481_4800	850.0	30	36	541605.0 0.43502185 0.5649782	541605.0 0.43502185 0.5649782	1.0000000000000000
60004481_4800	850.0	31	37	422071.0 0.72498465 0.27501535	422073.0 0.72498125 0.27501878	1.0000000000000000
80097391_7050	511.0	12	39	402087.0 0.48776758 0.5122324	402064.0 0.49394873 0.5060513	1.0000000000000000
60004481_5500	908.0	30	41	827143.0 0.19808666 0.8019133	827145.0 0.1980886 0.8019114	1.0000000000000000
60004481_7050	918.0	39	42	1874465.0 0.35386044 0.64613956	1874465.0 0.35385936 0.64614064	1.0000000000000000
60004481_7050	918.0	40	43	2123430.0 0.5703819 0.42961812	2123431.0 0.57038254 0.42961743	1.0000000000000000
60004481_7050	918.0	41	44	1752272.0 0.5206178 0.4793822	1752271.0 0.52061754 0.47938246	1.0000000000000000
60004481_7050	918.0	42	45	1002793.0 0.8376684 0.16233161	1002793.0 0.8376684 0.16233161	1.0000000000000000
80192815_5500	1657.0	34	47	896664.0 0.34434637 0.6556536	896657.0 0.33936164 0.66063833	1.0000000000000000
60004481_10000	936.0	48	49	493364.0 0.59776354 0.4022365	493363.0 0.5977627 0.4022373	1.0000000000000000
60004481_7050	918.0	47	51	433845.0 0.47022554 0.5297745	433845.0 0.47022554 0.5297745	1.0000000000000000
60004481_7050	918.0	50	54	1786499.0 0.22288118 0.7771188	1786499.0 0.22288118 0.7771188	1.0000000000000000
60004481_7050	918.0	51	55	3108155.0 0.44667077 0.5533292	3108154.0 0.44667092 0.5533291	1.0000000000000000
60004481_6500	881.0	49	56	2268958.0 0.75798273 0.24201725	2268960.0 0.7579825 0.2420175	1.0000000000000000
70039177_4800	803.0	32	57	748252.0 0.74043506 0.25956497	748268.0 0.7338654 0.2661346	1.0000000000000000
60004481_4800	850.0	59	64	1038919.0 0.27387986 0.7261201	1038918.0 0.27387917 0.7261208	1.0000000000000000
60004481_7050	918.0	63	67	478892.0 0.7530925 0.24690744	478892.0 0.75309044 0.24690953	1.0000000000000000
80206300_3500	884.0	70	70	702402.0 0.72121805 0.27878195	702427.0 0.7164987 0.28350136	1.0000000000000000
60004481_4800	850.0	67	72	1571367.0 0.91229165 0.08770835	1571366.0 0.9122929 0.08770713	0.9999999999999999
60004481_7050	918.0	71	74	664135.0 0.81008077 0.18991922	664134.0 0.8100835 0.18991649	1.0000000000000000
60004481_7050	918.0	72	75	260429.0 0.48432395 0.5156761	260426.0 0.48432183 0.51567817	1.0000000000000000
60004481_7050	918.0	73	76	404119.0 0.33232042 0.66767955	404116.0 0.33232042 0.66767955	1.0000000000000000
80198592_6500	1634.0	20	77	615261.0 0.44028795 0.55971205	615260.0 0.4385463 0.5614537	1.0000000000000000
60004481_6500	881.0	71	79	724016.0 0.8227304 0.17726956	724017.0 0.82273066 0.17726932	1.0000000000000000
80199806_6500	1765.0	34	83	693235.0 0.28621462 0.71378535	693226.0 0.2863828 0.7136172	1.0000000000000000
60004481_4200	858.0	77	84	740627.0 0.66794354 0.3320565	740630.0 0.66794217 0.33205783	1.0000000000000000
60004481_7050	918.0	79	85	453130.0 0.54273826 0.4572617	453130.0 0.54274046 0.4572595	1.0000000000000000
60004481_6500	881.0	78	86	731987.0 0.28306103 0.716939	731987.0 0.2830624 0.7169376	0.9999999999999999
60004481_4200	858.0	79	87	670923.0 0.7821881 0.21781188	670925.0 0.7821873 0.21781272	1.0000000000000000
60004481_20000	859.0	90	88	439618.0 0.33241588 0.6675841	439618.0 0.33241588 0.6675841	1.0000000000000000
70103763_6500	1462.0	2	89	492712.0 0.59660006 0.40339994	492728.0 0.5956268 0.4043732	1.0000000000000000
