ID	BITRATE	START_IDX	CAPTURE_START_IDX	KEY	CAPTURE_KEY	CORRELATION
60000870_5500	1292.0	8	9	769860.8 1.6759303 0.20197807 0.25459668 0.13794962 0.22954538	769860.8 1.675929 0.20198067 0.25459668 0.13794701 0.22954668	0.9999999999956272
60000870_5500	1292.0	9	10	338422.0 0.45947072 0.5791704 0.3138153 0.52218235 0.62536126	338422.0 0.45947662 0.5791704 0.3138094 0.5221853 0.6253583	0.9999999993020494
60000870_5500	1292.0	10	11	354679.2 0.55262333 0.29943115 0.49824744 0.596697 0.55300117	354678.0 0.5526252 0.29942653 0.49825194 0.59669614 0.5530002	0.9999999997067519
60000870_5500	1292.0	11	12	424092.4 0.25042185 0.41669694 0.49903274 0.46248883 0.87135965	424091.2 0.25041783 0.41670048 0.4990318 0.4624878 0.87136215	0.9999999999438761
60000870_5500	1292.0	20	20	962318.0 0.12595212 0.37959906 0.20361252 0.55732095 1.2335154	962318.0 0.12595421 0.37960008 0.20361252 0.55731994 1.2335132	0.9999999999981445
60000870_4800	1028.0	33	42	475280.0 0.3804452 1.0946074 0.4122433 0.36457247 0.24813163	475282.8 0.38044927 1.0946031 0.41224506 0.3645724 0.24813016	0.9999999999748918
60000870_4800	1028.0	39	48	513988.4 0.99904007 0.3817635 0.5325198 0.20215437 0.3845223	513987.2 0.9990405 0.38176632 0.53252494 0.20214707 0.38452125	0.9999999998984512
60000870_6500	1283.0	65	64	1682848.0 0.11647754 0.93714106 0.58114636 0.11653519 0.74869984	1682846.8 0.11647823 0.9371412 0.5811456 0.116534084 0.748701	0.9999999999970669
60000870_5500	1292.0	69	71	2055465.6 0.3751228 0.63366127 1.300484 0.095435314 0.09529666	2055452.8 0.37512562 0.6336643 1.300476 0.095436394 0.09529774	0.9999999999846685
60000870_5500	1292.0	71	73	1920798.8 1.3916607 0.10212626 0.101977885 0.3886102 0.51562506	1920774.0 1.3916614 0.1021281 0.101979725 0.38859907 0.51563174	0.9999999999221415
60000870_6500	1283.0	75	74	1250385.2 0.15688285 0.15665571 0.5969448 0.79208547 0.79743105	1250385.2 0.15688364 0.15665571 0.5969448 0.79208547 0.7974302	0.9999999999992208
60000870_5500	1292.0	73	75	1487491.2 0.13168414 0.5018127 0.6658271 0.6703199 0.53035605	1487479.6 0.13168584 0.50179577 0.66583234 0.67032516 0.5303609	0.9999999990707701
