ID	BITRATE	START_IDX	CAPTURE_START_IDX	KEY	CAPTURE_KEY	CORRELATION
80000643_5500	2506.0	27	4	597151.0 0.50013316 0.49986687	597133.0 0.50752515 0.49247488	1.0000000000000000
80144140_1200	413.0	47	6	291546.0 0.58599675 0.41400328	291521.0 0.5828088 0.4171912	1.0000000000000000
60004481_600	393.0	11	10	290705.0 0.5136341 0.4863659	290694.0 0.5102754 0.48972458	1.0000000000000000
70123542_6500	1045.0	1	11	339669.0 0.4226232 0.5773768	339650.0 0.41913736 0.58086264	1.0000000000000000
80135164_1200	360.0	1	12	339164.0 0.57424134 0.42575863	339143.0 0.581731 0.41826898	1.0000000000000000
70130445_10000	697.0	54	13	339580.0 0.42188293 0.5781171	339567.0 0.41774672 0.5822533	1.0000000000000000
70084788_1200	353.0	1	14	317381.0 0.62678295 0.37321705	317394.0 0.6229292 0.37707078	1.0000000000000000
80106307_2000	676.0	48	15	282665.0 0.42446005 0.57553995	282644.0 0.42343017 0.5765698	1.0000000000000000
60004481_1200	445.0	7	18	270969.0 0.47820967 0.5217903	270965.0 0.47820568 0.5217943	1.0000000000000000
60004481_1200	445.0	8	19	340206.0 0.41559818 0.5844018	340206.0 0.41559526 0.58440477	1.0000000000000000
81074663_1200	443.0	11	20	310616.0 0.6410133 0.35898665	310624.0 0.64006 0.35994	1.0000000000000000
80013870_800	621.0	16	25	367773.0 0.53337795 0.46662208	367760.0 0.5415407 0.45845932	1.0000000000000000
60004481_600	393.0	30	38	511870.0 0.33427432 0.66572565	511870.0 0.33427238 0.6657276	1.0000000000000000
80075563_3500	1096.0	57	41	379200.0 0.64856803 0.35143197	379190.0 0.6491389 0.35086104	1.0000000000000000
70264803_2000	638.0	11	43	259946.0 0.58102065 0.41897932	259957.0 0.5716176 0.4283824	1.0000000000000000
60004481_600	393.0	43	46	724625.0 0.67358565 0.32641435	724624.0 0.6735866 0.32641342	1.0000000000000000
70298735_4800	451.0	13	48	329441.0 0.59498364 0.40501636	329431.0 0.6035953 0.3964047	1.0000000000000000
80093138_2000	486.0	3	51	229271.0 0.52731484 0.47268516	229285.0 0.5307979 0.46920207	1.0000000000000000
80102952_600	279.0	7	56	269305.0 0.58024544 0.41975456	269305.0 0.57961047 0.42038953	1.0000000000000000
70041162_800	364.0	3	59	226111.0 0.4868538 0.5131462	226103.0 0.49503988 0.5049601	1.0000000000000000
