ID	BITRATE	START_IDX	CAPTURE_START_IDX	KEY	CAPTURE_KEY	CORRELATION
60000870_20000	2703.0	18	23	1297940.6 0.81746036 0.35194522 0.33059448	1297946.0 0.81746083 0.35194454 0.33059466	0.9999999999986900
60000870_20000	2703.0	19	24	847712.0 0.538867 0.50617665 0.4549564	847713.3 0.5388673 0.5061782 0.4549545	0.9999999995961862
60000870_20000	2703.0	20	25	1075538.0 0.39895567 0.35858518 0.7424591	1075539.4 0.39895704 0.3585838 0.7424591	0.9999999999791382
60000870_20000	2703.0	29	36	2574352.8 0.58603936 0.076217994 0.8377426	2574332.0 0.58604443 0.07621783 0.83773774	0.9999999999239143
60000870_20000	2703.0	33	41	4161960.0 0.04708503 0.095852435 1.3570626	4161960.8 0.047085498 0.09585242 1.3570621	0.9999999999999516
60000870_20000	2703.0	34	42	5291737.5 0.075388096 1.0673319 0.35728002	5291736.5 0.07538811 1.0673319 0.35728008	0.9999999999999983
60000870_20000	2703.0	35	43	5156699.5 1.095282 0.36663607 0.038081918	5156698.0 1.0952821 0.36663616 0.038081735	0.9999999999999796
60000870_20000	2703.0	36	44	4243083.5 0.44557974 0.046281673 1.0081385	4243082.5 0.44557983 0.046281446 1.0081388	0.9999999999999866
60000870_20000	2703.0	37	45	3943866.8 0.049793012 1.0846249 0.36558208	3943867.2 0.04979275 1.0846248 0.36558253	0.9999999999997365
60000870_20000	2703.0	38	46	4346281.5 0.9842013 0.33173347 0.18406516	4346281.5 0.9842013 0.3317339 0.1840647	0.9999999999994336
60000870_20000	2703.0	59	66	2657620.0 0.07376299 0.8832004 0.54303664	2657620.8 0.07376297 0.8832005 0.54303646	0.9999999999999524
60000870_20000	2703.0	60	67	3246384.8 0.72302306 0.44455144 0.33242548	3246386.0 0.72302306 0.44455126 0.33242565	0.9999999999996313
60000870_20000	2703.0	61	68	2485654.0 0.58060575 0.4341638 0.48523045	2485654.8 0.58060557 0.43416408 0.4852303	0.9999999999979903
60000870_10000	2284.0	63	69	1822320.0 0.59220225 0.6618569 0.2459409	1822320.0 0.59220225 0.6618569 0.2459409	1.0000000000000000
60000870_20000	2703.0	69	76	4061905.2 0.8558715 0.5958482 0.0482803	4061923.2 0.855868 0.5958525 0.04827959	0.9999999999553962
60000870_20000	2703.0	70	77	3711346.8 0.6521296 0.052840658 0.7950297	3711324.8 0.652141 0.05284043 0.79501855	0.9999999995994728
60000870_20000	2703.0	77	83	6107389.5 1.1922022 0.27567852 0.03211929	6107392.0 1.1922019 0.27567887 0.032119274	0.9999999999999164
60000870_20000	2703.0	78	84	1383814.0 1.2166924 0.14175677 0.14155081	1383814.6 1.216694 0.1417567 0.1415493	0.9999999999993228
60000870_20000	2703.0	79	85	2341872.8 0.08376416 0.08364246 1.3325933	2341870.8 0.08376423 0.08364168 1.332594	0.9999999999998246
60000870_15000	2623.0	81	87	4353138.5 0.71689934 0.40114436 0.38195637	4353141.5 0.71689904 0.40114433 0.38195658	0.9999999999998249
60000870_20000	2703.0	82	89	2590976.0 0.64173114 0.78251904 0.07574984	2590996.0 0.64172655 0.78252494 0.07574847	0.9999999999131253
60000870_20000	2703.0	86	93	1594213.4 0.6414317 0.16830683 0.6902614	1594212.6 0.6414314 0.16830754 0.6902611	0.9999999999999775
60000870_20000	2703.0	94	102	2481650.0 0.7713445 0.25241914 0.47623637	2481651.2 0.7713445 0.25242025 0.47623533	0.9999999999932044
60000870_10000	2284.0	96	103	1336065.4 0.46885356 0.8845765 0.14656992	1336066.0 0.46885332 0.8845746 0.1465721	0.9999999999995477
