ID	BITRATE	START_IDX	CAPTURE_START_IDX	KEY	CAPTURE_KEY	CORRELATION
60004481_4800	850.0	30	6	438454.0 0.5373654 0.69789535 0.26473927	438453.34 0.5373639 0.69789636 0.2647397	0.9999999999823155
60004481_7050	918.0	8	10	555846.7 0.3575698 0.36701667 0.77541345	555865.3 0.3660365 0.35857788 0.7753857	0.9993721837582354
80174429_3500	1124.0	17	11	552608.0 0.35621452 0.7750467 0.36873877	552613.3 0.36068803 0.77994865 0.3593634	0.9995790830848678
60004481_7050	918.0	10	12	693926.7 0.6211189 0.2861844 0.5926966	693924.0 0.6211199 0.28618264 0.59269744	0.9999999999999413
60004481_7050	918.0	11	13	813216.0 0.24420449 0.50575495 0.7500406	813214.0 0.24420263 0.50575495 0.75004244	0.9999999999999953
60004481_7050	918.0	12	14	871460.7 0.47195244 0.6999111 0.32813644	871461.3 0.47195095 0.6999106 0.3281385	0.9999999999695679
60004481_20000	859.0	16	15	729816.0 0.83575314 0.3918234 0.27242345	729815.3 0.83575255 0.39182517 0.27242234	0.9999999999872097
60004481_20000	859.0	17	16	521719.34 0.5481089 0.3810842 0.5708069	521718.66 0.5481115 0.38108277 0.5708057	0.9999999998087329
60004481_20000	859.0	18	17	456730.0 0.4353097 0.65202856 0.41266176	456728.66 0.43530878 0.65202826 0.41266295	0.9999999999692359
60004481_20000	859.0	19	18	795679.3 0.37427264 0.23687308 0.8888543	795678.0 0.37427202 0.23687346 0.88885456	0.9999999999987511
60004481_7050	918.0	17	19	808334.0 0.233166 0.87493783 0.39189616	808332.7 0.23316513 0.87493926 0.39189556	0.9999999999998713
60004481_7050	918.0	18	20	1052764.6 0.671795 0.30090582 0.5272992	1052763.4 0.6717958 0.30090523 0.5272989	0.9999999999984223
60004481_20000	859.0	22	21	714042.7 0.44364855 0.7774353 0.2789161	714039.3 0.44364783 0.77743757 0.2789146	0.9999999999994671
60004481_6500	881.0	18	22	1640718.6 0.33834076 0.1213834 1.0402759	1640716.6 0.33834058 0.12138355 1.0402759	0.9999999999999316
60004481_20000	859.0	24	23	1750651.4 0.11376223 0.9749514 0.41128635	1750648.6 0.11376126 0.9749518 0.41128698	0.9999999999988979
60004481_7050	918.0	21	24	1694880.6 1.0070308 0.42482108 0.068148166	1694880.0 1.0070318 0.42482004 0.06814819	0.9999999999985647
60004481_7050	918.0	22	25	772992.7 0.93147194 0.14942315 0.41910487	772989.3 0.93147343 0.1494238 0.41910282	0.9999999999908591
60004481_7050	918.0	23	26	446674.66 0.25858417 0.7252818 0.516134	446673.34 0.25858495 0.72527725 0.5161378	0.9999999998925829
60004481_4200	858.0	22	27	502248.66 0.64503306 0.45902163 0.3959453	502245.34 0.6450274 0.45902863 0.39594394	0.9999999991744438
60004481_20000	859.0	29	28	395505.34 0.5829125 0.50281245 0.41427505	395500.66 0.58291936 0.5028083 0.4142724	0.9999999990080163
60004481_20000	859.0	30	29	673879.3 0.29510477 0.24314146 0.96175385	673874.7 0.29510087 0.24313867 0.9617604	0.9999999999972791
60004481_7050	918.0	27	30	1389312.6 0.11793386 0.46649328 0.9155729	1389310.6 0.11793259 0.46649468 0.91557276	0.9999999999951655
60004481_15000	846.0	30	31	1673225.4 0.38733873 0.76021796 0.35244325	1673226.0 0.38733917 0.7602171 0.35244372	0.9999999999999724
60004481_20000	859.0	35	33	1235604.6 0.47726998 0.6325778 0.3901523	1235606.0 0.47727028 0.63257784 0.3901519	0.9999999999971053
60004481_4800	850.0	30	37	438454.0 0.5373654 0.69789535 0.26473927	438453.34 0.5373639 0.69789636 0.2647397	0.9999999999823155
60004481_20000	859.0	39	38	558080.0 0.5483031 0.20799707 0.74369985	558078.0 0.5483015 0.20799243 0.74370605	0.9999999999663377
60004481_20000	859.0	40	39	489726.0 0.23702846 0.84750247 0.41546905	489726.0 0.23702234 0.8475066 0.4154711	0.9999999999570230
60004481_15000	846.0	39	40	544740.7 0.76191115 0.3735135 0.3645753	544740.0 0.7619158 0.37351215 0.36457208	0.9999999999930700
60004481_15000	846.0	40	41	710243.3 0.28647646 0.27962106 0.9339025	710242.0 0.2864756 0.27961877 0.9339056	0.9999999999983366
60004481_7050	918.0	39	43	1857819.4 0.35703093 0.65192884 0.4910402	1857820.6 0.3570307 0.6519289 0.4910404	0.9999999999993426
60004481_7050	918.0	40	44	1975625.4 0.6130545 0.4617596 0.42518586	1975624.6 0.6130552 0.46176028 0.42518452	0.9999999999602732
60004481_7050	918.0	41	45	1276704.6 0.71454585 0.65795016 0.12750404	1276702.6 0.71454775 0.65794885 0.12750345	0.9999999999883885
60004481_7050	918.0	42	46	1063439.4 0.7898974 0.15307407 0.5570285	1063436.0 0.7898971 0.15307362 0.5570293	0.9999999999977691
60004481_7050	918.0	43	47	636446.0 0.2557719 0.9307404 0.3134877	636444.7 0.25577086 0.9307407 0.31348836	0.9999999999976086
60004481_7050	918.0	44	48	724532.7 0.81758356 0.27537474 0.40704167	724532.0 0.81758296 0.275375 0.40704206	0.9999999999997848
60004481_7050	918.0	45	49	465625.34 0.42849472 0.63337404 0.4381312	465624.66 0.42849535 0.633375 0.43812972	0.9999999999548363
60004481_7050	918.0	46	50	485840.0 0.60702085 0.4199016 0.47307757	485838.66 0.6070225 0.41990072 0.47307682	0.9999999999942252
60004481_20000	859.0	51	51	492091.34 0.41456938 0.46706977 0.6183608	492088.66 0.41456756 0.46706828 0.61836416	0.9999999999848667
60004481_20000	859.0	52	52	488386.66 0.47061276 0.6230514 0.40633583	488385.34 0.47060993 0.6230531 0.40633693	0.9999999997861957
60004481_15000	846.0	51	53	600609.3 0.5066289 0.33041444 0.6629568	600611.3 0.5066338 0.3304117 0.66295457	0.9999999996668612
60004481_15000	846.0	52	54	1323300.6 0.14996593 0.30089763 1.0491365	1323299.4 0.14996532 0.3008979 1.0491368	0.9999999999996421
60004481_7050	918.0	50	55	2337554.8 0.17033911 0.59392065 0.7357402	2337555.2 0.17033951 0.5939205 0.73574007	0.9999999999999795
80093138_6500	2133.0	82	56	2204679.2 0.6332586 0.7824023 0.08433925	2204665.2 0.6297201 0.78008807 0.09019192	0.9999899360862599
60004481_5500	908.0	45	57	1645200.6 1.0453619 0.12086307 0.3337751	1645203.4 1.045362 0.12086226 0.33377576	0.9999999999989651
60004481_5500	908.0	46	58	892934.7 0.22268593 0.61496884 0.6623452	892936.0 0.22268449 0.61497015 0.66234535	0.9999999999955999
60004481_15000	846.0	57	59	1205985.4 0.45533553 0.49041307 0.5542513	1205986.6 0.4553359 0.4904134 0.5542508	0.9999999999944270
60004481_15000	846.0	58	60	1139846.6 0.5188689 0.58641136 0.39471978	1139846.0 0.5188701 0.58641165 0.39471823	0.9999999999616815
60004481_15000	846.0	59	61	935940.7 0.71416813 0.48071423 0.30511764	935939.3 0.71416914 0.4807128 0.30511808	0.9999999999820467
60004481_15000	846.0	60	62	748956.7 0.600729 0.3812931 0.5179779	748956.7 0.6007263 0.3812931 0.5179806	0.9999999997501322
60004481_10000	936.0	59	63	638704.0 0.44711164 0.60739404 0.44549432	638704.7 0.44711116 0.6073934 0.4454954	0.9999999999649365
60004481_10000	936.0	60	64	951244.0 0.4078291 0.29912305 0.79304785	951244.0 0.4078291 0.2991241 0.7930468	0.9999999999992241
60004481_4800	850.0	59	65	888432.7 0.32027075 0.8491133 0.33061594	888434.0 0.3202714 0.84911317 0.33061543	0.9999999999982342
60004481_4800	850.0	60	66	791163.3 0.9535073 0.3712634 0.17522931	791164.7 0.9535069 0.3712628 0.17523026	0.9999999999984982
60004481_4800	850.0	61	67	528675.3 0.55559623 0.2622309 0.68217295	528676.7 0.55559474 0.2622321 0.6821731	0.9999999999877921
60004481_7050	918.0	62	68	411684.0 0.33674857 0.876036 0.28721544	411685.34 0.33675233 0.8760307 0.28721693	0.9999999999897752
60004481_7050	918.0	66	72	1383102.6 0.3638819 0.09964698 1.0364711	1383101.4 0.36388367 0.09964418 1.0364721	0.9999999999916647
60004481_7050	918.0	67	73	1163932.6 0.11841063 1.23164 0.1499494	1163929.4 0.118407525 1.2316434 0.14994895	0.9999999999980318
60004481_7050	918.0	68	74	1204810.6 1.1898518 0.14486177 0.16528656	1204810.6 1.1898518 0.14486094 0.16528739	0.9999999999990354
60004481_7050	918.0	69	75	607782.0 0.28716052 0.32764873 0.8851907	607783.3 0.28715825 0.32764965 0.8851921	0.9999999999895586
60004481_7050	918.0	70	76	575516.0 0.3460182 0.9348185 0.21916333	575517.3 0.34601912 0.9348198 0.2191611	0.9999999999934686
60004481_7050	918.0	71	77	532288.0 1.0107367 0.23696195 0.2523014	532288.0 1.0107404 0.23696007 0.25229952	0.9999999999999919
60004481_7050	918.0	72	78	353500.66 0.3568084 0.37990594 0.7632857	353498.66 0.3568076 0.37990525 0.7632872	1.0000000000000000
60004481_15000	846.0	77	79	400334.0 0.33545488 0.6739847 0.49056038	400335.34 0.33545876 0.67398745 0.49055374	0.9999999994219507
60004481_3500	810.0	67	80	707918.0 0.38114583 0.2774135 0.8414407	707917.3 0.38114762 0.27741376 0.84143865	0.9999999999939077
60004481_6500	881.0	70	81	613602.7 0.32005727 0.97077477 0.20916793	613600.7 0.32005504 0.9707763 0.2091686	0.9999999999922982
60004481_6500	881.0	71	82	615280.7 0.96812725 0.20859748 0.3232752	615279.3 0.9681278 0.20859794 0.3232743	0.9999999999983715
60004481_15000	846.0	81	83	398748.0 0.32187998 0.49882632 0.6792937	398745.34 0.32187462 0.49882463 0.6793007	0.9999999999684622
60004481_15000	846.0	82	84	642979.3 0.30935055 0.4212686 0.76938087	642980.0 0.3093471 0.4212697 0.7693832	0.9999999999735499
60004481_15000	846.0	83	85	597129.3 0.4536153 0.82845706 0.21792766	597130.7 0.45361593 0.8284585 0.21792549	0.9999999999965647
60004481_15000	846.0	84	86	580506.0 0.85218066 0.22416823 0.4236511	580504.7 0.8521861 0.224167 0.42364687	0.9999999999598975
60004481_15000	846.0	85	87	600568.0 0.21667987 0.40949902 0.87382114	600566.0 0.21667893 0.40949538 0.87382567	0.9999999999743591
60004481_15000	846.0	86	88	651946.0 0.37722757 0.80495775 0.31781468	651942.0 0.37722528 0.80496424 0.31781048	0.9999999999992900
80081155_1200	381.0	45	91	407374.66 0.35457286 0.4826957 0.66273147	407382.66 0.35871434 0.4873256 0.6539601	0.9997414815276926
