ID	BITRATE	START_IDX	CAPTURE_START_IDX	KEY	CAPTURE_KEY	CORRELATION
60004481_10000	936.0	0	3	661118.0 0.22314474 0.43230104 0.84455425	661118.0 0.22314322 0.43230104 0.84455574	0.9999999999996066
60004481_20000	859.0	16	11	729816.0 0.83575314 0.3918234 0.27242345	729814.0 0.83575267 0.39182585 0.27242148	0.9999999999712217
60004481_20000	859.0	17	12	521719.34 0.5481089 0.3810842 0.5708069	521718.0 0.5481122 0.38108134 0.57080644	0.9999999997851702
80993095_10000	1429.0	93	13	542260.0 0.36669862 0.5580533 0.57524806	542266.0 0.3666411 0.549177 0.5841819	0.9971083349369525
60004481_6500	881.0	26	28	1562538.0 0.81407046 0.37741035 0.3085192	1562536.6 0.81406987 0.37741002 0.30852014	0.9999999999980455
60004481_10000	936.0	41	40	1975624.0 0.61305493 0.42518514 0.46175992	1975624.0 0.6130554 0.42518514 0.46175942	0.9999999999945357
60004481_10000	936.0	42	41	1563091.4 0.5374004 0.58362806 0.37897146	1563090.0 0.5374009 0.58362794 0.37897113	0.9999999999946179
60004481_10000	936.0	43	42	1111610.0 0.8206691 0.53289104 0.14643985	1111608.6 0.82066923 0.5328908 0.14644003	0.9999999999997869
60004481_3500	810.0	44	51	2438185.2 0.56940794 0.7053726 0.22521956	2438189.2 0.5694074 0.70537263 0.22522001	0.9999999999987303
60004481_6500	881.0	52	56	1098533.4 0.5383842 0.60846674 0.35314903	1098530.0 0.5383831 0.6084686 0.3531483	0.9999999999553497
60004481_6500	881.0	58	63	939171.3 0.803239 0.31275338 0.3840077	939174.0 0.8032399 0.31275356 0.3840066	0.9999999999961630
60004481_6500	881.0	59	64	515079.34 0.5702597 0.7001814 0.22955881	515081.34 0.57025945 0.70017874 0.2295618	0.9999999999980005
60004481_2000	641.0	61	74	353500.0 0.37990665 0.35680905 0.7632843	353499.34 0.37990734 0.35680687 0.7632857	0.9999999999819610
60004481_3500	810.0	66	75	394892.0 0.31940886 0.6832754 0.49731573	394892.66 0.3194058 0.68327683 0.49731743	0.9999999999662769
60004481_3500	810.0	67	76	707918.0 0.38114583 0.2774135 0.8414407	707917.3 0.38114762 0.27741516 0.8414373	0.9999999999982377
60004481_10000	936.0	78	77	708616.7 0.27713996 0.84061104 0.38224897	708615.3 0.2771419 0.8406084 0.3822497	0.9999999999997892
60004481_3500	810.0	73	82	580504.7 0.22417046 0.8521861 0.42364344	580504.7 0.224167 0.8521826 0.42365032	0.9999999998344337
60004481_3500	810.0	74	83	631881.3 0.78289706 0.3891981 0.32790494	631883.3 0.7828914 0.3892032 0.32790548	0.9999999999326354
60004481_3500	810.0	75	84	651942.7 0.37722182 0.31781474 0.8049634	651944.7 0.3772268 0.3178153 0.80495787	0.9999999999471723
60004481_3500	810.0	76	85	585414.7 0.35393202 0.89644146 0.24962647	585414.7 0.35393372 0.89643806 0.24962817	0.9999999999991813
