ID	BITRATE	START_IDX	CAPTURE_START_IDX	KEY	CAPTURE_KEY	CORRELATION
80993095_4200	882.0	38	3	569143.0 0.65107363 0.34892637	569154.0 0.6577728 0.34222725	1.0000000000000000
80121840_3500	960.0	13	4	308852.0 0.6281196 0.37188038	308830.0 0.630703 0.36929703	0.9999999999999999
60000870_1200	381.0	10	11	362045.0 0.45825243 0.54174757	362045.0 0.45824966 0.5417503	1.0000000000000000
80106307_5500	1894.0	7	12	329209.0 0.59567934 0.40432066	329227.0 0.5957531 0.40424693	1.0000000000000000
60000870_800	370.0	8	13	272390.0 0.48860458 0.51139545	272388.0 0.48860082 0.5113992	1.0000000000000000
60000870_800	370.0	9	14	401273.0 0.34714273 0.6528573	401272.0 0.3471436 0.6528564	1.0000000000000000
60000870_800	370.0	10	15	390890.0 0.6701988 0.32980123	390889.0 0.6701979 0.32980207	1.0000000000000000
60000870_800	370.0	11	16	235377.0 0.54770005 0.45229992	235379.0 0.5476954 0.45230457	1.0000000000000000
60000870_600	365.0	12	17	327332.0 0.3252386 0.6747614	327334.0 0.32524273 0.6747573	1.0000000000000000
80135164_6500	2031.0	6	22	297756.0 0.65801865 0.34198135	297748.0 0.65954095 0.34045905	1.0000000000000000
70041162_1200	376.0	2	23	297433.0 0.3392428 0.6607572	297424.0 0.34082994 0.6591701	1.0000000000000000
80199806_2000	663.0	10	25	331970.0 0.4171371 0.5828629	331965.0 0.40890154 0.5910985	1.0000000000000000
81006261_5500	1444.0	77	26	315900.0 0.6282558 0.37174422	315904.0 0.62115073 0.37884927	1.0000000000000000
80091741_1200	404.0	56	27	245688.0 0.4799461 0.52005386	245680.0 0.48713773 0.51286227	1.0000000000000000
