ID	BITRATE	START_IDX	CAPTURE_START_IDX	KEY	CAPTURE_KEY	CORRELATION
80192815_15000	2261.0	5	1	332205.0 0.40007526 0.59992474	332216.0 0.40926686 0.5907331	1.0000000000000000
70216224_1200	358.0	28	4	325158.0 0.40314555 0.59685445	325148.0 0.39748362 0.6025164	1.0000000000000000
80202920_5500	1458.0	21	6	601856.0 0.32147226 0.6785278	601849.0 0.32330534 0.67669463	1.0000000000000000
60000870_3500	760.0	78	10	498084.0 0.6278439 0.3721561	498086.0 0.6278454 0.3721546	1.0000000000000000
70102778_3500	815.0	14	13	661956.0 0.51199174 0.48800826	661972.0 0.51511693 0.48488304	1.0000000000000000
60000870_20000	2703.0	12	15	3703979.0 0.89666057 0.10333941	3703980.0 0.89666086 0.10333911	1.0000000000000000
60000870_20000	2703.0	15	18	903334.0 0.5365136 0.46348637	903329.0 0.5365155 0.46348453	1.0000000000000000
80168188_15000	4442.0	62	20	392126.0 0.5000867 0.4999133	392139.0 0.500167 0.49983296	1.0000000000000000
60000870_10000	2284.0	17	22	1068482.0 0.7522485 0.24775149	1068484.0 0.7522471 0.24775289	1.0000000000000000
60000870_6500	1283.0	24	29	664723.0 0.7052291 0.2947709	664722.0 0.7052302 0.29476985	1.0000000000000000
60000870_6500	1283.0	25	30	732262.0 0.2675832 0.7324168	732261.0 0.26758218 0.7324178	1.0000000000000000
60000870_7050	1413.0	22	31	1723356.0 0.3112079 0.6887921	1723353.0 0.31120786 0.68879217	1.0000000000000000
60000870_6500	1283.0	27	32	1308213.0 0.9073691 0.09263094	1308216.0 0.907367 0.092633024	1.0000000000000000
60000870_6500	1283.0	28	33	266632.0 0.45448783 0.54551214	266637.0 0.45449057 0.54550946	1.0000000000000000
60000870_20000	2703.0	33	39	594900.0 0.32941 0.67059004	594901.0 0.32941112 0.6705889	1.0000000000000000
60000870_20000	2703.0	39	44	2241806.0 0.6431453 0.3568547	2241803.0 0.64314485 0.35685518	1.0000000000000000
70264803_7050	1325.0	10	52	722844.0 0.72484934 0.27515066	722868.0 0.7289491 0.27105087	1.0000000000000000
60000870_20000	2703.0	48	53	1054408.0 0.18582086 0.8141791	1054410.0 0.18582335 0.8141766	1.0000000000000000
60000870_20000	2703.0	53	58	1917000.0 0.10236046 0.8976395	1917002.0 0.10235983 0.89764017	1.0000000000000000
60000870_20000	2703.0	54	59	2367945.0 0.72669554 0.2733045	2367951.0 0.72669494 0.27330506	1.0000000000000000
60000870_15000	2623.0	58	60	2708842.0 0.23891057 0.76108944	2708842.0 0.23891132 0.76108867	1.0000000000000000
60000870_20000	2703.0	61	66	2522366.0 0.5721553 0.42784473	2522365.0 0.5721559 0.4278441	1.0000000000000000
60000870_20000	2703.0	62	67	2285296.0 0.4722281 0.5277719	2285292.0 0.47222805 0.52777195	1.0000000000000000
60000870_20000	2703.0	63	68	2831558.0 0.42595455 0.5740455	2831558.0 0.42595384 0.57404613	1.0000000000000000
60000870_20000	2703.0	64	69	2073627.0 0.7838647 0.21613531	2073629.0 0.7838649 0.2161351	1.0000000000000000
60000870_10000	2284.0	67	71	5470138.0 0.5333622 0.46663776	5470136.0 0.53336227 0.46663776	1.0000000000000000
60000870_20000	2703.0	67	72	2748586.0 0.9286855 0.071314484	2748587.0 0.9286852 0.07131483	1.0000000000000000
60000870_20000	2703.0	70	75	2616389.0 0.92504555 0.07495445	2616389.0 0.9250452 0.07495483	1.0000000000000000
60000870_10000	2284.0	76	80	1.0118099E7 0.28037736 0.7196226	1.01181E7 0.28038022 0.7196198	1.0000000000000000
60000870_15000	2623.0	77	81	7477349.0 0.97376573 0.026234297	7477350.0 0.97376543 0.026234562	1.0000000000000000
80199806_4800	1396.0	12	82	392035.0 0.50727105 0.49272898	392041.0 0.5003686 0.4996314	1.0000000000000000
60000870_15000	2623.0	91	94	7575135.0 0.4397865 0.5602135	7575134.0 0.43978655 0.56021345	0.9999999999999999
60000870_10000	2284.0	93	95	6157898.0 0.6891462 0.3108538	6157898.0 0.6891462 0.3108538	1.0000000000000000
