ID	BITRATE	START_IDX	CAPTURE_START_IDX	KEY	CAPTURE_KEY	CORRELATION
60004481_20000	859.0	13	12	992652.8 1.6677936 0.6780074	992651.0 1.6677936 0.67800665	0.9999999999754229
60004481_20000	859.0	14	13	998911.8 1.2294859 1.3187841	998909.2 1.2294861 1.3187855	0.9999999999826507
60004481_20000	859.0	15	14	960030.0 1.5796454 1.2755133	960028.4 1.579644 1.2755113	0.9999999999879217
60004481_20000	859.0	16	15	1234265.4 2.3749602 0.8341448	1234262.6 2.3749604 0.8341466	0.9999999999982009
60004481_20000	859.0	17	16	1499513.0 1.1667621 0.7370526	1499510.2 1.1667643 0.7370513	0.9999999999979230
60004481_20000	859.0	18	17	1293868.2 0.9434686 1.7941433	1293865.8 0.9434665 1.7941428	0.9999999999988842
60004481_20000	859.0	19	18	1230555.0 2.1497202 1.1893951	1230551.8 2.1497202 1.1893973	0.9999999999986402
60004481_20000	859.0	20	19	1482232.4 1.1429794 0.68943644	1482229.0 1.1429813 0.6894353	0.9999999999983940
60004481_20000	859.0	21	20	1315938.0 0.9276805 1.7839351	1315934.8 0.9276767 1.783935	0.9999999999969151
60004481_20000	859.0	22	21	1008827.2 2.4894214 1.4925113	1008822.4 2.4894245 1.4925175	0.9999999999966354
60004481_20000	859.0	23	22	1411308.6 1.5260956 0.36386585	1411304.2 1.5260997 0.363862	0.9999999999961103
60004481_20000	859.0	24	23	1435498.8 1.2438478 1.528815	1435496.0 1.2438453 1.528813	0.9999999999967815
60004481_15000	846.0	23	24	1511152.2 1.8425192 1.0579146	1511150.2 1.8425189 1.0579159	0.9999999999965007
60004481_7050	918.0	39	43	1403760.2 1.3767772 1.188854	1403759.0 1.3767755 1.188855	0.9999999999952740
60004481_15000	846.0	46	48	1503447.8 1.8056184 0.5504255	1503448.0 1.8056169 0.55042475	0.9999999999957671
60004481_15000	846.0	47	49	1451695.8 0.7070214 1.3691057	1451695.4 0.7070202 1.3691075	0.9999999999959646
60004481_15000	846.0	48	50	1262532.8 2.009178 1.6809758	1262532.4 2.009181 1.6809756	0.9999999999956025
60004481_15000	846.0	49	51	1604810.8 1.6909894 0.5152396	1604812.0 1.6909881 0.5152379	0.9999999999955280
60004481_15000	846.0	50	52	1751288.8 0.8538175 1.2800499	1751289.6 0.8538159 1.2800516	0.9999999999955185
60004481_15000	846.0	51	53	1546450.4 1.7405388 1.6228862	1546450.6 1.7405399 1.6228867	0.9999999999945167
60004481_15000	846.0	52	54	1767093.6 1.5818545 0.7161143	1767092.8 1.5818559 0.7161141	0.9999999999981496
60004481_15000	846.0	53	55	1846885.0 0.89522845 1.2926474	1846885.6 0.8952287 1.2926458	0.9999999999971062
60004481_15000	846.0	70	72	1190866.6 0.84000844 0.39572275	1190866.6 0.84000593 0.39572358	0.9999999999946098
60004481_15000	846.0	71	73	860478.4 1.2399185 2.6047964	860477.8 1.2399193 2.6047993	0.9999999999947686
60004481_15000	846.0	72	74	944995.4 2.5076525 0.52598035	944995.0 2.5076513 0.52597845	0.9999999999921004
60004481_15000	846.0	73	75	699481.0 0.9949591 1.3282763	699480.0 0.9949548 1.3282796	0.9999999999491832
60004481_15000	846.0	74	76	635798.4 1.8873452 1.4724369	635797.4 1.8873513 1.4724376	0.9999999999453306
60004481_15000	846.0	75	77	790791.0 1.8094149 0.6593702	790791.4 1.8094153 0.6593661	0.9999999999461882
60004481_15000	846.0	76	78	687622.8 0.9475471 1.4554942	687622.8 0.9475413 1.4554971	0.9999999999349404
60004481_15000	846.0	77	79	638095.4 1.9538819 1.3992642	638093.4 1.9538865 1.3992702	0.9999999999203487
60004481_15000	846.0	78	80	833603.2 1.7006329 0.6303059	833601.4 1.700639 0.63030124	0.9999999999508472
60004481_15000	846.0	79	81	828152.0 0.88464797 1.343315	828149.6 0.8846397 1.3433152	0.9999999999589112
