ID	BITRATE	START_IDX	CAPTURE_START_IDX	KEY	CAPTURE_KEY	CORRELATION
60000870_7050	1413.0	7	9	1450256.0 1.2261711 0.1386769 0.135152	1450256.6 1.226172 0.13867615 0.13515194	0.9999999999998473
80144140_2000	526.0	71	10	371100.66 0.53421897 0.5321845 0.43359664	371092.0 0.54195726 0.5281844 0.42985836	0.9954720794760781
60000870_7050	1413.0	9	11	387420.0 0.5059238 0.4117392 0.582337	387421.34 0.505922 0.41174036 0.58233756	0.9999999998484826
60000870_7050	1413.0	10	12	451758.0 0.35310057 0.49940234 0.6474971	451758.66 0.35310227 0.49940383 0.64749396	0.9999999999627670
80192445_7050	2280.0	2	15	574708.0 0.34640375 0.8078903 0.345706	574709.3 0.3412821 0.8085392 0.35017878	0.9998388195480773
60000870_7050	1413.0	13	16	548816.7 0.8466306 0.36670533 0.286664	548835.3 0.8466565 0.36668742 0.2866561	0.9999999996579554
60000870_7050	1413.0	14	17	335664.0 0.5995698 0.46870086 0.43172935	335664.66 0.5995597 0.4687029 0.43173745	0.9999999999207339
60000870_7050	1413.0	15	18	424528.0 0.3705904 0.34135795 0.78805166	424528.66 0.37059218 0.34136447 0.7880434	0.9999999999694326
60000870_6500	1283.0	27	26	969109.3 1.224869 0.12504369 0.1500873	969113.3 1.2248651 0.12504627 0.15008874	0.9999999999996855
60000870_6500	1283.0	28	27	301699.34 0.40166146 0.4821058 0.6162327	301700.66 0.40166965 0.48211032 0.61622006	0.9999999997616595
60000870_6500	1283.0	29	28	351719.34 0.4135428 0.52859473 0.5578624	351718.66 0.41354927 0.5285873 0.5578635	0.9999999975978531
60000870_6500	1283.0	30	29	619481.3 0.3001172 0.31673434 0.8831485	619478.7 0.30011365 0.31673568 0.88315064	0.9999999999736635
60000870_6500	1283.0	31	30	935638.7 0.2097081 0.5847278 0.705564	935637.3 0.2097084 0.58472764 0.705564	0.9999999999998446
60000870_6500	1283.0	32	31	1791873.4 0.30531958 0.368415 0.8262654	1791872.0 0.30531925 0.3684147 0.82626605	0.9999999999999921
60000870_6500	1283.0	33	32	1557788.0 0.42377588 0.9504265 0.1257976	1557788.0 0.42377526 0.9504265 0.12579824	0.9999999999989687
60000870_7050	1413.0	27	33	2905341.2 0.50960106 0.067449905 0.9229491	2905324.0 0.5096034 0.067451 0.9229456	0.9999999999881761
60000870_7050	1413.0	28	34	2442643.2 0.080226615 1.0977788 0.32199463	2442626.8 0.08022798 1.0977756 0.3219964	0.9999999999987922
60000870_7050	1413.0	29	35	2442917.2 1.0976557 0.3219585 0.08038586	2442897.2 1.097654 0.32196075 0.08038529	0.9999999999949585
60000870_10000	2284.0	39	37	792727.3 0.24772075 0.6935979 0.55868137	792727.3 0.24771821 0.6935979 0.55868393	0.9999999999672737
60000870_5500	1292.0	38	42	1196767.4 0.30043015 0.74123764 0.45833218	1196768.0 0.30042917 0.7412397 0.4583311	0.9999999999953355
60000870_6500	1283.0	45	46	961610.0 1.0958382 0.20040557 0.2037562	961606.7 1.095842 0.20375483 0.20040314	0.9999789120637944
60000870_6500	1283.0	46	47	478333.34 0.40288222 0.4096181 0.68749964	478330.66 0.40961623 0.40287822 0.6875056	0.9991397310960533
60000870_5500	1292.0	48	53	637039.3 0.27423897 0.30802494 0.9177361	637039.3 0.27423897 0.30802652 0.91773456	0.9999999999972623
60000870_7050	1413.0	50	60	1355474.0 0.6646236 0.41993576 0.41544065	1355476.6 0.6646223 0.41544133 0.41993642	0.9995030654007526
60000870_7050	1413.0	51	61	1040062.0 0.5472866 0.5414283 0.4112851	1040064.0 0.54142916 0.54728746 0.41128334	0.9970971856585185
60000870_6500	1283.0	74	76	1129675.4 1.1529586 0.17364635 0.17339495	1129676.0 1.1529571 0.17364714 0.17339574	1.0000000000000000
60000870_6500	1283.0	75	77	758970.0 0.25846082 0.25808662 0.98345256	758972.0 0.25846145 0.25808725 0.9834513	1.0000000000000000
60000870_6500	1283.0	76	78	1288468.6 0.15202543 0.5793009 0.7686737	1288470.6 0.15202597 0.57930076 0.7686733	1.0000000000000000
60000870_6500	1283.0	77	79	1822612.6 0.40952805 0.5434024 0.5470696	1822612.6 0.4095286 0.5434029 0.54706854	0.9999999999463723
60000870_5500	1292.0	75	80	1850938.0 0.5350865 0.5386971 0.42621633	1850939.4 0.5350867 0.53869617 0.42621708	0.9999999999666027
60000870_4800	1028.0	71	86	822288.0 0.21893789 0.74799097 0.53307116	822288.7 0.21894014 0.74799037 0.5330695	0.9999999999886946
60000870_4800	1028.0	72	87	995582.0 0.61779344 0.44028318 0.4419234	995582.7 0.61779296 0.44028187 0.4419251	0.9999999998906084
60000870_6500	1283.0	86	88	923940.7 0.47442222 0.47618964 0.54938805	923940.0 0.4744215 0.47619218 0.5493863	0.9999999992512820
60000870_4800	1028.0	79	94	1699061.4 0.96063864 0.31070802 0.22865331	1699062.0 0.9606389 0.3107079 0.22865322	0.9999999999999963
60000870_5500	1292.0	89	95	921834.0 0.5726747 0.42143813 0.50588715	921832.7 0.5726766 0.42143872 0.50588465	0.9999999995696193
60000870_4800	1028.0	81	96	995911.3 0.39009097 0.46825856 0.6416505	995910.0 0.39009148 0.46825618 0.64165235	0.9999999998939523
