ID	BITRATE	START_IDX	CAPTURE_START_IDX	KEY	CAPTURE_KEY	CORRELATION
80183328_15000	1952.0	1	0	426560.0 0.53779775 0.46220228	426570.0 0.5404623 0.4595377	1.0000000000000000
70296965_4200	1276.0	4	2	462237.0 0.5754883 0.42451167	462213.0 0.58206064 0.41793934	1.0000000000000000
80097391_2000	543.0	35	3	477902.0 0.41029122 0.58970875	477893.0 0.40422648 0.5957735	1.0000000000000000
60000870_5500	1292.0	3	4	385199.0 0.7391426 0.26085737	385198.0 0.73914194 0.26085806	1.0000000000000000
60000870_4200	825.0	0	5	296803.0 0.33855116 0.66144884	296802.0 0.33854893 0.66145104	1.0000000000000000
60000870_7050	1413.0	7	9	1979379.0 0.89839387 0.10160611	1979380.0 0.89839447 0.10160556	1.0000000000000000
60026145_800	450.0	14	10	397135.0 0.5068402 0.49315977	397121.0 0.50643504 0.49356493	1.0000000000000000
80163052_4800	426.0	32	11	355516.0 0.55921537 0.44078466	355522.0 0.5513161 0.44868392	1.0000000000000000
60000870_7050	1413.0	10	12	385125.0 0.4141928 0.5858072	385127.0 0.41419324 0.5858068	1.0000000000000000
60000870_7050	1413.0	11	13	518121.0 0.4354369 0.5645631	518121.0 0.4354388 0.5645612	1.0000000000000000
81110498_10000	4009.0	58	14	488638.0 0.59362555 0.40637445	488649.0 0.59861165 0.40138832	1.0000000000000000
70084788_3500	857.0	25	15	660837.0 0.30209112 0.6979089	660813.0 0.29681316 0.7031868	0.9999999999999999
60000870_7050	1413.0	14	17	358580.0 0.5612527 0.4387473	358578.0 0.56124747 0.4387525	1.0000000000000000
60000870_7050	1413.0	15	18	302242.0 0.5205299 0.4794701	302246.0 0.52052635 0.47947368	1.0000000000000000
60000870_7050	1413.0	16	19	479466.0 0.30224457 0.6977554	479466.0 0.30225083 0.69774914	1.0000000000000000
60000870_6500	1283.0	27	26	1308213.0 0.9073691 0.09263094	1308217.0 0.90736705 0.09263295	1.0000000000000000
60000870_6500	1283.0	28	27	266632.0 0.45448783 0.54551214	266637.0 0.45449057 0.54550946	1.0000000000000000
60000870_6500	1283.0	29	28	331368.0 0.438941 0.561059	331367.0 0.43894836 0.56105167	1.0000000000000000
60000870_7050	1413.0	25	29	382124.0 0.48652792 0.5134721	382125.0 0.48652667 0.51347333	1.0000000000000000
60000870_6500	1283.0	31	30	743305.0 0.26397106 0.73602897	743304.0 0.26397142 0.7360286	1.0000000000000000
60000870_6500	1283.0	32	31	1207247.0 0.45317486 0.5468251	1207245.0 0.4531748 0.54682523	1.0000000000000000
60000870_6500	1283.0	33	32	2140716.0 0.30837953 0.69162047	2140715.0 0.3083792 0.69162077	1.0000000000000000
60000870_7050	1413.0	27	33	1676530.0 0.8831127 0.116887264	1676530.0 0.88311154 0.116888456	1.0000000000000000
60000870_7050	1413.0	28	34	2877447.0 0.068103775 0.9318962	2877423.0 0.068105035 0.93189496	1.0000000000000000
60000870_5500	1292.0	31	35	3467973.0 0.7732053 0.22679473	3467973.0 0.7732056 0.22679444	1.0000000000000000
60000870_7050	1413.0	30	36	982894.0 0.8002063 0.19979367	982890.0 0.80020857 0.19979143	1.0000000000000000
60000870_10000	2284.0	39	37	746209.0 0.26316354 0.73683643	746207.0 0.26316157 0.73683846	1.0000000000000000
60000870_10000	2284.0	40	38	992716.0 0.55386835 0.44613162	992718.0 0.5538673 0.44613275	1.0000000000000000
80216541_7050	2294.0	38	39	638938.0 0.68891346 0.31108654	638940.0 0.6931543 0.30684572	1.0000000000000000
60000870_5500	1292.0	38	42	1246634.0 0.28841263 0.71158737	1246636.0 0.28841138 0.7115886	1.0000000000000000
60000870_5500	1292.0	39	43	1435606.0 0.61791956 0.38208047	1435608.0 0.61792076 0.38207924	1.0000000000000000
60000870_7050	1413.0	41	49	578933.0 0.56803465 0.43196535	578934.0 0.56803536 0.4319646	1.0000000000000000
70213513_1200	469.0	2	52	647509.0 0.7322184 0.26778162	647490.0 0.73018736 0.26981267	1.0000000000000000
60000870_5500	1292.0	48	53	370925.0 0.4709874 0.5290126	370926.0 0.47098613 0.5290139	0.9999999999999999
60000870_5500	1292.0	49	54	780858.0 0.2512928 0.7487072	780858.0 0.25129408 0.7487059	1.0000000000000000
60000870_5500	1292.0	52	57	1479030.0 0.5466752 0.45332482	1479031.0 0.5466748 0.45332518	1.0000000000000000
60000870_5500	1292.0	55	60	1464000.0 0.61535585 0.38464412	1464001.0 0.6153548 0.38464522	1.0000000000000000
60000870_20000	2703.0	56	66	2826221.0 0.37971976 0.6202802	2826204.0 0.3885116 0.6114884	0.9999999999999999
80033394_3500	938.0	70	69	1174018.0 0.1697393 0.8302607	1173993.0 0.16696267 0.8330373	1.0000000000000000
60000870_5500	1292.0	65	70	2237926.0 0.43700284 0.56299716	2237930.0 0.43700206 0.56299794	1.0000000000000000
60000870_6500	1283.0	70	73	785752.0 0.6981376 0.30186242	785750.0 0.69813937 0.30186063	1.0000000000000000
60000870_7050	1413.0	66	76	1498631.0 0.86910456 0.13089547	1498633.0 0.869104 0.13089596	1.0000000000000000
80199806_4800	1396.0	12	77	392035.0 0.50727105 0.49272898	392046.0 0.5003622 0.4996378	1.0000000000000000
60000870_6500	1283.0	76	78	942291.0 0.20787634 0.7921237	942293.0 0.20787695 0.792123	1.0000000000000000
60000870_7050	1413.0	69	79	1736822.0 0.4297562 0.57024384	1736825.0 0.42975658 0.5702434	1.0000000000000000
60000870_6500	1283.0	78	80	1987508.0 0.4983185 0.5016815	1987507.0 0.49831924 0.50168073	1.0000000000000000
60000870_5500	1292.0	76	81	1785995.0 0.5582854 0.44171456	1785996.0 0.5582846 0.44171545	1.0000000000000000
60000870_6500	1283.0	81	82	985168.0 0.80077916 0.19922084	985167.0 0.80078 0.19922003	1.0000000000000000
81056132_10000	498.0	63	83	748762.0 0.26637703 0.73362297	748763.0 0.262119 0.737881	1.0000000000000000
70123920_15000	1603.0	75	84	1227890.0 0.45533395 0.54466605	1227867.0 0.4499657 0.55003434	1.0000000000000000
60000870_4800	1028.0	71	86	795094.0 0.22642606 0.77357394	795096.0 0.226428 0.77357197	1.0000000000000000
60000870_4800	1028.0	72	87	1053402.0 0.58388346 0.41611654	1053401.0 0.583884 0.416116	1.0000000000000000
60000870_6500	1283.0	86	88	878309.0 0.49907038 0.50092965	878310.0 0.49906868 0.5009313	1.0000000000000000
60000870_6500	1283.0	87	89	947573.0 0.46431357 0.53568643	947573.0 0.46431568 0.53568435	1.0000000000000000
60000870_4800	1028.0	79	94	2160096.0 0.7556072 0.24439284	2160097.0 0.75560725 0.24439272	1.0000000000000000
60000870_5500	1292.0	89	95	916407.0 0.5760661 0.4239339	916408.0 0.57606655 0.42393345	1.0000000000000000
60000870_5500	1292.0	90	96	854840.0 0.45446634 0.54553366	854837.0 0.45446792 0.54553205	1.0000000000000000
60000870_4800	1028.0	82	97	1105371.0 0.42188913 0.5781109	1105369.0 0.42188716 0.57811284	1.0000000000000000
60020801_4800	1082.0	45	98	835265.0 0.7687309 0.23126912	835243.0 0.76508033 0.23491965	0.9999999999999999
