ID	BITRATE	START_IDX	CAPTURE_START_IDX	KEY	CAPTURE_KEY	CORRELATION
60020801_10000	1130.0	12	3	2020367.0 0.8754627 1.2541686	2020359.2 0.8754681 1.2541572	0.9999999995102965
60020801_10000	1130.0	13	4	1744135.8 1.9427754 1.6624846	1744130.4 1.942763 1.6624869	0.9999999994862763
60020801_10000	1130.0	14	5	1978059.4 1.7536658 0.61489964	1978046.6 1.7536756 0.61490613	0.9999999995025466
60020801_15000	1185.0	6	6	1935276.0 0.9082601 1.344787	1935274.8 0.9082607 1.3447878	0.9999999999936340
60020801_15000	1185.0	7	7	1817404.8 1.8190994 1.4625559	1817404.0 1.8190997 1.4625548	0.9999999999904097
60020801_15000	1185.0	8	8	1972957.4 1.6480098 0.7914332	1972957.2 1.6480093 0.7914333	0.9999999999877258
60020801_5500	1058.0	22	19	1398919.6 1.8302832 1.2792622	1398917.8 1.8302848 1.2792625	0.9999999999575606
60020801_7050	1088.0	29	25	1307779.2 1.9216768 1.0352182	1307777.6 1.9216769 1.0352188	0.9999999999898699
60020801_7050	1088.0	30	26	1388590.2 1.4598159 0.9621017	1388588.2 1.459815 0.96210164	0.9999999999804784
