ID	BITRATE	START_IDX	CAPTURE_START_IDX	KEY	CAPTURE_KEY	CORRELATION
60027695_15000	1311.0	12	6	1382536.0 0.7626167 0.40527624 0.3321071	1382533.4 0.7626181 0.40527558 0.33210626	0.9999999999998341
60027695_15000	1311.0	13	7	812107.3 0.6899445 0.56538093 0.24467456	812104.0 0.68994486 0.5653808 0.24467432	0.9999999999996481
60027695_15000	1311.0	14	8	945656.0 0.48553598 0.21012081 0.8043432	945652.7 0.48553556 0.21012048 0.80434394	0.9999999999993944
60027695_15000	1311.0	15	9	1148700.0 0.17297989 0.66216767 0.66485244	1148699.4 0.17297912 0.6621663 0.6648545	0.9999999999811550
60027695_15000	1311.0	16	10	1148714.6 0.66215926 0.664844 0.17299683	1148714.0 0.66215783 0.66484606 0.17299606	0.9999999999811535
60027695_15000	1311.0	17	11	1177819.4 0.6484152 0.16872196 0.68286276	1177819.4 0.64841694 0.16872111 0.6828619	0.9999999999895283
60027695_15000	1311.0	18	12	1557174.6 0.12761831 0.51650536 0.8558764	1557173.4 0.12761778 0.5165051 0.8558771	0.9999999999998525
60027695_15000	1311.0	19	13	1988722.0 0.40442505 0.6701535 0.42542145	1988720.6 0.40442482 0.670154 0.42542124	0.9999999999999902
60027695_15000	1311.0	20	14	2198212.0 0.6062877 0.38487872 0.5088335	2198212.0 0.6062877 0.38487825 0.508834	0.9999999999942183
60027695_15000	1311.0	21	15	2234742.8 0.3785872 0.50051576 0.620897	2234744.0 0.37858653 0.50051594 0.62089753	0.9999999999994532
60027695_20000	1295.0	25	16	1803521.4 0.62018895 0.7693538 0.11045724	1803522.6 0.6201891 0.7693538 0.11045717	0.9999999999999799
60027695_20000	1295.0	26	17	1858779.4 0.7464824 0.10717356 0.64634407	1858779.4 0.7464829 0.10717356 0.6463435	0.9999999999988020
60027695_20000	1295.0	27	18	1669167.4 0.11934812 0.7197666 0.6608852	1669166.0 0.11934823 0.7197666 0.66088516	0.9999999999999957
60027695_7050	1183.0	22	19	2044568.6 0.5876095 0.53954023 0.3728503	2044572.6 0.58760935 0.53953916 0.37285152	0.9999999999829318
60027695_7050	1183.0	23	20	1694378.0 0.6510513 0.44991022 0.39903846	1694381.4 0.65105003 0.44991168 0.39903826	0.9999999999700382
60027695_20000	1295.0	30	21	1320137.4 0.5774566 0.5121611 0.4103823	1320138.6 0.577456 0.5121606 0.4103834	0.9999999999918872
60027695_6500	1197.0	23	22	1112390.0 0.6078093 0.48702702 0.40516365	1112391.4 0.6078104 0.48702553 0.40516406	0.9999999999260122
60027695_7050	1183.0	27	23	996807.3 0.5434942 0.45214254 0.5043633	996810.7 0.5434964 0.452143 0.50436056	0.9999999986385415
60027695_7050	1183.0	28	24	990315.3 0.45510656 0.5076696 0.5372238	990315.3 0.45510858 0.5076686 0.53722286	0.9999999998883905
60027695_6500	1197.0	28	28	1186052.6 0.48984504 0.528759 0.48139602	1186053.4 0.48984474 0.5287595 0.4813957	0.9999999999948082
60027695_6500	1197.0	29	29	1190420.0 0.5268191 0.47962987 0.49355102	1190420.0 0.52681994 0.47962987 0.49355018	0.9999999996823171
60027695_15000	1311.0	38	33	1369252.0 0.14514859 0.712164 0.6426874	1369250.6 0.14514655 0.7121655 0.64268804	0.9999999999997968
60027695_7050	1183.0	37	34	1639186.0 0.59488857 0.5368512 0.36826023	1639186.0 0.59488857 0.5368524 0.368259	0.9999999999738292
60027695_7050	1183.0	45	42	1737344.0 0.45164803 0.4828278 0.56552416	1737344.6 0.451649 0.4828282 0.5655228	0.9999999999998647
60027695_7050	1183.0	60	56	1581088.0 0.53788596 0.45380458 0.5083095	1581087.4 0.53788614 0.45380476 0.508309	0.9999999999643947
60027695_15000	1311.0	63	57	1467563.4 0.4889104 0.5476302 0.46345937	1467564.0 0.48890883 0.5476293 0.4634619	0.9999999992048353
60027695_10000	1351.0	60	58	1512423.4 0.5313869 0.44971666 0.51889634	1512423.4 0.53138626 0.44971535 0.51889837	0.9999999994405517
60027695_10000	1351.0	61	59	1612341.4 0.4218474 0.48673996 0.5914126	1612342.0 0.42184597 0.48674163 0.59141237	0.9999999998457763
60027695_10000	1351.0	62	60	1781788.6 0.44045123 0.53516954 0.52437925	1781791.4 0.44045225 0.5351687 0.524379	0.9999999999929423
60027695_10000	1351.0	63	61	1799984.0 0.5297597 0.5190785 0.4511618	1799984.0 0.5297597 0.519079 0.45116124	0.9999999999689657
60027695_10000	1351.0	64	62	1296624.6 0.7205887 0.6263062 0.15310521	1296625.4 0.72058904 0.62630504 0.1531059	0.9999999999962668
60027695_10000	1351.0	65	63	1197765.4 0.67799926 0.16574198 0.65625876	1197764.6 0.67799884 0.16574292 0.65625834	0.9999999999999922
60027695_10000	1351.0	66	64	1259598.0 0.15760584 0.6240435 0.7183506	1259596.6 0.15760681 0.6240434 0.7183498	0.9999999999997505
60027695_4200	1027.0	67	65	1900048.0 0.41369691 0.47621638 0.6100867	1900047.4 0.41369653 0.47621498 0.61008847	0.9999999999529324
60027695_10000	1351.0	73	71	1223021.4 0.4445196 0.5244389 0.53104144	1223021.4 0.4445188 0.52443975 0.53104144	0.9999999999550981
60027695_10000	1351.0	74	72	1351788.0 0.4744827 0.48045626 0.54506105	1351786.6 0.4744839 0.48045674 0.5450594	0.9999999999788193
60027695_20000	1295.0	83	74	1603032.6 0.45963132 0.5928507 0.44751802	1603032.0 0.4596315 0.5928515 0.44751695	0.9999999999751973
