ID	BITRATE	START_IDX	CAPTURE_START_IDX	KEY	CAPTURE_KEY	CORRELATION
60027695_15000	1311.0	16	17	1148714.6 0.66215926 0.664844 0.17299683	1148714.0 0.6621587 0.6648452 0.17299606	0.9999999999953013
60027695_15000	1311.0	17	18	1177819.4 0.6484152 0.16872196 0.68286276	1177820.0 0.64841574 0.16872102 0.68286324	0.9999999999999790
60027695_15000	1311.0	18	19	1557174.6 0.12761831 0.51650536 0.8558764	1557174.6 0.12761767 0.51650596 0.8558764	0.9999999999988893
60027695_15000	1311.0	19	20	1988722.0 0.40442505 0.6701535 0.42542145	1988722.6 0.40442544 0.67015326 0.42542133	0.9999999999986752
60027695_15000	1311.0	20	21	2198212.0 0.6062877 0.38487872 0.5088335	2198212.0 0.6062877 0.38487872 0.5088335	1.0000000000000000
60027695_15000	1311.0	21	22	2234742.8 0.3785872 0.50051576 0.620897	2234743.2 0.37858713 0.50051564 0.6208973	0.9999999999994242
60027695_20000	1295.0	25	23	1803521.4 0.62018895 0.7693538 0.11045724	1803521.4 0.62018895 0.7693538 0.11045724	1.0000000000000000
60027695_20000	1295.0	26	24	1858779.4 0.7464824 0.10717356 0.64634407	1858778.6 0.7464827 0.1071736 0.64634377	0.9999999999996475
60027695_20000	1295.0	27	25	1669167.4 0.11934812 0.7197666 0.6608852	1669164.6 0.119348325 0.7197672 0.6608845	0.9999999999980221
60027695_7050	1183.0	22	26	2044568.6 0.5876095 0.53954023 0.3728503	2044570.6 0.58760995 0.5395387 0.3728514	0.9999999999491727
60027695_6500	1197.0	20	27	1376232.0 0.801556 0.5539204 0.14452359	1376228.0 0.8015569 0.55392057 0.14452256	1.0000000000000000
60027695_6500	1197.0	21	28	1091561.4 0.6983785 0.18221422 0.61940724	1091557.4 0.6983792 0.18221305 0.61940765	1.0000000000000000
60027695_6500	1197.0	22	29	944522.0 0.21058059 0.715834 0.5735854	944518.0 0.21057937 0.715835 0.5735857	0.9999999999999999
60027695_6500	1197.0	23	30	1112390.0 0.6078093 0.48702702 0.40516365	1112387.4 0.60780895 0.4870264 0.4051646	0.9999999999818070
60027695_7050	1183.0	27	31	996807.3 0.5434942 0.45214254 0.5043633	996808.7 0.5434965 0.45214292 0.50436056	0.9999999986385415
60027695_7050	1183.0	28	32	990315.3 0.45510656 0.5076696 0.5372238	990314.0 0.45510817 0.50766826 0.5372235	0.9999999997168363
60027695_7050	1183.0	29	33	1077171.4 0.46673447 0.49390563 0.53935987	1077169.4 0.46673346 0.4939056 0.5393609	0.9999999999933793
60027695_6500	1197.0	27	34	1160092.0 0.45860156 0.5008068 0.5405916	1160092.0 0.45860156 0.5008077 0.54059076	0.9999999998310157
60027695_6500	1197.0	28	35	1186052.6 0.48984504 0.528759 0.48139602	1186054.0 0.4898453 0.5287576 0.48139715	0.9999999999647431
60027695_6500	1197.0	29	36	1190420.0 0.5268191 0.47962987 0.49355102	1190420.0 0.5268183 0.47963157 0.49355018	0.9999999991525369
60027695_6500	1197.0	33	40	1785992.0 0.46128651 0.5459896 0.49272394	1785990.6 0.46128684 0.54598886 0.4927243	0.9999999999846362
60027695_15000	1311.0	39	41	1369248.0 0.7121661 0.6426893 0.14514464	1369249.4 0.71216464 0.64268863 0.14514668	0.9999999999997969
60027695_15000	1311.0	40	42	1121588.6 0.7846023 0.17719421 0.5382036	1121592.6 0.7845995 0.17719625 0.5382043	0.9999999999955398
60027695_15000	1311.0	41	43	917924.0 0.21650921 0.6576176 0.62587315	917928.7 0.21651137 0.6576175 0.62587106	0.9999999999894942
60027695_7050	1183.0	41	47	1524777.4 0.49755853 0.46961346 0.532828	1524777.4 0.49755853 0.46961215 0.5328293	0.9999999999961813
60027695_7050	1183.0	46	50	1803452.0 0.4651291 0.5447941 0.4900768	1803454.0 0.46512914 0.5447935 0.49007738	0.9999999999491501
60027695_4200	1027.0	52	58	1612504.0 0.5861406 0.4508578 0.46300164	1612482.6 0.5861477 0.45086315 0.46298918	0.9999999921417129
60027695_4200	1027.0	53	59	1501691.4 0.48412743 0.4971674 0.5187051	1501672.6 0.48413283 0.49715364 0.5187136	0.9999997789274117
60027695_4200	1027.0	54	60	1544730.6 0.48331535 0.504253 0.51243174	1544712.6 0.48330155 0.5042608 0.5124377	0.9999999620456470
60027695_4200	1027.0	55	61	1525339.4 0.5106634 0.5189462 0.4703904	1525342.6 0.5106643 0.51894504 0.4703907	0.9999999993442857
60027695_6500	1197.0	62	69	1630532.6 0.417141 0.584812 0.49804708	1630535.4 0.4171403 0.5848128 0.49804685	0.9999999999982148
60027695_3500	967.0	62	73	1750140.6 0.5338617 0.44913247 0.51700586	1750140.0 0.5338624 0.44913206 0.5170055	0.9999999999380580
60027695_4200	1027.0	67	74	1900048.0 0.41369691 0.47621638 0.6100867	1900048.0 0.41369691 0.47621533 0.61008775	0.9999999999694611
60027695_4200	1027.0	68	75	2069766.0 0.4371673 0.56006044 0.5027723	2069766.6 0.43716618 0.5600612 0.5027726	0.9999999999923201
60027695_4200	1027.0	69	76	1894143.4 0.61198854 0.5493887 0.33862272	1894144.0 0.6119894 0.54938906 0.33862156	0.9999999999999855
60027695_5500	1138.0	68	77	1253882.6 0.8299198 0.5115311 0.15854913	1253880.6 0.8299211 0.51153034 0.15854858	0.9999999999978139
60027695_5500	1138.0	69	78	922571.3 0.6952308 0.21548687 0.58928233	922569.3 0.6952301 0.21548624 0.58928365	0.9999999999911600
