ID	BITRATE	START_IDX	CAPTURE_START_IDX	KEY	CAPTURE_KEY	CORRELATION
60027695_15000	1311.0	12	6	1548475.4 0.8092276 0.88125265 1.1572021 0.67469394 0.4912135	1548474.2 0.8092275 0.88125134 1.1572016 0.67469317 0.49121255	0.9999999999949252
60027695_15000	1311.0	13	7	1448312.8 0.94219846 1.2372321 0.72135454 1.2974794 0.5273143	1448311.2 0.9421973 1.237232 0.72135395 1.2974801 0.5273162	0.9999999999946210
60027695_15000	1311.0	14	8	1734873.0 1.0328704 0.6022037 1.0831664 1.2400106 0.114546716	1734872.2 1.0328697 0.60220283 1.0831662 1.2400135 0.11454619	0.9999999999958045
60027695_20000	1295.0	18	9	1788577.2 0.58412015 1.0506412 1.2027783 0.22248802 0.44968143	1788577.2 0.5841207 1.0506424 1.20278 0.2224869 0.44968033	0.9999999999954393
60027695_20000	1295.0	19	10	1891778.2 0.99332625 1.1371639 0.21035077 1.0602199 0.7044959	1891778.0 0.99332744 1.1371657 0.21034974 1.0602185 0.70449543	0.9999999999949057
60027695_20000	1295.0	20	11	2014774.0 1.0677435 0.1975095 0.99549675 1.2090081 0.41992006	2014773.6 1.0677452 0.19750854 0.99549544 1.2090073 0.41992012	0.9999999999952467
60027695_20000	1295.0	21	12	2068299.6 0.19239815 0.96973425 1.1777201 0.77762717 0.540794	2068298.8 0.19239725 0.96973324 1.1777196 0.7776275 0.5407947	0.9999999999970989
60027695_20000	1295.0	22	13	1926112.4 1.0413209 1.2646604 0.8350323 0.93174577 0.72038686	1926111.8 1.0413196 1.2646598 0.8350325 0.93174654 0.7203876	0.9999999999965070
60027695_20000	1295.0	23	14	2074046.4 1.1744568 0.7754725 0.8652878 0.930214 0.09604993	2074046.4 1.1744559 0.7754725 0.86528826 0.9302155 0.09604993	0.9999999999968375
60027695_10000	1351.0	58	56	1694937.2 1.0530059 0.9024464 0.5912915 0.8650503 0.46302068	1694936.8 1.0530063 0.9024455 0.59129167 0.8650488 0.4630226	0.9999999999761384
60027695_10000	1351.0	59	57	1701969.4 0.8987177 0.5888484 0.8614761 0.9927464 0.560268	1701969.0 0.89871675 0.5888486 0.8614746 0.99274725 0.56026816	0.9999999999743743
60027695_10000	1351.0	60	58	1765857.8 0.56754404 0.8303081 0.9568291 1.1964475 0.52911	1765857.2 0.56754416 0.83030665 0.9568299 1.1964477 0.5291107	0.9999999999810278
