ID	BITRATE	START_IDX	CAPTURE_START_IDX	KEY	CAPTURE_KEY	CORRELATION
60027695_15000	1311.0	12	6	1395732.2 0.7554063 0.40144446 0.3289671 0.14236398 0.54496986 0.54717946 0.14237975 0.57624876 0.9548744 0.6061657	1395730.6 0.7554072 0.4014435 0.32896605 0.14236343 0.5449691 0.5471815 0.1423792 0.5762487 0.9548755 0.6061657	0.9999999999949252
60027695_15000	1311.0	13	7	1408568.0 0.39778626 0.32596934 0.14106667 0.5400038 0.54219323 0.14108229 0.57099766 0.946173 0.6006419 0.7940859	1408566.6 0.39778522 0.32596827 0.1410661 0.5400029 0.54219514 0.14108172 0.5709975 0.9461739 0.6006418 0.7940874	0.9999999999946210
60027695_15000	1311.0	14	8	1574015.2 0.2917062 0.12623893 0.4832431 0.4852024 0.1262529 0.5109792 0.84671926 0.5375075 0.71061826 0.88153213	1574014.6 0.29170504 0.12623835 0.483242 0.4852039 0.12625232 0.51097876 0.84671956 0.53750706 0.7106192 0.88153374	0.9999999999958045
60027695_20000	1295.0	18	9	1522027.2 0.13054956 0.4997473 0.5017755 0.13056599 0.5284334 0.87564135 0.55586654 0.73489094 0.9116433 0.13088596	1522027.4 0.13055022 0.4997479 0.50177675 0.13056467 0.528432 0.87564063 0.5558665 0.73489153 0.9116439 0.13088594	0.9999999999954393
60027695_20000	1295.0	19	10	1722569.4 0.44156653 0.44335863 0.11536545 0.46691298 0.77369887 0.49115235 0.64933467 0.8055095 0.11564817 0.6974529	1722569.2 0.44156715 0.44335982 0.115364306 0.46691185 0.77369833 0.49115238 0.64933527 0.80551016 0.11564818 0.69745237	0.9999999999949057
60027695_20000	1295.0	20	11	1791069.2 0.42640227 0.11095328 0.4490558 0.74410856 0.47236812 0.6245007 0.7747026 0.11122518 0.67077863 0.6159047	1791068.6 0.42640355 0.1109522 0.4490548 0.74410826 0.47236827 0.62450147 0.77470344 0.11122522 0.67077833 0.6159044	0.9999999999952467
60027695_20000	1295.0	21	12	1790790.4 0.11097056 0.4491257 0.7442245 0.47244167 0.62459797 0.77482325 0.1112425 0.6708831 0.61600065 0.42569026	1790789.4 0.1109695 0.44912484 0.7442243 0.47244194 0.62459886 0.7748242 0.11124256 0.67088294 0.6160004 0.42569047	0.9999999999970989
60027695_20000	1295.0	22	13	1886270.0 0.42639178 0.70655316 0.44852751 0.59298193 0.7356031 0.10561161 0.6369242 0.5848198 0.40414256 0.35844445	1886269.4 0.42639086 0.70655286 0.44852766 0.59298265 0.73560387 0.10561164 0.63692385 0.58481944 0.4041427 0.35844457	0.9999999999965070
60027695_20000	1295.0	23	14	1833764.2 0.7267837 0.4613701 0.6099606 0.7566654 0.10863556 0.6551611 0.60156476 0.4157143 0.3687077 0.29543656	1833764.4 0.7267831 0.46137008 0.60996115 0.75666595 0.10863555 0.6551605 0.6015642 0.41571426 0.3687077 0.29543763	0.9999999999968375
60027695_10000	1351.0	58	56	1504225.4 0.5653714 0.47699368 0.534283 0.4521676 0.52172434 0.6339203 0.621139 0.5398686 0.1319749 0.5225573	1504225.0 0.56537086 0.47699314 0.53428245 0.4521664 0.5217265 0.63392043 0.62113976 0.53986806 0.1319756 0.5225568	0.9999999999761384
60027695_10000	1351.0	59	57	1515102.8 0.4735692 0.5304472 0.44892138 0.5179787 0.6293692 0.6166796 0.5359927 0.13102742 0.51880574 0.597209	1515102.2 0.4735687 0.5304467 0.4489202 0.5179809 0.6293694 0.6166805 0.5359922 0.13102812 0.51880527 0.5972079	0.9999999999743743
60027695_10000	1351.0	60	58	1603441.0 0.5012233 0.42418897 0.48944178 0.5946954 0.58270496 0.5064633 0.123808734 0.4902232 0.56430703 0.72294337	1603440.6 0.5012228 0.42418784 0.48944375 0.59469557 0.5827057 0.50646275 0.12380939 0.4902227 0.5643059 0.7229435	0.9999999999810278
