ID	BITRATE	START_IDX	CAPTURE_START_IDX	KEY	CAPTURE_KEY	CORRELATION
60027695_15000	1311.0	12	6	1213255.2 0.8690216 0.46182284 0.37844467 0.16377592 0.6269348	1213252.4 0.8690236 0.4618223 0.37844393 0.16377549 0.6269347	0.9999999999968314
60027695_15000	1311.0	13	7	1097003.6 0.5107631 0.4185492 0.18113159 0.69337237 0.6961837	1097001.6 0.5107622 0.41854814 0.181131 0.69337183 0.6961868	0.9999999999756032
60027695_15000	1311.0	14	8	952369.6 0.48211324 0.20863958 0.7986731 0.80191135 0.20866269	952368.0 0.48211196 0.20863889 0.7986724 0.8019148 0.20866199	0.9999999999847643
60027695_15000	1311.0	15	9	1090425.2 0.18222432 0.69755536 0.70038366 0.1822445 0.73759204	1090424.0 0.18222362 0.69755435 0.7003863 0.1822438 0.737592	0.9999999999891410
60027695_15000	1311.0	16	10	1544044.0 0.49262327 0.49462062 0.12870358 0.52089775 0.8631548	1544043.2 0.4926222 0.49462214 0.128703 0.5208973 0.86315525	0.9999999999932214
60027695_15000	1311.0	17	11	1578209.2 0.483913 0.12591739 0.50962126 0.84446913 0.5360791	1578208.8 0.48391443 0.12591681 0.5096208 0.8444694 0.53607863	0.9999999999950150
60027695_15000	1311.0	18	12	1720132.4 0.115528315 0.4675739 0.77479446 0.49184877 0.6502546	1720131.6 0.11552779 0.46757352 0.77479476 0.4918484 0.65025544	0.9999999999987274
60027695_15000	1311.0	19	13	2195660.8 0.36630842 0.60699224 0.3853259 0.5094248 0.6319487	2195661.2 0.36630788 0.60699207 0.38532537 0.5094251 0.6319495	0.9999999999960885
60027695_20000	1295.0	23	14	1953630.4 0.6821915 0.43306246 0.5725362 0.71023977 0.10197016	1953630.8 0.68219084 0.43306237 0.5725365 0.7102401 0.101970136	0.9999999999985282
60027695_20000	1295.0	24	15	1901094.8 0.44502988 0.58835787 0.7298668 0.10478804 0.6319575	1901095.2 0.44502977 0.5883582 0.72986716 0.10478801 0.63195676	0.9999999999984529
60027695_20000	1295.0	25	16	2003928.4 0.55816567 0.692413 0.099410735 0.5995279 0.55048275	2003928.4 0.55816615 0.69241345 0.099410735 0.5995274 0.5504823	0.9999999999976930
60027695_20000	1295.0	26	17	1861447.6 0.74541235 0.10701993 0.6454176 0.59261835 0.4095318	1861447.2 0.745413 0.10701995 0.64541715 0.5926179 0.4095319	0.9999999999984004
60027695_20000	1295.0	27	18	1576878.4 0.12633315 0.76189196 0.6995644 0.48343742 0.42877308	1576877.6 0.1263332 0.7618917 0.6995641 0.48343763 0.42877328	0.9999999999997145
60027695_20000	1295.0	28	19	1713898.0 0.7009816 0.6436369 0.44478843 0.3944943 0.31609875	1713898.0 0.700981 0.64363635 0.44478843 0.3944943 0.3160999	0.9999999999979006
60027695_6500	1197.0	23	22	1081343.2 0.6252603 0.5010102 0.41679642 0.46493378 0.49199918	1081343.6 0.6252619 0.5010091 0.4167972 0.46493268 0.49199903	0.9999999999087156
60027695_10000	1351.0	58	56	1534634.8 0.55416834 0.46754187 0.52369595 0.44320774 0.51138616	1534634.0 0.554168 0.46754146 0.5236955 0.44320667 0.51138836	0.9999999996273282
60027695_10000	1351.0	59	57	1575880.0 0.45530498 0.5099893 0.43160772 0.49800175 0.6050962	1575879.6 0.45530444 0.50998884 0.43160656 0.49800378 0.60509634	0.9999999998501817
60027695_10000	1351.0	60	58	1662610.8 0.48338553 0.40909275 0.47202328 0.5735311 0.5619674	1662611.2 0.4833848 0.4090914 0.47202495 0.573531 0.5619678	0.9999999998721751
60027695_10000	1351.0	61	59	1665971.6 0.40826747 0.47107103 0.5723741 0.5608337 0.48745367	1665972.0 0.40826616 0.47107273 0.572374 0.56083417 0.48745298	0.9999999998701624
60027695_10000	1351.0	62	60	1473314.8 0.5326703 0.64722013 0.63417065 0.5511952 0.13474378	1473316.4 0.53267175 0.6472194 0.63417065 0.5511939 0.13474432	0.9999999999887835
60027695_10000	1351.0	63	61	1473816.0 0.647 0.633955 0.55100775 0.13469796 0.5333393	1473816.0 0.647 0.63395566 0.55100703 0.13469863 0.5333386	0.9999999999955241
60027695_10000	1351.0	64	62	1454325.6 0.64245105 0.55839217 0.13650313 0.54048693 0.6221667	1454324.8 0.6424521 0.5583918 0.1365039 0.5404866 0.62216574	0.9999999999926595
60027695_10000	1351.0	65	63	1544271.2 0.5258688 0.12855254 0.50900644 0.5859288 0.7506434	1544270.0 0.52586854 0.1285533 0.5090062 0.58592796 0.75064397	0.9999999999963873
