ID	BITRATE	START_IDX	CAPTURE_START_IDX	KEY	CAPTURE_KEY	CORRELATION
80106307_3500	1288.0	54	1	439831.0 0.55391955 0.44608042	439809.0 0.54726255 0.45273745	1.0000000000000000
80184100_20000	2098.0	0	2	397720.0 0.50709796 0.49290204	397713.0 0.5006575 0.4993425	1.0000000000000000
60027695_2000	443.0	4	6	304017.0 0.66703504 0.33296493	304016.0 0.667034 0.33296603	1.0000000000000000
60027695_2000	443.0	5	7	299928.0 0.33750433 0.6624957	299929.0 0.3375032 0.6624968	1.0000000000000000
80144140_4800	543.0	5	8	309384.0 0.6443578 0.35564217	309361.0 0.64229816 0.35770184	1.0000000000000000
70123920_600	361.0	4	10	263519.0 0.49857125 0.5014287	263514.0 0.49699068 0.5030093	1.0000000000000000
80192445_2000	767.0	9	11	331299.0 0.40087956 0.59912044	331275.0 0.40012074 0.59987926	1.0000000000000000
60027695_3500	967.0	12	12	401597.0 0.49483687 0.50516313	401598.0 0.49483564 0.5051644	1.0000000000000000
60027695_3500	967.0	13	13	455013.0 0.4458598 0.5541402	455013.0 0.445862 0.554138	1.0000000000000000
60027695_5500	1138.0	17	15	699817.0 0.44147256 0.55852747	699818.0 0.44147193 0.55852807	1.0000000000000000
60027695_5500	1138.0	18	16	752491.0 0.5194308 0.4805692	752492.0 0.5194314 0.48056856	1.0000000000000000
60027695_5500	1138.0	19	17	560837.0 0.6447934 0.35520658	560837.0 0.6447934 0.35520658	1.0000000000000000
70220028_1200	609.0	36	18	734297.0 0.26161078 0.73838925	734317.0 0.27129018 0.7287098	1.0000000000000000
80023001_10000	2666.0	5	23	557106.0 0.35640255 0.6435974	557104.0 0.3570213 0.64297867	1.0000000000000000
80202920_10000	2833.0	11	29	567897.0 0.3501797 0.6498203	567888.0 0.35053214 0.6494678	1.0000000000000000
60027695_4800	1130.0	31	30	683597.0 0.5395328 0.46046722	683596.0 0.53953654 0.4604635	1.0000000000000000
60027695_4800	1130.0	32	31	640907.0 0.49113834 0.50886166	640903.0 0.49113673 0.5088633	0.9999999999999999
60027695_4800	1130.0	33	32	524879.0 0.6213489 0.37865108	524875.0 0.6213518 0.37864825	1.0000000000000000
80097391_3500	518.0	10	33	692664.0 0.2831474 0.7168526	692682.0 0.2869181 0.7130819	1.0000000000000000
60027695_4800	1130.0	78	34	1092564.0 0.4520916 0.5479084	1092566.0 0.45209077 0.54790926	1.0000000000000000
60027695_4200	1027.0	35	35	1118333.0 0.5352851 0.46471488	1118333.0 0.5352851 0.46471488	1.0000000000000000
81006261_5500	1444.0	72	36	718425.0 0.7230038 0.2769962	718447.0 0.7233742 0.27662584	1.0000000000000000
60027695_4200	1027.0	37	37	530766.0 0.37444183 0.62555814	530769.0 0.37443972 0.6255603	1.0000000000000000
60027695_3500	967.0	41	42	1067721.0 0.47081307 0.5291869	1067720.0 0.4708107 0.5291893	1.0000000000000000
60027695_3500	967.0	42	43	1265322.0 0.44654563 0.5534544	1265323.0 0.44654685 0.55345315	1.0000000000000000
