ID	BITRATE	START_IDX	CAPTURE_START_IDX	KEY	CAPTURE_KEY	CORRELATION
81006261_4800	1211.0	11	1	414366.0 0.47904268 0.5209573	414378.0 0.47291845 0.52708155	1.0000000000000000
60020801_5500	1058.0	0	4	452294.0 0.5059629 0.49403706	452292.0 0.5059674 0.49403262	1.0000000000000000
80029196_7050	1362.0	54	5	420144.0 0.52705264 0.47294736	420124.0 0.53185964 0.46814036	1.0000000000000000
60020801_6500	1090.0	9	7	1087004.0 0.49660996 0.5033901	1087004.0 0.49660996 0.5033901	1.0000000000000000
60020801_7050	1088.0	11	8	743458.0 0.73600256 0.26399744	743457.0 0.7360036 0.26399645	1.0000000000000000
60020801_6500	1090.0	11	9	569366.0 0.34471676 0.6552833	569366.0 0.34471676 0.6552833	1.0000000000000000
60020801_6500	1090.0	12	10	770417.0 0.484278 0.515722	770418.0 0.48427737 0.51572263	1.0000000000000000
60020801_6500	1090.0	17	15	843607.0 0.49581736 0.50418264	843607.0 0.49581856 0.50418144	1.0000000000000000
80018689_7050	1373.0	44	17	900338.0 0.2208093 0.7791907	900345.0 0.2186273 0.78137267	1.0000000000000000
60020801_7050	1088.0	20	18	1296902.0 0.54245037 0.4575496	1296903.0 0.54244995 0.45755002	1.0000000000000000
60020801_6500	1090.0	20	19	789405.0 0.75170416 0.24829587	789405.0 0.75170285 0.24829714	1.0000000000000000
60020801_5500	1058.0	21	20	783568.0 0.25014678 0.74985325	783568.0 0.25014678 0.74985325	1.0000000000000000
60020801_7050	1088.0	23	21	1126199.0 0.5217213 0.4782787	1126197.0 0.5217213 0.47827867	1.0000000000000000
60020801_7050	1088.0	24	22	1180561.0 0.4562551 0.54374486	1180559.0 0.45625505 0.543745	1.0000000000000000
60020801_7050	1088.0	25	23	1223718.0 0.52456856 0.47543144	1223716.0 0.5245686 0.47543138	1.0000000000000000
60020801_7050	1088.0	26	24	1221618.0 0.4762487 0.52375126	1221616.0 0.47624868 0.5237513	1.0000000000000000
60020801_5500	1058.0	26	25	836481.0 0.7648984 0.23510158	836480.0 0.7648993 0.23510066	1.0000000000000000
60020801_5500	1058.0	27	26	919837.0 0.21379657 0.78620344	919835.0 0.21379596 0.78620404	1.0000000000000000
60020801_7050	1088.0	29	27	1334303.0 0.5419901 0.4580099	1334303.0 0.5419893 0.45801067	1.0000000000000000
80031715_10000	1364.0	42	29	863804.0 0.22997926 0.7700207	863828.0 0.22682987 0.7731701	1.0000000000000000
60020801_6500	1090.0	29	31	1140003.0 0.4243103 0.57568973	1140004.0 0.42430905 0.575691	1.0000000000000000
60020801_7050	1088.0	34	32	1156137.0 0.56765676 0.4323432	1156136.0 0.5676581 0.43234187	1.0000000000000000
60020801_7050	1088.0	35	33	1046619.0 0.47758353 0.5224165	1046618.0 0.47758207 0.5224179	1.0000000000000000
60020801_6500	1090.0	35	35	818174.0 0.76049227 0.23950773	818172.0 0.7604929 0.2395071	1.0000000000000000
60020801_6500	1090.0	36	36	869208.0 0.22544546 0.77455455	869207.0 0.22544457 0.77455544	1.0000000000000000
60020801_7050	1088.0	39	37	1125380.0 0.5982415 0.40175852	1125379.0 0.598242 0.401758	1.0000000000000000
60020801_7050	1088.0	40	38	1001822.0 0.45130873 0.5486913	1001820.0 0.4513086 0.5486914	1.0000000000000000
60020801_7050	1088.0	41	39	1035207.0 0.5309962 0.4690038	1035206.0 0.5309958 0.46900424	1.0000000000000000
60020801_7050	1088.0	42	40	682354.0 0.711531 0.28846905	682355.0 0.7115299 0.2884701	1.0000000000000000
70213513_600	434.0	0	41	863367.0 0.23035975 0.76964027	863357.0 0.2279926 0.7720074	1.0000000000000000
60020801_7050	1088.0	44	42	1434298.0 0.4647005 0.5352995	1434296.0 0.46470046 0.53529954	1.0000000000000000
60020801_7050	1088.0	45	43	1369349.0 0.56068903 0.43931094	1369348.0 0.56068873 0.43931127	1.0000000000000000
60020801_5500	1058.0	43	44	1291963.0 0.46562555 0.5343744	1291961.0 0.46562552 0.5343745	1.0000000000000000
60020801_15000	1185.0	44	45	886357.0 0.7789085 0.22109151	886359.0 0.77890676 0.22109325	1.0000000000000000
60020801_20000	1163.0	52	48	906095.0 0.78287596 0.21712403	906097.0 0.78287643 0.21712355	1.0000000000000000
896970_7050	1977.0	49	49	906295.0 0.21919574 0.7808043	906298.0 0.2170754 0.7829246	1.0000000000000000
60020801_5500	1058.0	49	50	1451418.0 0.48887503 0.51112497	1451423.0 0.48887402 0.511126	1.0000000000000000
60020801_6500	1090.0	51	51	1431113.0 0.5183784 0.48162165	1431115.0 0.51837903 0.48162097	1.0000000000000000
60020801_5500	1058.0	52	52	1370476.0 0.50293183 0.49706817	1370476.0 0.5029311 0.4970689	1.0000000000000000
60020801_4800	1082.0	52	53	1406121.0 0.48446542 0.5155346	1406126.0 0.48446655 0.51553345	1.0000000000000000
60020801_6500	1090.0	55	56	1419378.0 0.510561 0.48943904	1419379.0 0.51056063 0.4894394	1.0000000000000000
60020801_10000	1130.0	67	60	1499619.0 0.46801022 0.5319898	1499616.0 0.4680098 0.5319902	1.0000000000000000
60020801_6500	1090.0	60	61	1752211.0 0.45529962 0.5447004	1752214.0 0.45529884 0.54470116	1.0000000000000000
60020801_7050	1088.0	64	62	1985908.0 0.48060283 0.5193972	1985907.0 0.48060307 0.5193969	1.0000000000000000
60020801_5500	1058.0	63	63	2051077.0 0.5028948 0.49710518	2051077.0 0.50289387 0.49710616	1.0000000000000000
60020801_5500	1058.0	64	64	2070098.0 0.49253756 0.50746244	2070101.0 0.4925378 0.5074622	1.0000000000000000
80200961_5500	1017.0	48	65	1246241.0 0.84037274 0.15962723	1246247.0 0.8429292 0.15707079	1.0000000000000000
80202920_7050	1983.0	42	66	1235882.0 0.16091989 0.8390801	1235895.0 0.15838644 0.8416136	1.0000000000000000
60020801_5500	1058.0	67	69	1323643.0 0.6056512 0.39434877	1323644.0 0.6056515 0.39434847	1.0000000000000000
60020801_6500	1090.0	68	70	1033583.0 0.505016 0.49498394	1033587.0 0.5050151 0.49498495	0.9999999999999999
