ID	BITRATE	START_IDX	CAPTURE_START_IDX	KEY	CAPTURE_KEY	CORRELATION
70208599_4200	826.0	11	0	439637.0 0.5479339 0.45206612	439636.0 0.5536398 0.44636017	1.0000000000000000
70102778_20000	865.0	1	1	386773.0 0.51396036 0.4860396	386785.0 0.50735164 0.49264836	1.0000000000000000
81006261_7050	1797.0	1	3	381333.0 0.47794184 0.5220581	381315.0 0.48460197 0.515398	1.0000000000000000
80232502_1200	452.0	1	6	376240.0 0.49433607 0.50566393	376231.0 0.4964131 0.5035869	1.0000000000000000
70167075_15000	1087.0	80	8	752102.0 0.49375883 0.5062412	752090.0 0.49225757 0.5077424	1.0000000000000000
80199806_4200	1016.0	23	10	569187.0 0.34894508 0.6510549	569165.0 0.3444871 0.6555129	1.0000000000000000
60020801_7050	1088.0	10	11	920284.0 0.40541506 0.59458494	920281.0 0.40541422 0.5945858	1.0000000000000000
80174429_2000	632.0	7	13	736063.0 0.73288155 0.26711845	736088.0 0.7333607 0.26663932	0.9999999999999999
80031715_5500	1265.0	22	14	732096.0 0.27193564 0.72806436	732084.0 0.26809764 0.73190236	1.0000000000000000
60020801_7050	1088.0	14	15	1259243.0 0.42550406 0.574496	1259242.0 0.4255052 0.57449484	1.0000000000000000
80174429_3500	1124.0	15	17	847251.0 0.23145679 0.7685432	847234.0 0.23137645 0.76862353	1.0000000000000000
60020801_20000	1163.0	18	20	1678593.0 0.49089327 0.50910676	1678592.0 0.49089298 0.50910705	1.0000000000000000
60020801_5500	1058.0	16	21	1423841.0 0.60019624 0.39980376	1423840.0 0.60019594 0.39980406	1.0000000000000000
60020801_20000	1163.0	20	22	766099.0 0.74305934 0.2569407	766098.0 0.7430603 0.2569397	1.0000000000000000
60020801_4800	1082.0	15	23	738259.0 0.2666246 0.73337543	738263.0 0.2666272 0.7333728	1.0000000000000000
60020801_7050	1088.0	19	24	1244927.0 0.4349026 0.5650974	1244929.0 0.43490192 0.5650981	1.0000000000000000
60020801_7050	1088.0	20	25	1296902.0 0.54245037 0.4575496	1296904.0 0.5424511 0.4575489	1.0000000000000000
60020801_20000	1163.0	24	26	1180958.0 0.50247085 0.49752912	1180957.0 0.5024713 0.4975287	1.0000000000000000
80013870_4800	1180.0	36	28	734667.0 0.26659697 0.733403	734643.0 0.26680577 0.73319423	1.0000000000000000
60020801_4200	1050.0	29	32	919834.0 0.7862049 0.2137951	919832.0 0.78620446 0.21379556	1.0000000000000000
60020801_7050	1088.0	30	34	1094840.0 0.5581857 0.44181433	1094841.0 0.55818605 0.44181392	1.0000000000000000
60020801_7050	1088.0	31	35	1151604.0 0.42003676 0.57996327	1151602.0 0.42003748 0.5799625	1.0000000000000000
80031715_15000	1441.0	41	36	863803.0 0.7700205 0.22997952	863826.0 0.7731719 0.22682808	1.0000000000000000
60020801_7050	1088.0	33	37	852231.0 0.22991654 0.7700835	852228.0 0.229915 0.770085	1.0000000000000000
60020801_7050	1088.0	34	38	1156137.0 0.56765676 0.4323432	1156135.0 0.5676569 0.4323431	1.0000000000000000
60020801_7050	1088.0	35	39	1046619.0 0.47758353 0.5224165	1046618.0 0.47758302 0.52241695	1.0000000000000000
60020801_7050	1088.0	36	40	742731.0 0.7361629 0.2638371	742728.0 0.7361659 0.26383415	1.0000000000000000
60020801_7050	1088.0	37	41	818174.0 0.23950896 0.7604911	818171.0 0.23950617 0.7604938	1.0000000000000000
60020801_7050	1088.0	38	42	1295463.0 0.48030242 0.5196976	1295462.0 0.48030278 0.51969725	1.0000000000000000
60020801_7050	1088.0	39	43	1125380.0 0.5982415 0.40175852	1125380.0 0.5982406 0.40175942	1.0000000000000000
60020801_7050	1088.0	40	44	1001822.0 0.45130873 0.5486913	1001823.0 0.45130926 0.54869074	1.0000000000000000
60020801_6500	1090.0	39	45	746530.0 0.73632807 0.26367193	746529.0 0.7363291 0.26367092	1.0000000000000000
80163052_7050	418.0	1	46	392823.0 0.50540066 0.49459934	392825.0 0.5010832 0.49891683	1.0000000000000000
60020801_5500	1058.0	43	49	1291963.0 0.46562555 0.5343744	1291959.0 0.465627 0.534373	1.0000000000000000
60020801_15000	1185.0	44	50	886357.0 0.7789085 0.22109151	886356.0 0.778906 0.22109401	1.0000000000000000
60020801_6500	1090.0	48	53	1381067.0 0.5136326 0.48636743	1381069.0 0.5136318 0.48636818	1.0000000000000000
70243464_10000	3222.0	12	54	868430.0 0.7742328 0.2257672	868442.0 0.7734633 0.22653672	1.0000000000000000
896970_7050	1977.0	49	55	906295.0 0.21919574 0.7808043	906296.0 0.21707478 0.78292525	1.0000000000000000
60020801_5500	1058.0	49	56	1451418.0 0.48887503 0.51112497	1451422.0 0.48887366 0.51112634	1.0000000000000000
60020801_6500	1090.0	51	57	1431113.0 0.5183784 0.48162165	1431115.0 0.51837903 0.48162097	1.0000000000000000
60020801_3500	986.0	55	60	1406128.0 0.48446584 0.51553416	1406153.0 0.4844551 0.5155449	1.0000000000000000
80013870_20000	1108.0	37	63	920835.0 0.7871193 0.2128807	920812.0 0.78699887 0.21300113	1.0000000000000000
80168188_15000	4442.0	9	64	790806.0 0.24625888 0.75374115	790801.0 0.24801941 0.7519806	1.0000000000000000
60020801_10000	1130.0	66	65	1296503.0 0.45866922 0.5413308	1296504.0 0.45866963 0.5413304	1.0000000000000000
60020801_10000	1130.0	67	66	1499619.0 0.46801022 0.5319898	1499619.0 0.46801022 0.5319898	1.0000000000000000
60020801_6500	1090.0	60	67	1752211.0 0.45529962 0.5447004	1752213.0 0.45529968 0.5447003	1.0000000000000000
60020801_7050	1088.0	64	68	1985908.0 0.48060283 0.5193972	1985907.0 0.48060206 0.5193979	1.0000000000000000
60020801_5500	1058.0	63	69	2051077.0 0.5028948 0.49710518	2051078.0 0.5028946 0.49710542	1.0000000000000000
60020801_15000	1185.0	64	70	1215351.0 0.83893704 0.16106294	1215349.0 0.83893764 0.16106237	1.0000000000000000
80239639_3500	979.0	74	71	1246270.0 0.15386473 0.84613526	1246245.0 0.15706943 0.84293056	1.0000000000000000
60020801_7050	1088.0	68	72	2090643.0 0.50247604 0.49752396	2090645.0 0.50247556 0.49752444	0.9999999999999999
60020801_6500	1090.0	65	73	1841812.0 0.56474113 0.43525887	1841813.0 0.56474084 0.43525916	1.0000000000000000
60020801_4800	1082.0	67	74	1375613.0 0.5827693 0.41723073	1375615.0 0.58276916 0.41723084	1.0000000000000000
60020801_4800	1082.0	68	75	1095925.0 0.523711 0.47628897	1095927.0 0.52371097 0.47628903	1.0000000000000000
60020801_7050	1088.0	75	79	995494.0 0.50085384 0.49914616	995493.0 0.50085336 0.49914664	1.0000000000000000
60020801_3500	986.0	76	80	1058264.0 0.46953878 0.5304612	1058266.0 0.46953884 0.53046113	1.0000000000000000
