ID	BITRATE	START_IDX	CAPTURE_START_IDX	KEY	CAPTURE_KEY	CORRELATION
60020801_4200	1050.0	11	10	548085.3 0.49497586 0.64735544 0.35766876	548102.0 0.49501187 0.6473321 0.35765606	0.9999999770670065
60020801_5500	1058.0	13	12	481728.0 0.40693918 0.6844464 0.4086144	481726.66 0.40693617 0.6844483 0.40861556	0.9999999999160732
70130445_5500	726.0	41	19	750120.0 0.6743894 0.5640857 0.26152483	750120.0 0.67517996 0.5635192 0.26130086	0.9999960012840130
60020801_6500	1090.0	26	25	1316084.6 0.48615795 0.5494913 0.46435085	1316083.4 0.48615766 0.54949254 0.46434975	0.9999999999975552
60020801_7050	1088.0	29	26	1212012.6 0.5966761 0.50422245 0.39910147	1212030.0 0.59666675 0.5042144 0.39911884	0.9999999978643431
60020801_7050	1088.0	30	27	1175152.0 0.52003825 0.41161993 0.5683418	1175168.6 0.52003 0.41163793 0.5683321	0.9999999987850744
60020801_7050	1088.0	31	28	898364.0 0.538441 0.7434492 0.2181098	898380.7 0.53846216 0.7434332 0.21810465	0.9999999974581700
60020801_7050	1088.0	32	29	1013412.7 0.6590484 0.19334868 0.6476029	1013410.7 0.6590477 0.19334807 0.64760417	0.9999999999931033
80168188_15000	4442.0	15	30	901364.0 0.2176335 0.73381233 0.5485542	901384.7 0.21737778 0.7280898 0.5545324	0.9997716399961930
60020801_7050	1088.0	34	31	1135272.0 0.57808965 0.4402892 0.48162115	1135271.4 0.57808995 0.44028857 0.4816214	0.9999999999879686
60020801_7050	1088.0	35	32	828386.0 0.6033999 0.6600438 0.23655638	828385.3 0.60339916 0.6600443 0.23655659	0.9999999999961020
60020801_7050	1088.0	36	33	909963.3 0.6008715 0.21534935 0.68377924	909964.0 0.600871 0.21534918 0.6837798	0.9999999999980846
60020801_7050	1088.0	37	34	994282.0 0.19708695 0.62579226 0.6771208	994281.3 0.19708708 0.6257937 0.67711926	0.9999999999843809
60020801_6500	1090.0	47	45	1051356.6 0.18639536 0.67471015 0.63889456	1051370.6 0.18641 0.6747021 0.63888794	0.9999999999999002
60020801_3500	986.0	49	46	1051357.4 0.6747116 0.63889503 0.18639332	1051358.0 0.6747102 0.6388956 0.18639417	0.9999999999943746
60020801_3500	986.0	50	47	1051489.4 0.6388148 0.18636993 0.6748152	1051492.0 0.63881415 0.18637042 0.6748154	0.9999999999985949
60020801_3500	986.0	51	48	1098258.0 0.17843348 0.6460786 0.67548794	1098259.4 0.17843416 0.6460796 0.67548615	0.9999999999882820
60020801_4200	1050.0	53	49	1427116.0 0.49719855 0.5198316 0.48296985	1427118.6 0.49719974 0.5198299 0.48297036	0.9999999989158828
60020801_4800	1082.0	50	50	1408220.6 0.52680594 0.489451 0.4837431	1408224.0 0.5268047 0.48945054 0.48374477	0.9999999992057709
60020801_4800	1082.0	51	51	1396917.4 0.49341142 0.48765734 0.5189312	1396922.6 0.4934103 0.48765835 0.5189314	0.9999999978427656
60020801_10000	1130.0	67	58	1636032.0 0.42898732 0.48763227 0.5833804	1636030.6 0.4289871 0.48763084 0.5833821	0.9999999999008659
60020801_6500	1090.0	60	59	1855791.4 0.42988724 0.51429814 0.5558146	1855790.6 0.4298863 0.51429886 0.55581486	0.9999999999688449
60020801_3500	986.0	63	60	2003671.4 0.47634158 0.514792 0.50886637	2003673.4 0.47634062 0.5147925 0.50886685	0.9999999999821445
60020801_5500	1058.0	63	61	2067716.0 0.498848 0.49310496 0.50804704	2067716.0 0.498848 0.49310592 0.5080461	0.9999999998557074
60020801_15000	1185.0	68	65	1424036.6 0.7376896 0.40304372 0.35926673	1424047.4 0.730416 0.40304068 0.3665433	0.9998913789364917
