ID	BITRATE	START_IDX	CAPTURE_START_IDX	KEY	CAPTURE_KEY	CORRELATION
60020801_6500	1090.0	9	7	855516.0 0.6309841 0.6395988 0.2294171	855516.0 0.6309841 0.6395988 0.2294171	1.0000000000000000
60020801_6500	1090.0	10	8	744368.7 0.7351021 0.2636731 0.50122476	744368.7 0.7351021 0.2636731 0.50122476	1.0000000000000000
60020801_6500	1090.0	11	9	644458.0 0.3045505 0.5789299 0.61651963	644458.7 0.30455017 0.57892925 0.6165205	0.9999999999910217
60026145_2000	742.0	53	18	995283.3 0.7126001 0.5901958 0.19720416	995273.3 0.70684606 0.59621614 0.19693786	0.9997673457013372
60020801_5500	1058.0	20	19	917974.0 0.6464159 0.2135213 0.6400628	917977.3 0.64641905 0.21352053 0.6400605	0.9999999999406596
60020801_5500	1058.0	21	20	881470.0 0.22236378 0.6665695 0.61106676	881469.3 0.22236395 0.66657 0.6110661	0.9999999999969166
60020801_7050	1088.0	23	21	1178748.6 0.4984625 0.45695662 0.54458094	1178746.6 0.4984625 0.45695657 0.544581	1.0000000000000000
60020801_7050	1088.0	24	22	1174903.4 0.45845217 0.54636323 0.49518454	1174901.4 0.4584521 0.5463633 0.49518454	1.0000000000000000
60020801_7050	1088.0	25	23	1242361.4 0.5166967 0.46829692 0.51500636	1242359.4 0.5166967 0.46829686 0.51500636	1.0000000000000000
60020801_5500	1058.0	25	24	945514.7 0.61531675 0.67669284 0.20799042	945515.3 0.6153184 0.67669237 0.20798923	0.9999999999889597
60020801_5500	1058.0	26	25	1039773.3 0.6153486 0.18913546 0.69551605	1039772.0 0.61534935 0.18913473 0.69551593	0.9999999999981993
60020801_5500	1058.0	27	26	1020641.3 0.19268082 0.70855355 0.5987657	1020640.0 0.19268008 0.70855343 0.59876645	0.9999999999980482
60020801_7050	1088.0	34	32	1135272.0 0.57808965 0.4402892 0.48162115	1135272.0 0.57809055 0.44028744 0.48162204	0.9999999998917199
60020801_6500	1090.0	35	35	994282.0 0.6257933 0.19708593 0.6771208	994280.7 0.6257931 0.19708519 0.6771217	0.9999999999983953
60020801_7050	1088.0	39	37	1116714.0 0.602884 0.40487626 0.49223974	1116712.6 0.6028847 0.40487587 0.49223945	0.9999999999973699
60020801_7050	1088.0	40	38	991558.7 0.45598006 0.55437064 0.4896493	991557.3 0.4559797 0.5543704 0.48964995	0.9999999999343858
60020801_7050	1088.0	41	39	821363.3 0.6692422 0.59110993 0.23964791	821363.3 0.669241 0.59110993 0.23964913	0.9999999999983171
60020801_7050	1088.0	42	40	899248.7 0.53991294 0.21889162 0.7411954	899248.7 0.53991294 0.21889272 0.7411943	0.9999999999998466
60020801_7050	1088.0	43	41	1087424.0 0.1810131 0.6129339 0.706053	1087423.4 0.18101414 0.6129333 0.7060525	0.9999999999998015
60020801_7050	1088.0	44	42	1357245.4 0.49108216 0.56568915 0.44322863	1357244.0 0.49108192 0.565689 0.44322908	0.9999999999913212
60020801_5500	1058.0	42	43	1373160.0 0.5591315 0.43809244 0.5027761	1373159.4 0.55913246 0.4380919 0.50277555	0.9999999999725190
60020801_15000	1185.0	43	44	991952.0 0.60645175 0.69599235 0.19755593	991952.7 0.6064503 0.6959919 0.1975578	0.9999999999961012
60020801_20000	1163.0	52	48	1077104.6 0.6585804 0.18265171 0.65876794	1077106.6 0.658581 0.18265137 0.65876764	0.9999999999985718
60020801_20000	1163.0	53	49	1098769.4 0.17905031 0.64577883 0.6751708	1098772.0 0.17904988 0.6457782 0.6751719	0.9999999999953002
60020801_4200	1050.0	53	50	1427116.0 0.49719855 0.5198316 0.48296985	1427118.6 0.49719974 0.51983064 0.48296967	0.9999999986748030
60020801_4800	1082.0	50	51	1408220.6 0.52680594 0.489451 0.4837431	1408224.0 0.5268054 0.48944983 0.48374477	0.9999999983104466
60020801_4800	1082.0	51	52	1396917.4 0.49341142 0.48765734 0.5189312	1396920.6 0.4934103 0.48765907 0.5189307	0.9999999967655099
60020801_10000	1130.0	67	60	1636032.0 0.42898732 0.48763227 0.5833804	1636032.6 0.42898595 0.48763147 0.5833826	0.9999999999835464
60020801_6500	1090.0	60	61	1855791.4 0.42988724 0.51429814 0.5558146	1855792.0 0.4298871 0.5142996 0.5558134	0.9999999997868139
60020801_3500	986.0	63	62	2003671.4 0.47634158 0.514792 0.50886637	2003673.4 0.4763416 0.5147915 0.50886685	0.9999999997153495
60020801_5500	1058.0	63	63	2067716.0 0.498848 0.49310496 0.50804704	2067716.6 0.4988469 0.49310577 0.5080474	0.9999999911867409
