ID	BITRATE	START_IDX	CAPTURE_START_IDX	KEY	CAPTURE_KEY	CORRELATION
60033314_20000	457.0	40	32	586622.7 1.3568739 1.3939455 1.2885369	586623.44 1.3568704 1.3939453 1.2885422	0.9999999999105722
60033314_20000	457.0	41	33	549625.6 1.4877763 1.3752725 2.2044842	549626.0 1.4877771 1.3752788 2.2044828	0.9999999999033313
60033314_20000	457.0	42	34	567206.25 1.3326458 2.1361558 1.8402424	567206.94 1.3326511 2.1361535 1.8402419	0.9999999999075992
60033314_20000	457.0	43	35	569593.3 2.1272037 1.8325303 1.3288534	569595.06 2.1271973 1.8325264 1.3288528	0.9999999999033692
60033314_20000	457.0	44	36	507013.06 2.0587182 1.4928728 1.6288949	507014.4 2.0587146 1.4928727 1.6289045	0.9999999997204813
60033314_20000	457.0	45	37	569466.94 1.3291483 1.4502528 1.7448581	569468.56 1.329148 1.4502609 1.7448514	0.9999999997919028
60033314_20000	457.0	46	38	496912.66 1.6620044 1.9996251 1.9661382	496914.12 1.6620135 1.9996171 1.9661345	0.9999999997920398
60033314_20000	457.0	47	39	540983.9 1.8367257 1.805967 1.1874199	540985.9 1.8367171 1.8059621 1.187421	0.9999999997702843
60033314_20000	457.0	48	40	611721.06 1.5971315 1.0501109 2.2432218	611722.8 1.5971286 1.0501128 2.2432234	0.9999999999307609
60033314_20000	457.0	49	41	622296.7 1.0322648 2.2050993 1.5990058	622298.25 1.0322671 2.2051017 1.5990018	0.9999999999206709
60033314_20000	457.0	50	42	571306.4 2.401909 1.7417204 1.7938956	571307.6 2.4019127 1.7417166 1.7938917	0.9999999999075102
60033314_20000	457.0	51	43	686035.3 1.4504443 1.493894 1.3488562	686036.8 1.4504411 1.4938906 1.3488576	0.9999999999208463
60033314_20000	457.0	52	44	680238.4 1.5066248 1.3603511 2.2834833	680238.56 1.5066243 1.3603551 2.2834916	0.9999999999420708
60033314_20000	457.0	53	45	646372.56 1.4316248 2.4031234 1.4958835	646373.2 1.4316281 2.4031303 1.4958789	0.9999999999402758
60033314_20000	457.0	54	46	658018.4 2.3605921 1.4694089 1.263416	658019.75 2.3605964 1.4694027 1.2634104	0.9999999999404449
60033314_20000	457.0	55	47	717957.06 1.3467351 1.1579397 1.3755182	717958.1 1.3467304 1.1579353 1.3755245	0.9999999999473760
