ID	BITRATE	START_IDX	CAPTURE_START_IDX	KEY	CAPTURE_KEY	CORRELATION
60033314_5500	467.0	9	17	492434.4 1.0495632 0.84394187 0.85035694 0.6460068 0.26076975	492436.0 1.0495638 0.8439452 0.85035414 0.64599663 0.2607669	0.9999999997153229
60033314_5500	467.0	10	18	440377.0 0.9437051 0.95087844 0.722372 0.73693675 0.7544354	440378.8 0.943708 0.95087457 0.7223599 0.7369383 0.7544414	0.9999999996156045
60033314_20000	457.0	40	32	499397.2 0.46293414 0.78463197 0.5492562 1.6413349 0.3934824	499396.6 0.46293667 0.7846289 0.54925287 1.6413388 0.39348087	0.9999999999659619
60033314_20000	457.0	41	33	490734.2 0.7984832 0.5589523 1.6703095 0.95517904 0.5944929	490734.0 0.79847944 0.55894846 1.6703123 0.9551794 0.59449315	0.9999999999610885
60033314_20000	457.0	42	34	509008.4 0.538885 1.6103427 0.9208866 0.9580785 0.20370586	509008.0 0.53888154 1.610346 0.9208873 0.9580871 0.203708	0.9999999999221636
60033314_20000	457.0	43	35	539088.8 1.5204879 0.86950237 0.90461904 0.79289716 0.36262113	539089.2 1.5204886 0.86950177 0.90462583 0.7929003 0.36261532	0.9999999999209955
60033314_20000	457.0	44	36	450644.8 1.0401517 1.0821605 0.94851196 0.73019814 0.3288954	450645.4 1.0401504 1.0821679 0.9485152 0.7301883 0.32889274	0.9999999996595099
60033314_20000	457.0	45	37	477357.2 1.021604 0.8954343 0.6893371 0.8423357 0.41069666	477358.6 1.0216093 0.89543587 0.68932664 0.8423374 0.41069755	0.9999999996334268
60033314_20000	457.0	46	38	443068.0 0.9647323 0.7426851 0.90752435 0.8861935 0.6144316	443069.8 0.9647328 0.74267304 0.9075252 0.88618994 0.6144314	0.9999999995590749
60033314_20000	457.0	47	39	522959.6 0.62922645 0.76888347 0.75081134 1.2382582 0.37465993	522961.0 0.6292171 0.76888525 0.7508093 1.2382606 0.37466657	0.9999999996931500
60033314_20000	457.0	48	40	472935.6 0.8502109 0.8302272 1.369233 0.70089036 0.68456256	472937.6 0.85021156 0.8302237 1.3692335 0.7009001 0.6845618	0.9999999998014691
60033314_20000	457.0	49	41	506567.2 0.77510744 1.278328 0.65435743 1.026166 0.26368663	506570.6 0.77510226 1.2783253 0.6543649 1.026165 0.2636829	0.9999999998052165
60033314_7050	468.0	35	42	537024.8 1.2058288 0.61725265 0.9679683 1.0040486 0.47275284	537028.0 1.2058254 0.6172527 0.9679663 1.0040445 0.4727556	0.9999999999383218
60033314_7050	468.0	36	43	544266.2 0.6090402 0.9550896 0.9906899 0.70477647 0.36120376	544268.2 0.60904163 0.9550898 0.9906881 0.70477754 0.36120796	0.9999999999256054
60033314_20000	457.0	52	44	492564.8 1.0553373 1.0946823 0.7787523 0.75888896 0.7619789	492566.6 1.0553396 1.0946743 0.7787536 0.7588862 0.76198024	0.9999999998850200
60033314_20000	457.0	53	45	569927.4 0.94608897 0.67304367 0.6558766 1.7991188 0.2378268	569928.8 0.94608307 0.67304546 0.6558749 1.7991159 0.2378297	0.9999999999528818
60033314_20000	457.0	54	46	624504.6 0.61422443 0.5985576 1.6418886 0.5323355 0.31395763	624505.2 0.61422706 0.59855705 1.6418887 0.53233504 0.31396055	0.9999999999423326
60033314_20000	457.0	55	47	557760.4 0.67018384 1.8383647 0.5960373 0.7030761 0.7272424	557760.0 0.6701843 1.8383677 0.59603775 0.7030766 0.7272411	0.9999999999493352
60033314_20000	457.0	56	48	623749.0 1.6438776 0.53298044 0.6286952 1.4183012 0.20794582	623749.4 1.6438782 0.5329801 0.62869483 1.4183004 0.2079441	0.9999999999548865
60033314_20000	457.0	57	49	733915.8 0.45297566 0.53432286 1.2054026 0.7944072 0.24145412	733915.8 0.45297566 0.53432286 1.2054026 0.79440856 0.24145548	0.9999999999574585
60033314_20000	457.0	58	50	649733.6 0.603552 1.3615795 0.89733386 0.5309576 1.0004761	649733.4 0.60355216 1.36158 0.89733577 0.5309624 1.000475	0.9999999999559729
60033314_20000	457.0	59	51	636403.8 1.3900986 0.916129 0.5420788 1.2260832 0.3093979	636403.0 1.3901002 0.91613173 0.54208416 1.2260816 0.30939513	0.9999999999649808
60033314_20000	457.0	60	52	651024.8 0.8955542 0.52990454 1.1985472 0.6031675 0.30118668	651025.2 0.8955552 0.52990884 1.1985435 0.6031671 0.30118343	0.9999999999584761
60033314_6500	463.0	47	54	593499.2 1.31476 0.6616302 0.67198914 1.022426 0.7638157	593494.2 1.3147256 0.6616358 0.67198974 1.022443 0.76382214	0.9999999994126152
60033314_6500	463.0	48	55	484421.4 0.81061035 0.8233018 1.2526469 1.2293842 0.34634307	484421.8 0.81060964 0.8232949 1.2526562 1.2293831 0.34634277	0.9999999999001156
60033314_6500	463.0	49	56	480274.6 0.83041036 1.2634627 1.2399989 0.5796871 0.2711782	480276.0 0.83040166 1.2634693 1.2399954 0.57968754 0.2711774	0.9999999999243995
60033314_6500	463.0	50	57	469538.2 1.2923528 1.2683526 0.5929422 0.565807 0.41695225	469539.0 1.2923613 1.2683505 0.5929433 0.5658018 0.41695577	0.9999999999265119
60033314_6500	463.0	51	58	398146.6 1.4957807 0.69926256 0.6672618 0.9866391 0.509222	398148.0 1.4957755 0.69926256 0.6672544 0.9866381 0.5092177	0.9999999998562371
60033314_15000	456.0	63	64	514392.8 0.49934602 0.59636134 0.8195468 0.82281476 1.6117507	514392.4 0.49934253 0.5963599 0.81954944 0.8228154 1.611752	0.9999999999937361
60033314_15000	456.0	64	65	498150.8 0.6158055 0.8462678 0.8496423 1.8923205 0.3356895	498150.4 0.61580396 0.8462705 0.849643 1.8923221 0.33568978	0.9999999999944421
