ID	BITRATE	START_IDX	CAPTURE_START_IDX	KEY	CAPTURE_KEY	CORRELATION
60033314_6500	463.0	32	3	366268.0 0.28309873 0.5337212 0.40466 0.5352501 0.74327	366268.4 0.2830984 0.5337206 0.40465954 0.535255 0.7432664	0.9999999998560271
60033314_20000	457.0	47	4	403166.4 0.48487422 0.36762735 0.48627314 0.67524225 0.48598295	403166.4 0.48487422 0.36762488 0.4862682 0.67524225 0.4859904	0.9999999991362364
60033314_6500	463.0	21	25	360677.2 0.84429514 0.4776626 0.47763765 0.34690854 0.35349616	360680.0 0.8442913 0.4776561 0.47763947 0.3469114 0.3535017	0.9999999998104866
60033314_4800	460.0	21	26	289304.8 0.5955034 0.59547573 0.4324954 0.4407151 0.43581024	289304.4 0.59550077 0.59548 0.43249947 0.44071573 0.43580395	0.9999999986888846
60033314_4800	460.0	22	27	337087.6 0.51106596 0.37118837 0.37824294 0.37403333 0.8654694	337086.8 0.51107013 0.37119222 0.3782438 0.37402827 0.86546546	0.9999999998241478
60033314_7050	468.0	27	30	528939.6 0.23836558 0.55155444 1.1790192 0.3350269 0.19603372	528937.6 0.23836459 0.5515528 1.1790199 0.33502817 0.19603446	0.9999999999950852
60033314_7050	468.0	28	31	556701.2 0.5240495 1.120224 0.31831977 0.18625791 0.35114887	556699.6 0.52404743 1.1202235 0.31832066 0.18625844 0.35114986	0.9999999999948540
60033314_7050	468.0	29	32	499291.2 1.2490307 0.35492113 0.2076744 0.39152503 0.29684883	499290.4 1.2490286 0.3549217 0.20767473 0.39152566 0.29684928	0.9999999999997616
60033314_7050	468.0	41	43	496908.4 0.7553223 0.27277663 0.39457774 0.8162973 0.26102597	496909.2 0.7553191 0.2727762 0.39457914 0.81630003 0.26102555	0.9999999999649057
60033314_4800	460.0	53	56	285240.8 0.44795132 0.6908233 0.4985822 0.38785824 0.4747848	285242.0 0.44794947 0.6908239 0.49858364 0.38786364 0.4747793	0.9999999993896211
60033314_4800	460.0	54	57	301020.0 0.654611 0.472447 0.36752707 0.44989702 0.5555179	301022.0 0.65461 0.4724472 0.36753127 0.4498907 0.55552083	0.9999999993087528
60033314_4800	460.0	55	58	300651.6 0.47302592 0.36797744 0.4504483 0.5561986 0.65234977	300651.2 0.47302988 0.36798456 0.4504456 0.55620605 0.65233403	0.9999999978911529
60033314_4800	460.0	56	59	575394.8 0.1922732 0.23536535 0.2906213 0.34086162 1.4408785	575405.6 0.19227307 0.23535919 0.29061934 0.3408465 1.4409018	0.9999999999154138
60033314_4800	460.0	57	60	576998.4 0.23471123 0.28981364 0.3399143 1.436874 0.19868687	577008.4 0.23470543 0.2898121 0.33989975 1.4368994 0.19868343	0.9999999999347170
60033314_7050	468.0	64	66	422868.0 0.67667216 0.53491634 0.26862046 0.38458574 0.6352053	422868.0 0.67667216 0.53491396 0.2686181 0.38459048 0.6352053	0.9999999998575412
