ID	BITRATE	START_IDX	CAPTURE_START_IDX	KEY	CAPTURE_KEY	CORRELATION
60033314_6500	463.0	46	43	729531.0 0.9544584 1.7262405	729525.6 0.9544682 1.7262136	0.9999999994397606
60033314_6500	463.0	47	44	673264.2 2.0602877 1.2565662	673259.8 2.0602627 1.2565744	0.9999999994569441
60033314_6500	463.0	48	45	605783.2 1.6313047 0.9353198	605784.4 1.6313015 0.9353213	0.9999999999650356
60033314_6500	463.0	49	46	599382.6 1.1298859 1.2296803	599384.0 1.1298916 1.2296808	0.9999999999574679
60033314_6500	463.0	50	47	525220.0 1.6611649 1.5066353	525222.4 1.6611612 1.5066285	0.9999999999573040
60033314_6500	463.0	51	48	451280.2 2.1901405 1.0661979	451281.8 2.1901305 1.0662051	0.9999999999093725
60033314_6500	463.0	52	49	422380.4 1.5350523 0.9314826	422382.0 1.5350606 0.9314838	0.9999999992055655
60033314_6500	463.0	53	50	543751.2 2.2482948 0.983985	543753.8 2.2482896 0.98398024	0.9999999999788842
60033314_6500	463.0	54	51	662966.2 0.979967 0.72492385	662968.8 0.9799631 0.7249285	0.9999999999822786
60033314_6500	463.0	55	52	535364.4 1.2640531 2.0402422	535365.8 1.2640591 2.040244	0.9999999999814333
60033314_6500	463.0	56	53	556058.8 2.4789033 0.81629854	556061.0 2.4789007 0.81629354	0.9999999999809912
60033314_7050	468.0	56	54	731074.6 0.93028396 0.648336	731076.8 0.9302798 0.64834225	0.9999999999791405
60033314_7050	468.0	57	55	582799.8 1.0081902 2.1459203	582800.8 1.0081986 2.145922	0.9999999999791801
60033314_7050	468.0	58	56	581008.2 2.432446 0.9257907	581010.2 2.4324443 0.9257841	0.9999999999812917
