ID	BITRATE	START_IDX	CAPTURE_START_IDX	KEY	CAPTURE_KEY	CORRELATION
60033314_20000	457.0	40	32	726431.4 2.9228501	726432.5 2.9228551	0.9999999999093387
60033314_20000	457.0	41	33	682144.4 3.7683108	682145.8 3.7683058	0.9999999999062595
60033314_20000	457.0	43	35	785021.5 3.250078	785022.9 3.2500746	0.9999999999384777
60033314_20000	457.0	44	36	689872.5 3.8404443	689873.1 3.8404496	0.9999999999011502
60033314_20000	457.0	45	37	742264.0 2.8623967	742265.0 2.862393	0.9999999998952126
60033314_20000	457.0	46	38	727289.9 3.6422794	727290.6 3.6422827	0.9999999999100284
60033314_20000	457.0	47	39	830920.7 2.7823992	830922.0 2.7823958	0.9999999999111777
60033314_20000	457.0	48	40	756711.1 3.9627104	756712.9 3.9627092	0.9999999999245863
60033314_20000	457.0	49	41	824554.8 2.770273	824556.6 2.7702742	0.9999999999254806
60033314_20000	457.0	50	42	754858.9 3.948623	754860.9 3.9486203	0.9999999999231801
