ID	BITRATE	START_IDX	CAPTURE_START_IDX	KEY	CAPTURE_KEY	CORRELATION
60033314_5500	467.0	10	18	589032.0 1.8096436	589034.2 1.809642	0.9999999996156045
60033314_20000	457.0	40	32	741701.4 0.94645774	741700.6 0.946456	0.9999999999659619
60033314_20000	457.0	41	33	639341.4 2.3512619	639340.8 2.3512623	0.9999999999610885
60033314_20000	457.0	42	34	770478.0 1.0989593	770478.6 1.0989572	0.9999999999221636
60033314_20000	457.0	43	35	718325.0 2.0921352	718325.8 2.0921357	0.9999999999209955
60033314_20000	457.0	45	37	643264.6 1.5744361	643266.8 1.5744323	0.9999999996334268
60033314_20000	457.0	46	38	587408.8 1.8756477	587409.8 1.875653	0.9999999995590749
60033314_20000	457.0	47	39	732890.4 1.2520782	732892.8 1.252074	0.9999999996931500
60033314_20000	457.0	48	40	617759.6 2.2232077	617762.8 2.223206	0.9999999998014691
60033314_20000	457.0	49	41	740043.4 1.1589794	740048.0 1.1589788	0.9999999998052165
60033314_7050	468.0	35	42	711160.6 1.9985119	711164.4 1.9985112	0.9999999999383218
60033314_7050	468.0	36	43	724948.0 1.4722022	724950.8 1.4722047	0.9999999999256054
60033314_20000	457.0	52	44	675165.6 1.8939531	675167.0 1.8939595	0.9999999998850200
60033314_20000	457.0	53	45	851718.0 1.2310976	851720.0 1.2310947	0.9999999999528818
60033314_20000	457.0	54	46	765754.2 2.0960002	765754.8 2.0960052	0.9999999999423326
60033314_20000	457.0	55	47	841263.4 1.3216729	841263.2 1.321672	0.9999999999493352
60033314_20000	457.0	56	48	867171.0 1.7842168	867171.4 1.7842159	0.9999999999548865
60033314_20000	457.0	57	49	928951.0 1.5009586	928951.2 1.5009594	0.9999999999574585
60033314_20000	457.0	58	50	895662.6 1.8145437	895663.0 1.814543	0.9999999999559729
60033314_20000	457.0	59	51	909066.2 1.5692444	909065.2 1.5692472	0.9999999999649808
60033314_20000	457.0	60	52	798556.4 1.9527638	798557.4 1.9527576	0.9999999999584761
60033314_6500	463.0	47	54	793396.4 2.0575566	793392.4 2.0575292	0.9999999994126152
60033314_6500	463.0	48	55	683294.4 1.7082857	683294.2 1.7082934	0.9999999999001156
60033314_6500	463.0	49	56	657318.2 1.710899	657320.8 1.7108876	0.9999999999243995
60033314_6500	463.0	50	57	641779.8 1.6843674	641780.2 1.6843789	0.9999999999265119
60033314_6500	463.0	51	58	532393.8 1.9984323	532395.6 1.9984199	0.9999999998562371
60033314_15000	456.0	63	64	660395.6 2.2827256	660395.0 2.2827263	0.9999999999937361
60033314_15000	456.0	64	65	770996.8 1.1637377	770996.6 1.1637366	0.9999999999944421
