ID	BITRATE	START_IDX	CAPTURE_START_IDX	KEY	CAPTURE_KEY	CORRELATION
60033314_7050	468.0	45	43	660707.2 0.19631389 0.98386097 0.29801854 0.2967714 0.72503525	660706.4 0.19631414 0.98385763 0.2980174 0.29677328 0.72503763	0.9999999999802490
60033314_7050	468.0	46	44	790154.0 0.8226801 0.24919572 0.2481529 0.6062565 0.57371473	790153.2 0.8226772 0.24919471 0.24815442 0.6062584 0.5737153	0.9999999999734706
60033314_7050	468.0	47	45	597247.2 0.32968426 0.3283046 0.80207324 0.75902075 0.2809172	597247.6 0.32968235 0.32830605 0.8020744 0.7590202 0.280917	0.9999999999869867
60033314_7050	468.0	48	46	570581.2 0.34364787 0.839558 0.79449344 0.2940458 0.22825499	570582.4 0.34364888 0.839558 0.79449177 0.29404518 0.22825626	0.9999999999947251
60033314_7050	468.0	49	47	570460.0 0.83973634 0.7946622 0.29410827 0.22830348 0.34318972	570460.8 0.83973694 0.79466105 0.29410785 0.22830491 0.3431892	0.9999999999946858
60033314_6500	463.0	51	48	459944.0 0.98560697 0.36477485 0.28316492 0.42564964 0.44080368	459944.4 0.98560387 0.3647767 0.28316247 0.42565143 0.44080544	0.9999999999705206
60033314_6500	463.0	52	49	329723.2 0.50883895 0.394998 0.59375566 0.61489457 0.38751292	329725.2 0.5088389 0.39499256 0.59375507 0.61489385 0.3875197	0.9999999991962409
60033314_6500	463.0	53	50	319499.2 0.40763798 0.61275584 0.63457125 0.39991337 0.44512165	319500.8 0.40763277 0.6127559 0.63457114 0.39992073 0.44511938	0.9999999991799254
60033314_6500	463.0	54	51	311656.4 0.62817574 0.6505401 0.40997714 0.45632306 0.35498387	311659.6 0.6281725 0.6505367 0.40998256 0.45631838 0.3549899	0.9999999996617944
60033314_6500	463.0	55	52	287517.6 0.70515686 0.44439715 0.4946341 0.38478687 0.47102508	287520.4 0.7051534 0.44440323 0.49462923 0.38479355 0.4710205	0.9999999992242610
60033314_6500	463.0	56	53	285240.4 0.44794494 0.49858293 0.3878588 0.47478548 0.6908278	285242.4 0.44795233 0.49857944 0.3878666 0.47478214 0.69081944	0.9999999994039195
60033314_7050	468.0	56	54	301019.6 0.47244433 0.36753088 0.4498943 0.6546152 0.55551535	301021.6 0.4724445 0.36753508 0.44989464 0.65460753 0.55551827	0.9999999996675198
60033314_7050	468.0	57	55	575762.4 0.19215219 0.23521335 0.34224537 0.29043406 1.4399551	575764.8 0.19215485 0.2352141 0.34224218 0.2904363 1.4399525	0.9999999999914779
60033314_7050	468.0	58	56	577365.2 0.23456039 0.34129524 0.2896278 1.4359577 0.19855891	577367.2 0.23456131 0.34129235 0.28963023 1.4359562 0.19855995	0.9999999999932007
60033314_7050	468.0	59	57	601645.2 0.32752195 0.27793956 1.3780082 0.19054586 0.32598448	601647.6 0.32751894 0.27794176 1.378006 0.19054675 0.3259865	0.9999999999913676
60033314_7050	468.0	60	58	637281.6 0.26239735 1.3009508 0.17989065 0.30775562 0.44900557	637284.4 0.26239935 1.3009483 0.17989144 0.30775744 0.44900364	0.9999999999956209
60033314_7050	468.0	61	59	660872.8 1.2545106 0.17346908 0.29676965 0.4329774 0.34227312	660874.0 1.2545115 0.17347029 0.29677215 0.43297663 0.34226948	0.9999999999852728
60033314_7050	468.0	62	60	374680.4 0.3059701 0.52345145 0.7636989 0.60371184 0.3031677	374680.8 0.30597243 0.5234562 0.76369804 0.6037059 0.30316737	0.9999999998187719
60033314_7050	468.0	63	61	393875.6 0.4979415 0.72648066 0.57429045 0.28839308 0.41289434	393876.0 0.49794605 0.7264799 0.5742848 0.28839278 0.41289645	0.9999999997557775
60033314_5500	467.0	62	62	368912.8 0.77571714 0.6131503 0.30790472 0.44083315 0.36239457	368903.2 0.7756588 0.61316085 0.30791548 0.44084737 0.36241758	0.9999999952793928
60033314_15000	456.0	72	63	361889.6 0.62504697 0.31387472 0.44939396 0.36943865 0.74224573	361889.6 0.6250442 0.31388304 0.44939122 0.36944142 0.7422402	0.9999999998845276
60033314_15000	456.0	73	64	326730.4 0.34765053 0.49775288 0.40919363 0.82211816 0.42328477	326730.4 0.3476597 0.4977498 0.40919667 0.822112 0.4232817	0.9999999997603694
