ID	BITRATE	START_IDX	CAPTURE_START_IDX	KEY	CAPTURE_KEY	CORRELATION
60033314_4800	460.0	24	0	253583.0 0.5027979 0.4972021	253581.0 0.5027979 0.49720207	1.0000000000000000
60033314_7050	468.0	27	1	417820.0 0.30175912 0.6982409	417819.0 0.30175984 0.69824016	1.0000000000000000
70296965_800	388.0	6	2	487934.0 0.59817314 0.4018269	487948.0 0.59788746 0.4021125	1.0000000000000000
60033314_7050	468.0	29	4	800839.0 0.7787208 0.22127919	800837.0 0.7787215 0.22127849	1.0000000000000000
80168188_4800	1739.0	5	5	373303.0 0.474585 0.525415	373285.0 0.47472575 0.5252743	1.0000000000000000
70123542_1200	381.0	29	6	299780.0 0.65406966 0.34593034	299766.0 0.6541002 0.3458998	1.0000000000000000
60033314_7050	468.0	31	7	299175.0 0.34658644 0.65341353	299171.0 0.34658775 0.6534123	1.0000000000000000
60033314_7050	468.0	32	8	343699.0 0.568768 0.43123198	343696.0 0.56876427 0.43123573	1.0000000000000000
81000864_6500	2101.0	27	9	344862.0 0.4236825 0.5763175	344887.0 0.42974657 0.57025343	1.0000000000000000
328438_2000	545.0	55	10	468889.0 0.41955772 0.58044225	468909.0 0.4194268 0.5805732	1.0000000000000000
60033314_6500	463.0	36	11	595987.0 0.45678177 0.5432182	595991.0 0.4567787 0.5432213	1.0000000000000000
70220028_2000	799.0	4	12	519627.0 0.6223522 0.37764782	519627.0 0.6230527 0.3769473	1.0000000000000000
70220028_7050	958.0	51	13	449743.0 0.437143 0.56285703	449755.0 0.43550822 0.5644918	1.0000000000000000
80075563_800	447.0	0	15	330307.0 0.3955502 0.6044498	330317.0 0.40438125 0.5956187	1.0000000000000000
80029196_15000	1393.0	28	16	517239.0 0.38531125 0.61468875	517248.0 0.38036492 0.61963505	1.0000000000000000
60033314_7050	468.0	11	17	516765.0 0.6202142 0.37978578	516766.0 0.62021303 0.37978697	1.0000000000000000
70296965_1200	360.0	7	18	433016.0 0.45211723 0.54788274	433012.0 0.4532461 0.5467539	1.0000000000000000
60033314_6500	463.0	9	19	344711.0 0.6868043 0.3131957	344713.0 0.68680614 0.3131939	0.9999999999999999
70208599_1200	370.0	60	20	236371.0 0.45943454 0.5405655	236373.0 0.45674422 0.5432558	1.0000000000000000
60033314_7050	468.0	14	21	460650.0 0.2787583 0.7212417	460651.0 0.27875984 0.72124016	1.0000000000000000
70097579_10000	1640.0	7	22	528596.0 0.6235764 0.3764236	528578.0 0.62855434 0.37144566	0.9999999999999999
60033314_7050	468.0	16	23	415667.0 0.47234684 0.52765316	415666.0 0.4723456 0.5276544	1.0000000000000000
60033314_7050	468.0	17	24	401323.0 0.5465124 0.45348758	401322.0 0.5465138 0.45348623	1.0000000000000000
60033314_7050	468.0	18	25	392147.0 0.46409893 0.53590107	392144.0 0.4640999 0.53590006	1.0000000000000000
60033314_7050	468.0	19	26	406273.0 0.51726794 0.48273206	406271.0 0.51726556 0.48273444	1.0000000000000000
60033314_10000	452.0	25	30	297395.0 0.42072666 0.57927334	297399.0 0.42072433 0.57927567	1.0000000000000000
60033314_10000	452.0	26	31	299774.0 0.5746763 0.42532375	299776.0 0.5746824 0.42531756	1.0000000000000000
60033314_6500	463.0	25	32	323855.0 0.39368853 0.60631144	323859.0 0.39368984 0.6063101	1.0000000000000000
60004481_2000	641.0	3	33	322454.0 0.61621195 0.38378808	322440.0 0.6089784 0.39102158	1.0000000000000000
60033314_5500	467.0	27	34	749709.0 0.16817191 0.83182806	749710.0 0.16817303 0.831827	1.0000000000000000
60033314_6500	463.0	29	35	820134.0 0.7603989 0.23960109	820132.0 0.7604008 0.23959923	1.0000000000000000
80174429_2000	632.0	17	36	488222.0 0.40318954 0.59681046	488241.0 0.40247133 0.5975287	1.0000000000000000
60033314_6500	463.0	31	37	395429.0 0.7377785 0.26222154	395427.0 0.7377797 0.26222032	1.0000000000000000
60033314_7050	468.0	31	38	299175.0 0.34658644 0.65341353	299171.0 0.34658775 0.6534123	1.0000000000000000
60033314_7050	468.0	32	39	343699.0 0.568768 0.43123198	343696.0 0.56876427 0.43123573	1.0000000000000000
60033314_6500	463.0	34	40	344259.0 0.4305305 0.5694695	344264.0 0.43052426 0.56947577	1.0000000000000000
60033314_6500	463.0	35	41	468281.0 0.4186482 0.5813518	468286.0 0.4186544 0.58134556	1.0000000000000000
60033314_7050	468.0	35	42	468169.0 0.5814866 0.4185134	468172.0 0.5814871 0.41851285	1.0000000000000000
60033314_7050	468.0	36	43	519689.0 0.37702358 0.6229764	519691.0 0.37702402 0.62297595	1.0000000000000000
60033314_7050	468.0	37	44	457328.0 0.70792514 0.29207483	457329.0 0.7079258 0.2920742	1.0000000000000000
70021636_3500	745.0	49	45	387449.0 0.34555256 0.65444744	387457.0 0.34474534 0.65525466	1.0000000000000000
80216541_2000	891.0	8	46	450472.0 0.5586984 0.44130155	450477.0 0.56358707 0.43641296	1.0000000000000000
60033314_7050	468.0	40	47	571917.0 0.34374043 0.65625954	571920.0 0.3437439 0.65625614	1.0000000000000000
60033314_7050	468.0	41	48	510871.0 0.7346786 0.26532137	510872.0 0.7346772 0.26532283	0.9999999999999999
60033314_7050	468.0	42	49	331614.0 0.4087433 0.5912567	331616.0 0.40874386 0.59125614	1.0000000000000000
60033314_7050	468.0	43	50	601694.0 0.32586166 0.67413837	601696.0 0.32586223 0.6741378	1.0000000000000000
60033314_7050	468.0	44	51	535331.0 0.7577088 0.24229121	535331.0 0.75771064 0.24228935	1.0000000000000000
60033314_20000	457.0	60	52	306913.0 0.42261487 0.5773851	306913.0 0.42261162 0.5773884	1.0000000000000000
60033314_20000	457.0	61	53	827250.0 0.21421215 0.7857879	827250.0 0.21421336 0.7857866	1.0000000000000000
60033314_7050	468.0	46	54	846947.0 0.7675144 0.23248562	846942.0 0.76751655 0.23248345	1.0000000000000000
80018689_800	371.0	3	55	392988.0 0.50696206 0.49303797	392978.0 0.5010459 0.49895415	1.0000000000000000
60033314_7050	468.0	48	56	675115.0 0.29043794 0.70956206	675116.0 0.290436 0.709564	1.0000000000000000
60033314_7050	468.0	49	57	932359.0 0.51378924 0.4862108	932362.0 0.5137897 0.4862103	1.0000000000000000
60033314_7050	468.0	50	58	621100.0 0.7298712 0.27012882	621100.0 0.7298728 0.2701272	1.0000000000000000
60033314_7050	468.0	51	59	298015.0 0.5629817 0.43701828	298016.0 0.5629765 0.43702352	1.0000000000000000
70021636_2000	598.0	16	60	326003.0 0.39779082 0.6022092	326017.0 0.39948836 0.6005116	1.0000000000000000
60033314_6500	463.0	55	62	330517.0 0.61341774 0.38658223	330520.0 0.61340916 0.38659084	1.0000000000000000
60033314_6500	463.0	56	63	269988.0 0.47325066 0.5267493	269992.0 0.47325847 0.5267415	1.0000000000000000
60033314_7050	468.0	56	64	252849.0 0.5624503 0.43754968	252850.0 0.562452 0.43754795	1.0000000000000000
60033314_7050	468.0	57	65	246061.0 0.44962022 0.5503798	246060.0 0.44962204 0.55037796	1.0000000000000000
60033314_7050	468.0	58	66	332479.0 0.40732497 0.59267503	332477.0 0.4073244 0.59267557	1.0000000000000000
60033314_15000	456.0	66	67	1026125.0 0.19203508 0.8079649	1026124.0 0.19203429 0.8079657	1.0000000000000000
60033314_15000	456.0	67	68	996297.0 0.83215445 0.16784553	996297.0 0.83215445 0.16784553	1.0000000000000000
60033314_15000	456.0	68	69	281867.0 0.5932727 0.40672728	281866.0 0.59327483 0.40672517	1.0000000000000000
60033314_7050	468.0	62	70	310768.0 0.36889577 0.63110423	310771.0 0.3688954 0.6311046	1.0000000000000000
60033314_7050	468.0	63	71	482270.0 0.40667468 0.5933253	482273.0 0.4066763 0.5933237	1.0000000000000000
60033314_7050	468.0	64	72	512342.0 0.5585 0.4415	512343.0 0.5585008 0.44149914	1.0000000000000000
60033314_7050	468.0	65	73	339790.0 0.66570234 0.33429766	339787.0 0.66570824 0.3342918	1.0000000000000000
60033314_6500	463.0	67	74	247286.0 0.45934668 0.54065335	247286.0 0.45933858 0.5406614	0.9999999999999999
60033314_20000	457.0	81	75	296326.0 0.45118216 0.5488179	296327.0 0.451184 0.548816	1.0000000000000000
60033314_7050	468.0	67	76	431237.0 0.3771221 0.6228779	431238.0 0.3771212 0.6228788	1.0000000000000000
60033314_5500	467.0	68	77	406910.0 0.66011894 0.33988106	406910.0 0.66011894 0.33988106	1.0000000000000000
80038359_1200	368.0	7	78	333975.0 0.41919604 0.58080393	333955.0 0.41413066 0.5858694	1.0000000000000000
80081155_3500	980.0	17	79	383413.0 0.5153607 0.4846393	383389.0 0.51032764 0.48967236	1.0000000000000000
