ID	BITRATE	START_IDX	CAPTURE_START_IDX	KEY	CAPTURE_KEY	CORRELATION
60033314_20000	457.0	40	32	574584.2 1.5455837 1.5164044 1.3590089 1.9170159	574585.3 1.5455807 1.5164154 1.3590045 1.9170121	0.9999999999093387
60033314_20000	457.0	41	33	558626.2 1.5597228 1.397831 1.9717783 1.8832988	558626.9 1.5597352 1.3978275 1.9717759 1.8833001	0.9999999999062595
60033314_20000	457.0	42	34	552898.8 1.4123108 1.9922036 1.9028075 1.6101934	552900.4 1.4123051 1.992198 1.9028057 1.610187	0.9999999999068070
60033314_20000	457.0	43	35	650562.4 1.6931305 1.6171547 1.3684683 1.3098682	650563.1 1.6931286 1.6171559 1.3684652 1.3098791	0.9999999999384777
60033314_20000	457.0	44	36	544883.1 1.9307994 1.6338806 1.5639153 2.3946898	544883.5 1.9308017 1.6338778 1.5639288 2.3946862	0.9999999999011502
60033314_20000	457.0	45	37	582528.3 1.5282931 1.462849 2.2399359 1.15833	582528.9 1.5282899 1.4628614 2.2399318 1.1583254	0.9999999998952126
60033314_20000	457.0	46	38	603851.9 1.411192 2.160838 1.1174264 1.7415463	603852.5 1.4112039 2.160834 1.1174219 1.7415462	0.9999999999100284
60033314_20000	457.0	47	39	651236.5 2.0036132 1.0361212 1.6148297 1.654657	651238.1 2.0036066 1.0361156 1.6148272 1.6546528	0.9999999999111777
60033314_20000	457.0	48	40	655998.4 1.0286001 1.6031076 1.6426458 1.8319938	656000.0 1.0285945 1.6031052 1.6426418 1.832003	0.9999999999245863
60033314_20000	457.0	49	41	592168.1 1.7759078 1.8197079 2.029466 2.1566763	592169.1 1.7759064 1.8197048 2.0294776 2.1566794	0.9999999999254806
60033314_20000	457.0	50	42	631598.3 1.706105 1.9027679 2.0220368 1.0398793	631599.8 1.706101 1.9027777 2.0220382 1.0398736	0.9999999999231801
