ID	BITRATE	START_IDX	CAPTURE_START_IDX	KEY	CAPTURE_KEY	CORRELATION
60033314_6500	463.0	46	43	650995.6 0.45696467 1.1986394 0.60319453 0.61263853 0.7358529	650990.0 0.45697016 1.1986052 0.60320127 0.6126453 0.7358592	0.9999999994397606
60033314_6500	463.0	47	44	593499.2 1.31476 0.6616302 0.67198914 1.022426 0.7638157	593494.6 1.3147212 0.661637 0.671996 1.0224389 0.7638199	0.9999999994569441
60033314_6500	463.0	48	45	484421.4 0.81061035 0.8233018 1.2526469 1.2293842 0.34634307	484422.0 0.8106114 0.8233028 1.2526516 1.2293806 0.3463447	0.9999999999650356
60033314_6500	463.0	49	46	480274.6 0.83041036 1.2634627 1.2399989 0.5796871 0.2711782	480276.2 0.8304097 1.2634647 1.2399927 0.57969356 0.2711752	0.9999999999574679
60033314_6500	463.0	50	47	469538.2 1.2923528 1.2683526 0.5929422 0.565807 0.41695225	469539.8 1.2923547 1.2683461 0.5929487 0.56580293 0.41695294	0.9999999999573040
60033314_6500	463.0	51	48	398146.6 1.4957807 0.69926256 0.6672618 0.9866391 0.509222	398148.4 1.4957714 0.6992694 0.66725624 0.9866346 0.5092222	0.9999999999093725
60033314_6500	463.0	52	49	343815.0 0.80976397 0.7727063 1.1425534 1.0760641 0.3716301	343816.6 0.80977184 0.7726998 1.1425481 1.076065 0.3716371	0.9999999992055655
60033314_6500	463.0	53	50	469757.8 0.56554246 0.836233 0.78756964 2.03689 0.30274323	469760.0 0.56553775 0.83622915 0.78757024 2.036889 0.30274183	0.9999999999788842
60033314_6500	463.0	54	51	471597.2 0.83297145 0.7844979 2.0289454 0.5446555 0.23459215	471599.0 0.83296824 0.7844991 2.0289462 0.5446534 0.23459761	0.9999999999822786
60033314_6500	463.0	55	52	483992.8 0.76440597 1.9769819 0.5307062 0.63381517 0.27981406	483994.2 0.76440793 1.9769845 0.53070474 0.6338196 0.2798133	0.9999999999814333
60033314_6500	463.0	56	53	494706.4 1.9341674 0.519213 0.620089 0.85216403 0.3983211	494708.0 1.9341693 0.51921135 0.62009305 0.8521613 0.39831778	0.9999999999809912
60033314_7050	468.0	56	54	646760.6 0.3971423 0.47430375 0.6518177 0.6544168 0.2585516	646762.6 0.39714417 0.4743085 0.6518172 0.6544101 0.2585539	0.9999999999791405
60033314_7050	468.0	57	55	498149.6 0.615801 0.8462719 0.8496464 0.5637102 1.6643033	498151.2 0.615807 0.8462712 0.8496376 0.5637124 1.664302	0.9999999999791801
60033314_7050	468.0	58	56	524845.8 0.80322635 0.8064292 0.53503716 1.8895092 0.21842796	524847.4 0.8032259 0.8064211 0.53503937 1.8895093 0.21842921	0.9999999999812917
