ID	BITRATE	START_IDX	CAPTURE_START_IDX	KEY	CAPTURE_KEY	CORRELATION
60033314_5500	467.0	2	12	417757.6 0.3547823 0.24820854 0.6516578 0.47037324 0.77497816	417758.4 0.3547864 0.24820326 0.65165657 0.47037473 0.774979	0.9999999998745290
60033314_20000	457.0	13	14	497015.2 0.5477398 0.3953662 0.6513966 0.51080936 0.39468813	497016.4 0.54773843 0.3953652 0.651395 0.5108121 0.39468917	0.9999999998695456
60033314_5500	467.0	9	21	395955.6 0.8094468 0.49565658 0.5979206 0.27266693 0.32430908	395955.2 0.80944765 0.4956571 0.5979212 0.27266723 0.3243069	0.9999999999892105
60033314_5500	467.0	10	22	400648.0 0.48985144 0.5909177 0.26947346 0.32051077 0.82924664	400648.8 0.48985046 0.5909165 0.2694729 0.32050762 0.8292524	0.9999999999620963
60033314_6500	463.0	21	34	360677.2 0.84429514 0.4776626 0.47763765 0.34690854 0.35349616	360677.6 0.8442942 0.47765374 0.47764266 0.34690815 0.3535013	0.9999999996177344
60033314_4800	460.0	21	35	289304.8 0.5955034 0.59547573 0.4324954 0.4407151 0.43581024	289302.4 0.59549797 0.59548414 0.43249553 0.4407153 0.43580696	0.9999999982988885
60033314_4800	460.0	22	36	337087.6 0.51106596 0.37118837 0.37824294 0.37403333 0.8654694	337085.6 0.511072 0.37118763 0.37824222 0.37402964 0.8654686	0.9999999998604601
60033314_7050	468.0	27	39	528939.6 0.23836558 0.55155444 1.1790192 0.3350269 0.19603372	528936.8 0.23836495 0.5515536 1.1790217 0.33502677 0.19603287	0.9999999999989549
60033314_7050	468.0	28	40	556701.2 0.5240495 1.120224 0.31831977 0.18625791 0.35114887	556698.8 0.5240482 1.1202251 0.31831935 0.18625692 0.3511504	0.9999999999951118
60033314_7050	468.0	29	41	499291.2 1.2490307 0.35492113 0.2076744 0.39152503 0.29684883	499290.0 1.2490296 0.35492 0.2076729 0.39152595 0.29685152	0.9999999999916955
60033314_7050	468.0	35	47	471750.8 0.5770716 0.4153358 0.6862818 0.28314525 0.53816545	471752.0 0.57707226 0.4153305 0.6862801 0.28314877 0.5381684	0.9999999997416621
60033314_7050	468.0	36	48	441493.6 0.44380033 0.7333153 0.30255026 0.57504797 0.44528618	441495.6 0.44379377 0.73331195 0.30255342 0.5750499 0.44529095	0.9999999996302560
60033314_7050	468.0	37	49	513250.0 0.630792 0.26025134 0.49465173 0.38303167 0.73127323	513252.4 0.63078904 0.26025403 0.4946533 0.38303572 0.73126787	0.9999999999639988
60033314_7050	468.0	38	50	437966.4 0.30498686 0.5796792 0.44887233 0.8569744 0.3094872	437968.0 0.30499032 0.57968163 0.44887754 0.856969 0.3094815	0.9999999997750422
60033314_15000	456.0	72	77	361889.6 0.62504697 0.31387472 0.44939396 0.36943865 0.74224573	361891.2 0.62504697 0.31388164 0.44938922 0.36943978 0.74224246	0.9999999997995314
60033314_15000	456.0	73	78	326730.4 0.34765053 0.49775288 0.40919363 0.82211816 0.42328477	326730.4 0.3476597 0.4977498 0.40919667 0.82211816 0.42327556	0.9999999993595449
