ID	BITRATE	START_IDX	CAPTURE_START_IDX	KEY	CAPTURE_KEY	CORRELATION
70216224_1200	358.0	20	1	352567.0 0.42962614 0.57037383	352559.0 0.4375296 0.5624704	1.0000000000000000
80239639_5500	1362.0	15	2	453949.0 0.43693236 0.5630677	453971.0 0.43682086 0.56317914	1.0000000000000000
70297757_1200	350.0	40	7	296668.0 0.42394528 0.5760547	296671.0 0.4211972 0.57880276	1.0000000000000000
70298735_5500	468.0	18	8	330628.0 0.5137012 0.4862988	330642.0 0.5193351 0.48066488	1.0000000000000000
80091879_2000	566.0	17	14	328235.0 0.40089265 0.5991073	328221.0 0.40181464 0.59818536	1.0000000000000000
81076251_800	362.0	12	16	296878.0 0.47195482 0.5280452	296878.0 0.46221343 0.53778654	1.0000000000000000
70251894_1200	400.0	26	20	440878.0 0.32347724 0.67652273	440858.0 0.32146406 0.67853594	1.0000000000000000
70296965_1200	360.0	16	23	236763.0 0.49209547 0.5079045	236763.0 0.49601078 0.5039892	1.0000000000000000
70216224_1200	358.0	14	24	315263.0 0.3784269 0.6215731	315261.0 0.3784991 0.6215009	1.0000000000000000
81000864_3500	1131.0	31	25	368597.0 0.5391471 0.46085292	368574.0 0.53160286 0.4683971	1.0000000000000000
896970_800	431.0	18	27	485282.0 0.59013313 0.40986684	485283.0 0.5948859 0.40511414	1.0000000000000000
80206300_3500	884.0	3	28	389386.0 0.5146333 0.4853667	389370.0 0.50490534 0.49509463	1.0000000000000000
80091879_4800	1336.0	6	34	550810.0 0.3570705 0.6429295	550834.0 0.35629427 0.6437057	0.9999999999999999
60027695_3500	967.0	30	44	238523.0 0.48643947 0.51356053	238530.0 0.4806062 0.5193938	1.0000000000000000
70216224_600	305.0	7	45	226229.0 0.55619746 0.4438025	226249.0 0.547587 0.45241305	1.0000000000000000
