ID	BITRATE	START_IDX	CAPTURE_START_IDX	KEY	CAPTURE_KEY	CORRELATION
60033314_4800	460.0	24	0	363548.0 0.35071298 0.34680977 0.80247724	363546.0 0.35071215 0.34680894 0.8024789	1.0000000000000000
60033314_7050	468.0	31	7	298259.34 0.34765047 0.6554195 0.49692994	298256.66 0.34765026 0.65541536 0.4969344	0.9999999996931006
70297757_7050	806.0	39	10	528436.7 0.37126303 0.5205032 0.6082337	528442.7 0.3721747 0.5151666 0.6126587	0.9992020917418265
60033314_5500	467.0	9	17	502342.0 0.6380215 0.39068604 0.47129247	502344.66 0.63801813 0.39068994 0.47129196	0.9999999999583032
60033314_5500	467.0	10	18	360648.0 0.5441816 0.65645725 0.29936114	360649.34 0.5441879 0.6564576 0.2993545	0.9999999996817284
60033314_5500	467.0	11	19	315417.34 0.7505928 0.34228936 0.40711775	315416.0 0.7505992 0.34228447 0.40711632	0.9999999999917409
60033314_7050	468.0	13	20	379074.0 0.2848019 0.33874652 0.87645155	379075.34 0.28480354 0.33874795 0.87644845	0.9999999999999263
60033314_7050	468.0	14	21	437992.66 0.29317844 0.75855154 0.44827008	437992.66 0.2931807 0.75855154 0.4482678	0.9999999999585528
60033314_7050	468.0	15	22	498604.66 0.6663395 0.3937769 0.4398836	498604.0 0.6663404 0.39377543 0.43988416	0.9999999999810255
60033314_7050	468.0	16	23	398441.34 0.49276763 0.550465 0.45676735	398440.0 0.4927668 0.55046684 0.4567664	0.9999999999318501
60033314_7050	468.0	17	24	407650.0 0.53803015 0.44644916 0.5155207	407648.0 0.5380328 0.4464489 0.5155183	0.9999999987523723
60033314_7050	468.0	18	25	392178.66 0.46406147 0.5358578 0.50008076	392176.66 0.4640613 0.5358555 0.5000833	0.9999999981036336
60033314_10000	452.0	25	30	283264.0 0.44171515 0.60817116 0.45011368	283266.0 0.44171557 0.6081775 0.45010698	0.9999999991787933
60033314_10000	452.0	26	31	330754.0 0.52084935 0.3854859 0.59366477	330756.66 0.52085423 0.38547978 0.5936661	0.9999999994435180
60033314_6500	463.0	25	32	299957.34 0.42505378 0.6546164 0.42032978	299960.0 0.42505667 0.6546173 0.42032605	0.9999999996965382
60033314_5500	467.0	26	33	630711.3 0.31132784 0.19990128 0.9887709	630712.7 0.31132877 0.19990243 0.98876876	0.9999999999999607
60033314_20000	457.0	42	34	630810.0 0.19987318 0.9886162 0.3115106	630808.7 0.19987202 0.98861825 0.31150967	0.9999999999999606
60033314_6500	463.0	29	35	741248.7 0.84132224 0.26509997 0.39357775	741246.7 0.8413245 0.26509798 0.3935775	0.9999999999990767
60033314_6500	463.0	30	36	394622.66 0.49795672 0.739286 0.26275733	394620.0 0.497955 0.73928845 0.2627566	0.9999999999811496
60033314_6500	463.0	31	37	393942.66 0.7405621 0.2632109 0.49622706	393939.34 0.7405658 0.26321056 0.4962236	0.9999999999246185
60033314_7050	468.0	31	38	298259.34 0.34765047 0.6554195 0.49692994	298256.66 0.34765026 0.65541536 0.4969344	0.9999999996931006
80052541_3500	937.0	3	39	359827.34 0.54536986 0.41012448 0.5445056	359830.66 0.5432611 0.4118993 0.5448396	0.9998736568200335
60033314_6500	463.0	34	40	410996.66 0.36062095 0.476999 0.6623801	411000.0 0.360618 0.4770073 0.6623747	0.9999999989532389
70298735_7050	460.0	28	41	442823.34 0.44367805 0.6129419 0.44337997	442814.66 0.44273603 0.61478543 0.44247857	0.9999999738023794
60033314_7050	468.0	35	42	527948.7 0.5156448 0.37112507 0.61323005	527951.3 0.51564604 0.37112513 0.6132289	0.9999999999601982
60033314_7050	468.0	36	43	435508.66 0.4498992 0.7433928 0.30670804	435510.0 0.44990012 0.7433928 0.30670708	0.9999999999922946
60033314_7050	468.0	37	44	474138.66 0.68282557 0.28171927 0.53545517	474141.34 0.68282384 0.2817177 0.53545845	0.9999999999013731
60033314_7050	468.0	38	45	389363.34 0.34305745 0.65203875 0.50490373	389367.34 0.34305394 0.65203977 0.50490624	0.9999999999061430
60033314_7050	468.0	39	46	550531.3 0.46115452 0.35709321 0.6817523	550535.3 0.4611566 0.35709608 0.6817474	0.9999999999822603
60033314_7050	468.0	40	47	471641.34 0.4168231 0.7957869 0.28739	471644.0 0.4168271 0.7957824 0.2873905	0.9999999999494954
60033314_7050	468.0	41	48	471293.34 0.7963745 0.2876022 0.41602328	471294.66 0.7963723 0.28760353 0.41602424	0.9999999999993685
60033314_7050	468.0	42	49	491492.66 0.27578235 0.3989256 0.8252921	491494.66 0.27578327 0.39892602 0.82529074	1.0000000000000000
60033314_7050	468.0	43	50	487600.0 0.40211034 0.8318806 0.26600903	487600.66 0.40211186 0.8318816 0.26600662	0.9999999999829876
60033314_20000	457.0	59	51	475026.66 0.85390365 0.27304995 0.37304643	475026.0 0.85390276 0.27304822 0.37304905	0.9999999999732038
60033314_20000	457.0	60	52	637970.7 0.20331028 0.27776667 1.018923	637970.0 0.20330894 0.27776855 1.0189226	0.9999999999934122
60033314_20000	457.0	61	53	682768.0 0.25954205 0.9520701 0.28838786	682766.7 0.25954401 0.9520705 0.28838548	0.9999999999845197
60033314_7050	468.0	46	54	695350.7 0.9348434 0.2831708 0.28198576	695346.7 0.9348459 0.2831681 0.28198597	0.9999999999927082
60033314_7050	468.0	47	55	581345.3 0.33870232 0.3372849 0.8240128	581344.0 0.3386979 0.33728394 0.8240181	0.9999999999809914
60033314_7050	468.0	48	56	752292.0 0.26064214 0.6367687 0.60258913	752293.3 0.26064035 0.63677025 0.6025894	0.9999999999970556
60033314_7050	468.0	49	57	733424.0 0.65315014 0.6180913 0.22875853	733425.3 0.6531517 0.6180916 0.22875676	0.9999999999974363
60033314_7050	468.0	50	58	500892.0 0.90503144 0.33495644 0.26001215	500893.34 0.90503097 0.33495355 0.26001543	0.9999999999628939
60033314_7050	468.0	51	59	329194.0 0.50965995 0.3956269 0.59471315	329195.34 0.5096548 0.39563134 0.59471375	0.9999999990983398
60033314_6500	463.0	53	60	352506.66 0.3694682 0.55537957 0.5751523	352507.34 0.36946747 0.55538416 0.5751483	0.9999999992785605
60033314_6500	463.0	54	61	350861.34 0.55798393 0.5778493 0.36416665	350864.66 0.5579844 0.57784104 0.3641746	0.9999999994885590
60033314_6500	463.0	55	62	315155.34 0.64331764 0.40542546 0.4512568	315157.34 0.6433104 0.4054356 0.45125395	0.9999999991371852
60033314_6500	463.0	56	63	253747.33 0.5035403 0.5604631 0.4359967	253750.67 0.5035494 0.5604557 0.4359949	0.9999999916520739
60033314_7050	468.0	56	64	258850.67 0.54940945 0.42740473 0.5231858	258850.67 0.54941326 0.42740473 0.523182	0.9999999982661901
60033314_7050	468.0	57	65	295408.66 0.37451172 0.4584395 0.6670488	295407.34 0.37451336 0.45843816 0.6670484	0.9999999999596400
60033314_15000	456.0	65	66	774367.3 0.174886 0.25446838 1.0706457	774366.7 0.17488614 0.2544673 1.0706465	0.9999999999990773
60033314_15000	456.0	66	67	795566.0 0.24768782 1.0421172 0.210195	795565.3 0.24768677 1.0421181 0.21019518	0.9999999999990652
60033314_15000	456.0	67	68	740626.7 1.1194209 0.22578716 0.15479188	740626.0 1.119422 0.22578737 0.15479067	0.9999999999992739
60033314_15000	456.0	68	69	318664.0 0.5247659 0.3597614 0.61547273	318663.34 0.524767 0.35975897 0.615474	0.9999999999880490
60033314_7050	468.0	62	70	397940.66 0.28808567 0.4928549 0.71905947	397943.34 0.28808624 0.4928566 0.71905714	0.9999999999773714
60033314_7050	468.0	63	71	472312.66 0.41524825 0.6058339 0.47891793	472314.66 0.41525072 0.6058334 0.4789159	0.9999999997875417
60033314_7050	468.0	64	72	417288.66 0.68571955 0.5420684 0.27221206	417287.34 0.68572414 0.5420701 0.2722057	0.9999999999968033
60033314_6500	463.0	66	73	315656.66 0.7165982 0.35985303 0.42354882	315656.66 0.7165982 0.35984668 0.42355514	0.9999999994610604
60033314_20000	457.0	84	77	401706.0 0.6686706 0.34427914 0.48705024	401709.34 0.66866505 0.34428126 0.48705363	0.9999999998625162
60033314_20000	457.0	85	78	347792.0 0.3976486 0.56255174 0.53979963	347793.34 0.3976528 0.56255823 0.53978896	0.9999999949529645
