ID	BITRATE	START_IDX	CAPTURE_START_IDX	KEY	CAPTURE_KEY	CORRELATION
60033314_20000	457.0	40	32	695652.0 2.2307963	695652.94 2.2307978	0.9999999999105722
60033314_20000	457.0	41	33	650410.25 3.1201246	650411.2 3.1201217	0.9999999999033313
60033314_20000	457.0	42	34	728758.4 2.4695182	728759.06 2.4695227	0.9999999999075992
60033314_20000	457.0	43	35	708766.25 2.7774277	708768.1 2.7774231	0.9999999999033692
60033314_20000	457.0	44	36	607933.9 3.0754464	607935.44 3.0754516	0.9999999997204813
60033314_20000	457.0	45	37	679583.06 2.5759103	679585.6 2.575902	0.9999999997919028
60033314_20000	457.0	46	38	629397.9 2.8644361	629399.2 2.8644428	0.9999999997920398
60033314_20000	457.0	47	39	671250.4 2.4372635	671252.56 2.4372585	0.9999999997702843
60033314_20000	457.0	48	40	697371.06 3.3686872	697373.2 3.3686855	0.9999999999307609
60033314_20000	457.0	49	41	805260.1 2.0334187	805262.4 2.0334167	0.9999999999206709
60033314_20000	457.0	50	42	703980.56 3.4050515	703981.75 3.4050527	0.9999999999075102
60033314_20000	457.0	51	43	822683.9 2.3343341	822685.3 2.3343337	0.9999999999208463
60033314_20000	457.0	52	44	803620.1 3.2082036	803620.7 3.2082088	0.9999999999420708
60033314_20000	457.0	53	45	853480.94 2.21711	853482.4 2.2171073	0.9999999999402758
60033314_20000	457.0	54	46	786938.1 3.0303068	786939.2 3.0303078	0.9999999999404449
60033314_20000	457.0	55	47	828803.9 2.3581707	828804.7 2.3581731	0.9999999999473760
