ID	BITRATE	START_IDX	CAPTURE_START_IDX	KEY	CAPTURE_KEY	CORRELATION
60033314_20000	457.0	40	32	584517.3 3.0234914 3.0368783	584518.9 3.02349 3.036867	0.9999999999093387
60033314_20000	457.0	41	33	633577.1 2.8017237 2.0220065	633578.3 2.8017151 2.022012	0.9999999999062595
60033314_20000	457.0	42	34	625558.7 2.0479245 2.9045875	625559.2 2.0479326 2.9045932	0.9999999999068070
60033314_20000	457.0	43	35	635581.3 2.8587844 3.5067	635582.8 2.8587856 3.5066855	0.9999999999384777
60033314_20000	457.0	44	36	596743.2 3.7349284 2.2654922	596744.3 3.7349145 2.2654963	0.9999999999011502
60033314_20000	457.0	45	37	680593.6 1.9863791 2.0415134	680593.8 1.986386 2.0415173	0.9999999998952126
60033314_20000	457.0	46	38	602112.5 2.3076103 4.1708584	602113.6 2.307611 4.1708474	0.9999999999100284
60033314_20000	457.0	47	39	659633.3 3.8071547 2.2944582	659634.2 3.8071465 2.2944658	0.9999999999111777
60033314_20000	457.0	48	40	759871.0 1.9917867 1.9128602	759872.3 1.9917926 1.9128622	0.9999999999245863
60033314_20000	457.0	49	41	663018.1 2.1922884 3.689314	663020.1 2.192288 3.6893027	0.9999999999254806
60033314_20000	457.0	50	42	652209.9 3.7504523 2.3934948	652211.5 3.750443 2.3935041	0.9999999999231801
