ID	BITRATE	START_IDX	CAPTURE_START_IDX	KEY	CAPTURE_KEY	CORRELATION
60033314_20000	457.0	40	32	451283.2 0.2825277 0.4351104 0.27938554 1.3819017 0.4354339 0.6464633 0.2297626 0.4331759 0.32843015 0.43442568 0.6032465 0.4341664 0.71740764 0.2959893 0.5625736	451283.88 0.28252727 0.43511194 0.2793829 1.3818996 0.43543103 0.64646226 0.22976448 0.4331686 0.32842743 0.43442723 0.60324776 0.4341746 0.7174088 0.29598665 0.5625794	0.9999999999105722
60033314_20000	457.0	41	33	460495.88 0.42640555 0.27379614 1.3542553 0.42672262 0.6335301 0.22516596 0.42450976 0.32185957 0.42573455 0.59117794 0.42548046 0.70305514 0.29006773 0.5513187 0.4269202	460496.4 0.42640725 0.27379367 1.3542538 0.42671993 0.63352937 0.22516789 0.42450276 0.321857 0.42573622 0.59117943 0.42548865 0.7030565 0.29006523 0.5513246 0.42691755	0.9999999999033313
60033314_20000	457.0	42	34	484358.0 0.26030746 1.2875373 0.4056999 0.60231894 0.21407306 0.4035961 0.306003 0.40476054 0.56205326 0.40451896 0.6684188 0.27577743 0.52415776 0.40588778 0.77488965	484358.66 0.26030505 1.2875355 0.40569732 0.6023181 0.21407484 0.40358937 0.30600053 0.40476206 0.5620546 0.40452668 0.66841996 0.275775 0.52416325 0.4058852 0.77489275	0.9999999999075992
60033314_20000	457.0	43	35	485619.6 1.2841924 0.40464595 0.6007542 0.21351692 0.4025476 0.30520803 0.403709 0.5605931 0.40346807 0.6666823 0.27506098 0.52279603 0.40483335 0.77287656 0.2791156	485620.66 1.2841896 0.404643 0.6007529 0.21351852 0.40254053 0.30520532 0.4037102 0.56059396 0.40347543 0.6666829 0.27505833 0.5228011 0.4048304 0.772879 0.2791191	0.9999999999033692
60033314_20000	457.0	44	36	428611.47 0.4584665 0.6806584 0.24191606 0.45608905 0.3458027 0.45740494 0.6351557 0.45713195 0.7553554 0.3116459 0.59233135 0.4586788 0.8756742 0.31623977 0.45744926	428612.8 0.45846272 0.68065625 0.24191764 0.45608062 0.34579927 0.45740584 0.635156 0.45713985 0.7553554 0.3116426 0.5923365 0.45867506 0.8756761 0.31624347 0.4574525	0.9999999997204813
60033314_20000	457.0	45	37	456494.53 0.6390832 0.22713964 0.42823076 0.32468078 0.42946625 0.59635985 0.42920995 0.70921767 0.2926103 0.5561512 0.43066233 0.8221873 0.2969236 0.42950788 0.88856924	456495.88 0.63908136 0.22714116 0.42822292 0.32467765 0.4294672 0.59636027 0.42921746 0.7092178 0.29260725 0.55615616 0.43065888 0.8221893 0.2969271 0.429511 0.8885644	0.9999999997919028
60033314_20000	457.0	46	38	434890.28 0.23842336 0.44950417 0.3408101 0.45080107 0.6259855 0.45053202 0.74444985 0.30714643 0.58377945 0.45205656 0.86303145 0.31167403 0.45084473 0.9327111 0.29824993	434891.47 0.238425 0.44949606 0.34080687 0.45080212 0.62598604 0.45054 0.7444501 0.3071433 0.58378476 0.452053 0.8630337 0.31167775 0.45084813 0.9327063 0.29824683	0.9999999997920398
60033314_20000	457.0	47	39	444692.8 0.43959558 0.3332975 0.44086388 0.6121867 0.44060078 0.7280396 0.30037588 0.57091093 0.4420917 0.8440074 0.30480367 0.4409066 0.91215104 0.2916755 0.39849305	444694.0 0.43958768 0.33329436 0.44086495 0.61218727 0.4406086 0.72804 0.30037284 0.5709162 0.44208828 0.8440096 0.30480736 0.44090992 0.91214633 0.29167247 0.39849424	0.9999999997702843
60033314_20000	457.0	48	40	505300.53 0.29332048 0.38798496 0.5387586 0.3877534 0.6407157 0.26434764 0.50243366 0.3890655 0.74277383 0.26824433 0.38802254 0.80274403 0.2566908 0.35069624 1.2864482	505302.0 0.29331765 0.3879858 0.538759 0.3877602 0.64071584 0.2643449 0.5024381 0.38906237 0.7427756 0.26824751 0.38802537 0.80273974 0.2566881 0.35069722 1.2864425	0.9999999999307609
60033314_20000	457.0	49	41	511792.12 0.38306373 0.53192496 0.38283512 0.63258886 0.26099464 0.4960608 0.38413057 0.7333524 0.2648419 0.38310087 0.792562 0.25343493 0.346248 1.2701309 0.38473043	511793.47 0.3830647 0.5319255 0.38284194 0.63258916 0.260992 0.49606535 0.38412762 0.7333544 0.2648451 0.38310376 0.79255795 0.2534323 0.34624904 1.2701256 0.3847255	0.9999999999206709
60033314_20000	457.0	50	42	511796.28 0.5319206 0.38283202 0.63258374 0.26099253 0.49605674 0.38412744 0.73334646 0.26483974 0.38309774 0.7925556 0.25343287 0.3462452 1.2701206 0.3847273 0.3831212	511797.2 0.5319216 0.38283914 0.6325846 0.2609901 0.49606174 0.38412482 0.7333491 0.2648432 0.383101 0.79255223 0.25343046 0.34624654 1.2701164 0.3847227 0.3831166	0.9999999999075102
60033314_20000	457.0	51	43	539369.9 0.36326092 0.6002449 0.24765009 0.4706974 0.36449015 0.69585645 0.25130066 0.36351308 0.75203866 0.2404769 0.3285445 1.2051897 0.36505932 0.3635353 0.88814193	539370.8 0.36326772 0.60024565 0.2476478 0.47070214 0.36448765 0.69585896 0.2513039 0.36351615 0.7520355 0.24047464 0.32854578 1.2051858 0.36505497 0.363531 0.8881422	0.9999999999208463
60033314_20000	457.0	52	44	573688.56 0.56433755 0.23283538 0.44253975 0.34268594 0.6542295 0.23626757 0.3417673 0.70705086 0.22609131 0.30889058 1.1330938 0.34322107 0.34178823 0.8350123 0.7901883	573689.2 0.5643387 0.23283339 0.44254452 0.34268382 0.6542323 0.2362708 0.34177044 0.70704836 0.22608933 0.308892 1.1330909 0.3432172 0.3417844 0.83501315 0.79019094	0.9999999999420708
60033314_20000	457.0	53	45	552891.2 0.24159364 0.4591862 0.3555763 0.6788388 0.24515493 0.3546231 0.73364705 0.2345959 0.32050973 1.1757159 0.35613155 0.35464483 0.8664218 0.8199118 0.3034485	552892.0 0.24159148 0.45919093 0.35557395 0.6788414 0.24515818 0.3546262 0.7336442 0.23459373 0.32051107 1.1757125 0.3561274 0.3546407 0.86642236 0.8199142 0.30345166	0.9999999999402758
60033314_20000	457.0	54	46	552446.7 0.45955566 0.35586238 0.679385 0.24535218 0.35490847 0.7342374 0.23478465 0.3207676 1.176662 0.3564181 0.35493016 0.86711895 0.8205715 0.30369264 0.23575306	552447.44 0.45956045 0.3558601 0.6793877 0.24535547 0.3549116 0.7342346 0.23478252 0.32076898 1.1766585 0.356414 0.35492608 0.8671196 0.820574 0.30369586 0.23575093	0.9999999999404449
60033314_20000	457.0	55	47	544699.3 0.3609239 0.68904805 0.24884188 0.35995638 0.7446806 0.23812404 0.32532996 1.1933979 0.3614875 0.35997844 0.87945217 0.83224267 0.30801213 0.23910624 0.35941848	544700.0 0.36092162 0.68905085 0.24884523 0.3599596 0.7446778 0.2381219 0.3253314 1.1933945 0.3614834 0.3599743 0.8794529 0.8322453 0.30801544 0.23910409 0.3594217	0.9999999999473760
