ID	BITRATE	START_IDX	CAPTURE_START_IDX	KEY	CAPTURE_KEY	CORRELATION
80199806_2000	663.0	8	1	601604.0 0.6694387 0.3305613	601615.0 0.6742302 0.3257698	1.0000000000000000
81056132_5500	505.0	62	2	325712.0 0.6100789 0.38992116	325692.0 0.6017587 0.39824128	1.0000000000000000
60033314_7050	468.0	10	6	557253.0 0.42484832 0.5751517	557256.0 0.42485142 0.5751486	1.0000000000000000
60033314_7050	468.0	11	7	516765.0 0.6202142 0.37978578	516761.0 0.620219 0.37978098	1.0000000000000000
70297757_800	367.0	15	8	304235.0 0.64486 0.35513994	304219.0 0.6451142 0.3548858	1.0000000000000000
70208599_1200	370.0	60	9	236371.0 0.45943454 0.5405655	236375.0 0.45674458 0.54325545	1.0000000000000000
60033314_7050	468.0	14	10	460650.0 0.2787583 0.7212417	460650.0 0.2787626 0.72123736	1.0000000000000000
70097579_10000	1640.0	7	11	528596.0 0.6235764 0.3764236	528576.0 0.6285529 0.37144706	1.0000000000000000
60033314_7050	468.0	16	12	415667.0 0.47234684 0.52765316	415665.0 0.47234672 0.5276533	1.0000000000000000
60033314_7050	468.0	17	13	401323.0 0.5465124 0.45348758	401322.0 0.5465113 0.4534887	1.0000000000000000
70295915_7050	515.0	1	14	378091.0 0.48668706 0.51331294	378115.0 0.4813218 0.5186782	1.0000000000000000
70130445_15000	680.0	10	15	406281.0 0.48272255 0.5172775	406271.0 0.48273197 0.517268	1.0000000000000000
60033314_4800	460.0	17	16	617941.0 0.340081 0.65991896	617942.0 0.34008208 0.65991795	1.0000000000000000
60033314_7050	468.0	21	17	712309.0 0.57249314 0.4275069	712310.0 0.57249093 0.4275091	1.0000000000000000
60033314_7050	468.0	22	18	476796.0 0.63867354 0.36132643	476798.0 0.6386751 0.36132494	1.0000000000000000
60033314_6500	463.0	24	21	252620.0 0.49529728 0.5047027	252621.0 0.49529532 0.50470465	1.0000000000000000
60033314_4800	460.0	24	22	253583.0 0.5027979 0.4972021	253581.0 0.50279397 0.49720603	1.0000000000000000
60033314_7050	468.0	0	25	468948.0 0.62211376 0.37788624	468948.0 0.6221159 0.37788412	1.0000000000000000
60033314_7050	468.0	30	26	280899.0 0.6308638 0.36913624	280897.0 0.6308647 0.36913532	1.0000000000000000
60033314_6500	463.0	3	27	251904.0 0.41162506 0.5883749	251903.0 0.41162273 0.5883773	1.0000000000000000
60033314_6500	463.0	34	28	344259.0 0.4305305 0.5694695	344262.0 0.43052676 0.56947327	1.0000000000000000
60033314_6500	463.0	35	29	468281.0 0.4186482 0.5813518	468284.0 0.41865194 0.58134806	1.0000000000000000
60033314_7050	468.0	35	30	468169.0 0.5814866 0.4185134	468171.0 0.5814884 0.4185116	1.0000000000000000
60033314_7050	468.0	36	31	519689.0 0.37702358 0.6229764	519689.0 0.37702358 0.6229764	1.0000000000000000
60033314_7050	468.0	40	33	571917.0 0.34374043 0.65625954	571920.0 0.3437439 0.65625614	1.0000000000000000
60033314_7050	468.0	42	37	331614.0 0.4087433 0.5912567	331615.0 0.40874207 0.5912579	1.0000000000000000
60033314_7050	468.0	43	38	601694.0 0.32586166 0.67413837	601697.0 0.3258617 0.6741383	1.0000000000000000
60033314_7050	468.0	44	39	535331.0 0.7577088 0.24229121	535331.0 0.75771254 0.24228749	1.0000000000000000
60033314_7050	468.0	45	40	779750.0 0.16634306 0.83365697	779747.0 0.16634114 0.8336589	1.0000000000000000
80091879_5500	1325.0	21	44	649095.0 0.3029572 0.6970428	649098.0 0.30160776 0.6983922	1.0000000000000000
60033314_7050	468.0	50	45	621100.0 0.7298712 0.27012882	621101.0 0.72987324 0.27012676	1.0000000000000000
60033314_4800	460.0	53	48	324825.0 0.39336258 0.6066374	324828.0 0.39336511 0.6066349	1.0000000000000000
60033314_4800	460.0	54	49	339267.0 0.58081394 0.41918606	339269.0 0.58081347 0.41918653	1.0000000000000000
60033314_7050	468.0	56	50	252849.0 0.5624503 0.43754968	252853.0 0.56244934 0.43755066	1.0000000000000000
60033314_7050	468.0	57	51	246061.0 0.44962022 0.5503798	246064.0 0.44962287 0.55037713	1.0000000000000000
60033314_4800	460.0	57	52	302650.0 0.44747397 0.552526	302650.0 0.44747397 0.552526	1.0000000000000000
80174429_10000	3278.0	1	53	363367.0 0.45879236 0.5412077	363351.0 0.46022165 0.53977835	1.0000000000000000
60033314_4800	460.0	59	54	1025204.0 0.19130826 0.80869174	1025201.0 0.19130786 0.80869216	0.9999999999999999
60033314_7050	468.0	61	55	943713.0 0.8785213 0.12147867	943713.0 0.8785213 0.12147867	1.0000000000000000
70305893_2000	724.0	3	56	310292.0 0.36868176 0.6313183	310296.0 0.36945692 0.6305431	1.0000000000000000
60000870_2000	515.0	32	57	481813.0 0.40691304 0.59308696	481799.0 0.40609258 0.5939074	1.0000000000000000
60033314_7050	468.0	64	58	512342.0 0.5585 0.4415	512343.0 0.5585008 0.44149914	1.0000000000000000
60033314_7050	468.0	65	59	339790.0 0.66570234 0.33429766	339788.0 0.6657063 0.33429372	1.0000000000000000
60033314_7050	468.0	66	60	276220.0 0.4112338 0.5887662	276220.0 0.41122657 0.5887734	1.0000000000000000
60033314_7050	468.0	67	61	431237.0 0.3771221 0.6228779	431241.0 0.37712324 0.62287676	1.0000000000000000
80009431_5500	1623.0	5	63	330452.0 0.40601057 0.59398943	330427.0 0.4046219 0.5953781	1.0000000000000000
60033314_6500	463.0	72	65	311802.0 0.55698806 0.4430119	311802.0 0.5569817 0.44301832	1.0000000000000000
80081770_800	428.0	24	66	240102.0 0.57607603 0.423924	240083.0 0.57535934 0.42464066	1.0000000000000000
