ID	BITRATE	START_IDX	CAPTURE_START_IDX	KEY	CAPTURE_KEY	CORRELATION
60033314_20000	457.0	40	32	469378.2 0.27163598 0.41833645 0.26861495 1.328628 0.4186475 0.62154144 0.22090502 0.41647652 0.31576884 0.41767812 0.57999074 0.41742885 0.68975085 0.28457862 0.5408858 0.41884136 0.7996196 0.28877354 0.4177186 0.8641795	469379.1 0.27163544 0.41833776 0.2686123 1.3286254 0.41864455 0.62154025 0.22090673 0.41646934 0.3157661 0.41767946 0.57999176 0.41743657 0.6897516 0.28457594 0.5408912 0.4188384 0.7996223 0.28877723 0.41772205 0.8641757	0.9999999999093387
60033314_20000	457.0	41	33	469598.8 0.4181399 0.26848876 1.3280038 0.4184508 0.62124944 0.22080123 0.41628087 0.31562048 0.4174819 0.57971823 0.41723275 0.6894268 0.28444493 0.5406317 0.41864458 0.7992439 0.28863788 0.41752234 0.86377347 0.276206	469599.6 0.41814134 0.26848617 1.3280016 0.41844797 0.6212484 0.22080301 0.41627377 0.31561783 0.41748333 0.5797194 0.41724056 0.6894278 0.28444234 0.5406372 0.41864175 0.79924685 0.28864166 0.41752592 0.8637699 0.2762034	0.9999999999062595
60033314_20000	457.0	42	34	467683.7 0.2695882 1.3334419 0.42016432 0.6237934 0.2217054 0.4179855 0.31691292 0.41919145 0.58209217 0.41894126 0.69224995 0.2856097 0.54284555 0.4203589 0.80251676 0.2898198 0.41923207 0.8673106 0.277337 0.37890354	467684.5 0.26958558 1.3334396 0.42016146 0.62379235 0.22170715 0.41797835 0.31691024 0.41919285 0.5820933 0.4189491 0.69225085 0.28560707 0.54285103 0.42035604 0.8025196 0.2898236 0.41923562 0.8673069 0.2773344 0.378905	0.9999999999068070
60033314_20000	457.0	43	35	520079.8 1.1991025 0.37783432 0.5609485 0.1993694 0.375875 0.2849851 0.37695944 0.5234485 0.3767345 0.6225083 0.25683558 0.48815584 0.3780093 0.72166616 0.26062155 0.37699598 0.7799322 0.24939634 0.3407304 1.2498908	520080.6 1.1991007 0.37783182 0.56094766 0.19937102 0.37586868 0.28498274 0.3769608 0.52344966 0.37674162 0.6225093 0.25683329 0.48816088 0.3780068 0.7216689 0.260625 0.37699926 0.7799291 0.24939404 0.3407318 1.2498871	0.9999999999384777
60033314_20000	457.0	44	36	477407.1 0.4116068 0.6110885 0.21718991 0.40947235 0.3104583 0.4106537 0.5702366 0.41040865 0.6781508 0.27979267 0.53178936 0.4117974 0.7861718 0.283917 0.41069353 0.8496459 0.27168846 0.37118635 1.3616115 0.41244045	477407.7 0.41160417 0.6110878 0.21719173 0.40946555 0.31045583 0.41065532 0.570238 0.4104165 0.678152 0.27979022 0.53179497 0.41179478 0.786175 0.28392085 0.4106972 0.8496428 0.27168602 0.37118798 1.3616078 0.41243574	0.9999999999011502
60033314_20000	457.0	45	37	477364.7 0.6111428 0.21720919 0.4095087 0.3104859 0.4106902 0.5702873 0.4104451 0.67821103 0.27981752 0.53183657 0.41183397 0.78624165 0.28394225 0.41073 0.84972143 0.2717126 0.37121934 1.3617325 0.4124771 0.41075513	477365.2 0.61114216 0.21721107 0.409502 0.31048346 0.41069186 0.5702888 0.41045305 0.6782124 0.27981514 0.5318423 0.41183147 0.786245 0.28394613 0.41073376 0.84971845 0.27171022 0.37122104 1.3617289 0.4124725 0.4107505	0.9999999998952126
60033314_20000	457.0	46	38	496094.6 0.20900853 0.39404783 0.29876357 0.39518473 0.54875624 0.39494887 0.65260535 0.26925308 0.51175725 0.3962853 0.75655735 0.2732221 0.39522302 0.8176404 0.26145416 0.35720405 1.3103206 0.39690414 0.3952472 0.9656162	496095.2 0.20901029 0.39404133 0.29876122 0.39518625 0.5487576 0.39495647 0.6526066 0.26925075 0.5117627 0.39628282 0.75656044 0.27322578 0.39522657 0.81763744 0.26145184 0.35720563 1.310317 0.39689964 0.3952427 0.9656171	0.9999999999100284
60033314_20000	457.0	47	39	531058.0 0.36810482 0.2790938 0.36916682 0.5126276 0.36894652 0.60963964 0.2515262 0.47806454 0.37019497 0.70674765 0.25523388 0.3692026 0.7638092 0.24424075 0.3336867 1.2240528 0.37077305 0.3692252 0.9020427 0.8536205	531058.7 0.36809868 0.27909157 0.36916825 0.51262885 0.3689536 0.6096407 0.251524 0.47806957 0.37019262 0.7067505 0.25523734 0.3692059 0.76380634 0.24423854 0.33368817 1.2240493 0.37076882 0.36922097 0.9020434 0.85362315	0.9999999999111777
60033314_20000	457.0	48	40	528286.9 0.28055778 0.3711033 0.5153166 0.37088183 0.6128375 0.2528456 0.48057222 0.37213683 0.7104549 0.25657272 0.37113926 0.76781577 0.2455219 0.33543706 1.2304735 0.37271795 0.37116197 0.9067744 0.85809815 0.31758124	528288.1 0.28055525 0.3711043 0.51531726 0.37088853 0.6128379 0.25284308 0.48057678 0.37213406 0.710457 0.2565759 0.37114218 0.7678121 0.24551943 0.33543816 1.2304688 0.37271327 0.37115732 0.9067741 0.85809994 0.31758428	0.9999999999245863
60033314_20000	457.0	49	41	526489.5 0.3723702 0.51707584 0.37214798 0.6149296 0.25370875 0.48221284 0.37340724 0.7128803 0.25744864 0.37240627 0.770437 0.2463601 0.3365822 1.2346742 0.37399036 0.37242907 0.90986997 0.8610276 0.31866542 0.24737625	526490.7 0.37237126 0.51707655 0.37215474 0.61493015 0.2537063 0.48221746 0.3734045 0.7128825 0.25745183 0.37240925 0.77043337 0.24635763 0.33658335 1.2346696 0.3739857 0.37242445 0.90986985 0.86102945 0.3186685 0.24737379	0.9999999999254806
60033314_20000	457.0	50	42	526462.1 0.5171027 0.37216732 0.6149616 0.25372195 0.4822379 0.37342668 0.7129174 0.25746202 0.37242565 0.77047706 0.2463729 0.3365997 1.2347383 0.37400982 0.37244844 0.9099173 0.86107236 0.318682 0.24738912 0.37186912	526463.4 0.5171034 0.37217402 0.61496204 0.25371945 0.48224247 0.37342387 0.7129195 0.2574652 0.37242857 0.77047336 0.24637042 0.3366008 1.2347336 0.37400514 0.37244377 0.90991706 0.86107415 0.31868502 0.24738663 0.371872	0.9999999999231801
