ID	BITRATE	START_IDX	CAPTURE_START_IDX	KEY	CAPTURE_KEY	CORRELATION
60033314_20000	457.0	40	32	496601.7 0.6512906 1.0473424 0.52286774 1.7670279 0.79157805 1.3432536 0.48173818 0.7884649 1.115264 0.39478117	496602.7 0.65129733 1.0473443 0.5228627 1.7670304 0.79157245 1.3432549 0.48174328 0.7884613 1.1152577 0.3947824	0.9999999999093387
60033314_20000	457.0	41	33	489192.0 1.0632063 0.5307875 1.7937926 0.80356795 1.3635995 0.48903498 0.8004076 1.1321567 0.66590416 0.5564993	489193.2 1.0632077 0.5307821 1.7937944 0.80356187 1.3636004 0.48903993 0.8004036 1.1321498 0.66590255 0.55649996	0.9999999999062595
60033314_20000	457.0	42	34	500059.1 0.51925266 1.7548106 0.7861051 1.3339664 0.47840747 0.78301346 1.1075531 0.651433 0.8987778 0.3918177	500060.0 0.5192477 1.7548134 0.7860997 1.3339679 0.4784126 0.78301007 1.107547 0.6514318 0.89878017 0.391825	0.9999999999068070
60033314_20000	457.0	43	35	533437.3 1.6450087 0.73691696 1.2504975 0.44847256 0.73401874 1.0382513 0.6106716 0.8425395 1.585894 0.6069204	533438.0 1.6450121 0.73691225 1.2504996 0.44847763 0.73401594 1.0382463 0.6106708 0.8425422 1.5858976 0.6069215	0.9999999999384777
60033314_20000	457.0	44	36	502795.1 0.78182745 1.3267075 0.47580418 0.7787526 1.1015263 0.6478882 0.893887 1.6825442 1.0355232 0.26566488	502796.0 0.781822 1.326709 0.47580928 0.7787492 1.1015203 0.647887 0.89388937 1.6825472 1.0355194 0.2656624	0.9999999999011502
60033314_20000	457.0	45	37	497024.2 1.3421117 0.4813287 0.78779465 1.114316 0.65541077 0.9042659 1.7020801 1.0475466 0.6632575 0.51080006	497024.6 1.3421147 0.48133433 0.787792 1.1143111 0.65541023 0.90426916 1.7020848 1.0475438 0.66325086 0.5108057	0.9999999998952126
60033314_20000	457.0	46	38	533627.0 0.44831315 0.73375785 1.0378822 0.6104545 0.84224 1.5853302 0.97569275 0.617763 1.3734632 0.36841276	533627.8 0.4483181 0.7337549 1.037877 0.61045355 0.8422425 1.5853335 0.9756894 0.6177564 1.3734685 0.36841032	0.9999999999100284
60033314_20000	457.0	47	39	544612.4 0.71895725 1.0169472 0.598141 0.82525116 1.5533525 0.95601207 0.6053021 1.345759 1.193357 0.689158	544613.3 0.71895415 1.0169417 0.59814 0.8252534 1.5533553 0.95600855 0.60529554 1.345764 1.1933568 0.6891605	0.9999999999111777
60033314_20000	457.0	48	40	547893.7 1.0108567 0.5945588 0.8203088 1.5440495 0.95028657 0.60167694 1.3376993 1.18621 0.99124706 0.24739106	547895.1 1.0108504 0.5945572 0.8203103 1.5440509 0.9502822 0.6016699 1.3377031 1.1862087 0.99125177 0.24739406	0.9999999999245863
60033314_20000	457.0	49	41	567052.2 0.57447094 0.7925937 1.4918821 0.91818005 0.5813486 1.2925036 1.1461326 0.95775664 0.46871346 0.3457671	567053.3 0.5744698 0.7925957 1.4918845 0.9181765 0.58134216 1.2925081 1.1461321 0.9577618 0.4687143 0.34576997	0.9999999999254806
60033314_20000	457.0	50	42	539432.7 0.8331753 1.568268 0.9651918 0.61111426 1.3586811 1.2048157 1.0067948 0.49271208 0.72639835 0.7519511	539433.9 0.8331772 1.5682701 0.9651878 0.61110735 1.3586855 1.2048149 1.0067999 0.49271286 0.72640413 0.7519476	0.9999999999231801
