ID	BITRATE	START_IDX	CAPTURE_START_IDX	KEY	CAPTURE_KEY	CORRELATION
80023001_3500	1030.0	6	5	353527.34 0.37736827 0.5615294 0.5611023	353537.34 0.37707192 0.55524546 0.5676826	0.9981790337168994
70019012_4200	1254.0	6	10	606890.0 0.32314917 0.55371153 0.62313926	606889.3 0.32314625 0.5537138 0.62314	0.9999999999641809
70019012_6500	1705.0	11	11	606866.7 0.5537328 0.6231566 0.3231105	606871.3 0.55373025 0.62315845 0.32311133	0.9999999998922847
70019012_6500	1705.0	12	12	523073.34 0.72298276 0.37487096 0.40214628	523076.0 0.7229867 0.37487286 0.4021404	0.9999999997729863
70019012_6500	1705.0	13	13	372193.34 0.5268364 0.5651686 0.40799493	372193.34 0.52684176 0.56516325 0.40799493	0.9999999979678087
70019012_7050	1761.0	17	16	275820.66 0.39490154 0.39413655 0.710962	275840.0 0.39497533 0.3941089 0.71091574	0.9999999613096799
70019012_7050	1761.0	18	17	313398.66 0.3468777 0.62571424 0.5274081	313398.0 0.3468784 0.6257187 0.5274029	0.9999999994221108
70019012_4800	1398.0	18	22	1175418.0 0.69599664 0.16700101 0.63700235	1175416.6 0.6959975 0.1669995 0.63700306	0.9999999999999406
70019012_4800	1398.0	19	23	1419848.6 0.13825136 0.5273407 0.834408	1419846.0 0.1382502 0.5273417 0.8344081	0.9999999999972956
70019012_4800	1398.0	30	44	2400905.2 0.44677398 0.5293637 0.5238624	2400904.0 0.4467738 0.5293635 0.52386266	0.9999999999891562
70019012_4200	1254.0	28	45	1816305.4 0.69974524 0.6924739 0.10778088	1816306.0 0.699745 0.69247365 0.107781395	0.9999999999999999
70019012_4200	1254.0	29	46	1415782.6 0.8883737 0.13827193 0.47335446	1415782.6 0.8883737 0.13827264 0.47335374	0.9999999999985845
70019012_6500	1705.0	36	49	1950050.6 0.43109342 0.45001602 0.6188906	1950050.6 0.43109444 0.45001447 0.6188911	0.9999999999188453
70019012_7050	1761.0	41	53	3103263.2 0.5306601 0.5151632 0.45417675	3103263.2 0.53066075 0.5151622 0.45417705	0.9999999997820628
70019012_6500	1705.0	40	54	2580438.0 0.6195417 0.54619837 0.33425993	2580435.2 0.61954045 0.54619896 0.33426067	0.9999999999873610
70019012_6500	1705.0	44	58	2586293.2 0.61233044 0.43896762 0.448702	2586292.8 0.6123305 0.43896732 0.4487021	0.9999999999981470
70019012_6500	1705.0	45	59	2144002.8 0.52952313 0.5412656 0.4292112	2144002.0 0.52952284 0.54126585 0.42921135	0.9999999999920880
70019012_7050	1761.0	52	65	1970290.0 0.76929134 0.28817636 0.44253233	1970290.0 0.76929134 0.28817585 0.44253284	0.9999999999980763
70019012_7050	1761.0	53	66	1425999.4 0.3981706 0.61144274 0.4903866	1425998.6 0.39817008 0.61144376 0.49038616	0.9999999999946751
70019012_7050	1761.0	54	67	1879539.4 0.4638993 0.37205446 0.6640462	1879539.4 0.46389982 0.37205392 0.6640462	0.9999999999942515
70019012_7050	1761.0	55	68	2324052.0 0.300893 0.5370366 0.6620704	2324051.2 0.30089268 0.5370368 0.6620706	0.9999999999998935
70019012_5500	1473.0	54	69	2429052.0 0.5138227 0.63345164 0.35272568	2429050.8 0.51382256 0.6334516 0.35272586	0.9999999999997434
70019012_5500	1473.0	62	77	1737486.0 0.5379554 0.45331243 0.50873214	1737486.6 0.5379552 0.45331284 0.50873196	0.9999999999965495
70019012_6500	1705.0	74	87	1801246.6 0.49700356 0.45495823 0.54803824	1801248.0 0.49700373 0.45495844 0.5480378	0.9999999999951907
70019012_7050	1761.0	77	88	2094409.4 0.39127642 0.47132668 0.6373969	2094410.6 0.39127618 0.47132686 0.637397	0.9999999999989453
70019012_6500	1705.0	80	91	1999482.6 0.52482074 0.9150107 0.060168564	1999483.4 0.5248216 0.91500986 0.060168542	0.9999999999985312
70019012_6500	1705.0	81	92	1943578.6 0.94132954 0.06189922 0.49677125	1943578.6 0.94132906 0.06189922 0.49677178	0.9999999999994903
