ID	BITRATE	START_IDX	CAPTURE_START_IDX	KEY	CAPTURE_KEY	CORRELATION
80052541_20000	2546.0	59	1	1409598.0 0.860451 0.139549	1409585.0 0.8609981 0.1390019	1.0000000000000000
80198592_2000	620.0	60	2	357448.0 0.5572223 0.4427777	357449.0 0.54814816 0.45185187	1.0000000000000000
80144140_10000	585.0	85	3	343408.0 0.46864954 0.53135043	343409.0 0.47032547 0.52967453	0.9999999999999999
60033314_600	398.0	11	4	315209.0 0.57959 0.42040995	315204.0 0.5770707 0.4229293	1.0000000000000000
80216541_4200	1518.0	14	5	329585.0 0.39683846 0.6031616	329609.0 0.4044459 0.5955541	1.0000000000000000
70019012_4200	1254.0	4	7	682595.0 0.29402062 0.7059794	682595.0 0.29402062 0.7059794	1.0000000000000000
80192815_1200	497.0	43	10	532161.0 0.37298673 0.62701327	532157.0 0.36852658 0.6314734	1.0000000000000000
70019012_6500	1705.0	11	11	714215.0 0.4705054 0.52949464	714220.0 0.47050348 0.5294965	1.0000000000000000
70019012_6500	1705.0	12	12	574258.0 0.658542 0.34145802	574264.0 0.65854204 0.34145793	1.0000000000000000
70243464_3500	856.0	91	13	406413.0 0.48632056 0.51367944	406437.0 0.4824536 0.51754636	1.0000000000000000
70019012_6500	1705.0	14	14	362205.0 0.580754 0.41924602	362203.0 0.58075166 0.4192483	1.0000000000000000
70019012_7050	1761.0	18	17	304809.0 0.35665286 0.64334714	304810.0 0.3566517 0.64334834	1.0000000000000000
70019012_7050	1761.0	19	18	361387.0 0.542626 0.45737395	361386.0 0.5426303 0.4573697	1.0000000000000000
70019012_4800	1398.0	18	22	1014383.0 0.8064873 0.19351271	1014381.0 0.8064889 0.19351111	1.0000000000000000
70019012_4800	1398.0	19	23	945040.0 0.20771185 0.7922882	945038.0 0.20771016 0.79228985	1.0000000000000000
70019012_4800	1398.0	20	24	1933477.0 0.3872526 0.6127474	1933475.0 0.38725302 0.612747	1.0000000000000000
70084788_600	309.0	7	32	268943.0 0.49996468 0.50003535	268928.0 0.4973822 0.5026178	1.0000000000000000
70208599_3500	706.0	0	33	331150.0 0.39913332 0.6008667	331146.0 0.4081825 0.5918175	1.0000000000000000
81000864_600	412.0	14	35	275557.0 0.48923817 0.51076186	275563.0 0.49608257 0.50391746	1.0000000000000000
70019012_4800	1398.0	30	44	2343614.0 0.4576957 0.54230434	2343612.0 0.45769563 0.54230434	1.0000000000000000
70019012_4800	1398.0	31	45	2528696.0 0.50261164 0.49738836	2528695.0 0.5026114 0.49738857	1.0000000000000000
70019012_4200	1254.0	29	46	1453507.0 0.8653168 0.13468322	1453508.0 0.8653162 0.13468382	1.0000000000000000
70019012_4200	1254.0	30	47	865930.0 0.22607255 0.77392745	865930.0 0.2260737 0.7739263	1.0000000000000000
70019012_6500	1705.0	36	49	1718208.0 0.48926207 0.51073796	1718207.0 0.4892635 0.51073647	1.0000000000000000
70019012_6500	1705.0	37	50	2084422.0 0.4210059 0.5789941	2084420.0 0.4210049 0.5789951	1.0000000000000000
70019012_7050	1761.0	41	53	3245465.0 0.507409 0.49259105	3245464.0 0.50740975 0.49259028	1.0000000000000000
70019012_7050	1761.0	42	54	3008117.0 0.5314577 0.46854228	3008115.0 0.53145707 0.46854293	1.0000000000000000
70019012_6500	1705.0	41	55	2271968.0 0.6203569 0.3796431	2271969.0 0.6203566 0.37964338	1.0000000000000000
70019012_6500	1705.0	44	58	2718965.0 0.58245176 0.4175482	2718964.0 0.582452 0.417548	1.0000000000000000
70019012_6500	1705.0	45	59	2295774.0 0.49451688 0.5054831	2295773.0 0.49451667 0.5054833	1.0000000000000000
70019012_7050	1761.0	47	60	2080708.0 0.5577318 0.44226822	2080705.0 0.5577316 0.44226837	1.0000000000000000
70019012_7050	1761.0	52	65	2083518.0 0.72748446 0.27251554	2083517.0 0.7274848 0.27251518	1.0000000000000000
70019012_7050	1761.0	53	66	1439708.0 0.3943793 0.60562074	1439708.0 0.39437857 0.6056214	1.0000000000000000
70019012_7050	1761.0	54	67	1571208.0 0.55493414 0.44506583	1571208.0 0.5549348 0.4450652	1.0000000000000000
70019012_7050	1761.0	55	68	1947392.0 0.35909104 0.64090896	1947391.0 0.35909072 0.6409093	1.0000000000000000
70019012_7050	1761.0	56	69	2786787.0 0.4478638 0.5521362	2786787.0 0.4478638 0.5521362	1.0000000000000000
70019012_5500	1473.0	55	70	2395476.0 0.64233035 0.35766962	2395475.0 0.6423302 0.35766977	1.0000000000000000
70019012_5500	1473.0	62	77	1722314.0 0.54269433 0.4573057	1722315.0 0.542694 0.457306	1.0000000000000000
70019012_7050	1761.0	67	78	1671540.0 0.47119722 0.52880275	1671540.0 0.47119722 0.52880275	1.0000000000000000
70019012_6500	1705.0	70	83	2641381.0 0.3203953 0.6796047	2641381.0 0.32039565 0.67960435	1.0000000000000000
70019012_6500	1705.0	74	87	1714718.0 0.5220835 0.47791648	1714720.0 0.52208346 0.4779165	1.0000000000000000
70019012_7050	1761.0	77	88	1806644.0 0.4535996 0.54640037	1806645.0 0.45359936 0.54640067	1.0000000000000000
70019012_7050	1761.0	78	89	2322121.0 0.42510748 0.5748925	2322123.0 0.42510754 0.57489246	1.0000000000000000
70019012_6500	1705.0	80	91	2878918.0 0.36450154 0.63549846	2878919.0 0.3645021 0.6354979	1.0000000000000000
70019012_6500	1705.0	81	92	1949854.0 0.9383 0.061700005	1949853.0 0.93829995 0.061700035	1.0000000000000000
70019012_6500	1705.0	82	93	1085820.0 0.11079737 0.88920265	1085821.0 0.11079727 0.8892027	1.0000000000000000
