ID	BITRATE	START_IDX	CAPTURE_START_IDX	KEY	CAPTURE_KEY	CORRELATION
70019012_2000	625.0	0	0	528034.7 0.36285117 0.7660141 0.3711347	528034.7 0.36284927 0.76601595 0.3711347	0.9999999999920759
70019012_2000	625.0	1	1	518954.66 0.77941686 0.37762836 0.3429548	518955.34 0.77941775 0.37762788 0.34295437	0.9999999999999463
70019012_7050	1761.0	14	13	438362.0 0.4473175 0.6031294 0.4495531	438361.34 0.4473136 0.6031303 0.44955605	0.9999999992698314
80121387_7050	2274.0	13	19	772819.3 0.52825284 0.71458745 0.2571597	772842.7 0.5333142 0.71269614 0.2539896	0.9998277418421682
70019012_20000	3768.0	23	23	7452529.5 0.5287028 0.50255364 0.46874353	7452550.5 0.52870154 0.502556 0.4687425	0.9999999977673653
70019012_20000	3768.0	24	24	4956398.5 0.7556487 0.70481116 0.0395402	4956419.5 0.7556511 0.7048086 0.039540235	0.9999999999802108
70019012_20000	3768.0	40	41	5705958.5 0.53629655 0.511768 0.45193547	5705938.0 0.5362985 0.51176476 0.45193675	0.9999999979255738
70019012_20000	3768.0	41	42	4762888.5 0.6131 0.5414204 0.34547964	4762868.0 0.61309654 0.5414223 0.34548113	0.9999999998678877
70019012_10000	3017.0	39	43	2946735.2 0.8751129 0.5584071 0.06648001	2946736.8 0.8751114 0.55840784 0.06648066	0.9999999999981406
70019012_15000	3333.0	44	46	5022626.5 0.57101876 0.45626047 0.4727208	5022644.5 0.5710169 0.45626462 0.4727185	0.9999999988510422
70019012_20000	3768.0	46	47	4525222.5 0.506412 0.52468115 0.46890688	4525219.5 0.5064185 0.5246811 0.46890035	0.9999999848980984
70019012_20000	3768.0	47	48	3128150.0 0.7590106 0.6783268 0.062662594	3128126.0 0.7590158 0.6783221 0.06266212	0.9999999999181532
70019012_20000	3768.0	48	49	2950726.0 0.7191139 0.066430435 0.7144557	2950724.0 0.7191039 0.06642946 0.7144667	0.9999999996083274
70019012_10000	3017.0	46	50	3658385.2 0.05358047 0.5762556 0.870164	3658400.8 0.053579424 0.5762611 0.87015945	0.9999999999273567
70019012_20000	3768.0	50	51	5632864.5 0.37426126 0.56514144 0.56059736	5632882.5 0.37426558 0.5651444 0.5605901	0.9999999988524239
70019012_10000	3017.0	48	52	5138836.0 0.6194778 0.6144905 0.26603165	5138815.5 0.6194797 0.6144875 0.2660327	0.9999999999266871
70019012_15000	3333.0	51	53	3147576.8 1.0032384 0.43433222 0.062429294	3147555.2 1.0032351 0.43433487 0.06243004	0.9999999999909908
70019012_15000	3333.0	52	54	2575487.2 0.5308099 0.07629663 0.89289355	2575488.8 0.53080916 0.07629698 0.89289385	0.9999999999990231
70019012_15000	3333.0	53	55	2916496.0 0.06737571 0.78849274 0.64413154	2916498.0 0.06737601 0.7884929 0.64413106	0.9999999999996106
70019012_20000	3768.0	55	56	2916058.8 0.7886117 0.6442271 0.067161195	2916061.2 0.788611 0.64422756 0.067161486	0.9999999999990584
