ID	BITRATE	START_IDX	CAPTURE_START_IDX	KEY	CAPTURE_KEY	CORRELATION
70298735_1200	415.0	12	2	471983.0 0.58411425 0.41588575	472007.0 0.59407806 0.40592194	1.0000000000000000
70039177_2000	520.0	3	4	365493.0 0.4629911 0.53700894	365468.0 0.46333194 0.53666806	1.0000000000000000
80023001_1200	437.0	8	7	351442.0 0.43352816 0.5664719	351424.0 0.4420273 0.5579727	1.0000000000000000
81006261_5500	1444.0	6	9	304752.0 0.65299326 0.34700674	304733.0 0.64349777 0.35650223	1.0000000000000000
70019012_3500	1145.0	11	11	498302.0 0.29571024 0.7042898	498299.0 0.29570398 0.704296	1.0000000000000000
70019012_3500	1145.0	12	12	747270.0 0.4696415 0.5303585	747269.0 0.46964347 0.5303565	1.0000000000000000
70019012_3500	1145.0	13	13	592617.0 0.6687641 0.33123586	592615.0 0.66876304 0.331237	1.0000000000000000
70019012_3500	1145.0	24	24	1501607.0 0.4892778 0.51072216	1501606.0 0.48927814 0.51072186	0.9999999999999999
70019012_3500	1145.0	25	25	1632910.0 0.4696548 0.5303452	1632908.0 0.46965474 0.53034526	1.0000000000000000
70019012_10000	3017.0	10	38	703305.0 0.72119635 0.27880365	703297.0 0.72145194 0.27854803	1.0000000000000000
896970_5500	1406.0	38	39	955797.0 0.20781924 0.7921808	955816.0 0.20495786 0.79504216	1.0000000000000000
70019012_4800	1398.0	51	46	1135628.0 0.3862277 0.6137723	1135651.0 0.38804352 0.6119565	1.0000000000000000
70019012_4200	1254.0	57	56	1609177.0 0.6423439 0.35765612	1609175.0 0.64234406 0.35765594	1.0000000000000000
80106307_600	427.0	24	59	275324.0 0.561513 0.43848702	275337.0 0.5546076 0.44539237	1.0000000000000000
80023001_800	464.0	20	60	276128.0 0.4517289 0.5482711	276105.0 0.4441535 0.5558465	1.0000000000000000
70298735_800	337.0	0	63	280186.0 0.5554132 0.4445868	280192.0 0.5527638 0.44723618	1.0000000000000000
80163052_4800	426.0	61	65	312824.0 0.49906018 0.50093985	312804.0 0.49513432 0.50486565	1.0000000000000000
70019012_3500	1145.0	0	71	311586.0 0.5434615 0.4565385	311583.0 0.5434603 0.45653966	1.0000000000000000
