ID	BITRATE	START_IDX	CAPTURE_START_IDX	KEY	CAPTURE_KEY	CORRELATION
70039177_15000	809.0	21	22	851262.4 0.7322525 0.5601434 1.1838982 0.73406625 1.327916	851263.0 0.7322496 0.5601477 1.1839008 0.7340669 1.3279139	0.9999999999871273
70039177_15000	809.0	22	23	822109.4 0.5800068 1.2258806 0.76009715 1.5419663 0.23904848	822111.4 0.58001024 1.2258813 0.76009655 1.5419638 0.2390467	0.9999999999934458
70039177_15000	809.0	23	24	937417.0 1.0750904 0.6666009 1.3522958 0.9514421 0.28633896	937419.2 1.0750911 0.6666004 1.3522936 0.9514388 0.28633934	0.9999999999934023
70039177_7050	739.0	50	57	705755.8 0.54813296 1.1400615 0.6674504 1.2485154 0.3728315	705755.0 0.5481364 1.1400628 0.66745543 1.2485126 0.3728291	0.9999999999536348
70039177_7050	739.0	51	58	661200.6 1.2168849 0.7124267 1.332647 0.59939295 0.54597193	661201.2 1.2168838 0.71243066 1.3326412 0.59939396 0.5459685	0.9999999999517269
70039177_7050	739.0	52	59	822784.0 0.572516 1.0709336 0.48168048 1.3323959 0.23814148	822784.2 0.5725195 1.0709296 0.4816816 1.3323932 0.23814386	0.9999999999637451
70039177_7050	739.0	53	60	785354.0 1.1219743 0.5046374 1.3958979 0.5997652 0.6832486	785355.0 1.1219691 0.504638 1.3958936 0.5997683 0.6832477	0.9999999999630020
70039177_7050	739.0	54	61	850319.8 0.46608227 1.2892491 0.55394214 0.81770766 0.32070875	850319.8 0.46608347 1.2892467 0.5539457 0.8177088 0.32071227	0.9999999999660987
70039177_7050	739.0	55	62	721107.8 1.5202637 0.6532005 0.9642289 0.5776695 0.9152307	721109.2 1.520258 0.6532034 0.96422845 0.5776712 0.9152248	0.9999999999710680
70039177_7050	739.0	56	63	808636.8 0.58249635 0.8598582 0.515141 1.0592345 0.16471054	808637.8 0.5824993 0.8598584 0.51514286 1.0592282 0.16471404	0.9999999999735073
70039177_10000	769.0	63	64	801858.0 0.86712736 0.51949847 1.0681841 0.942092 0.9169666	801858.2 0.8671284 0.51949835 1.0681839 0.94209176 0.9169664	0.9999999999915061
