ID	BITRATE	START_IDX	CAPTURE_START_IDX	KEY	CAPTURE_KEY	CORRELATION
70039177_15000	809.0	11	11	1210497.6 1.9696974	1210493.0 1.969704	0.9999999999791588
70039177_15000	809.0	12	12	1120538.2 1.6367911	1120536.0 1.6367846	0.9999999999642381
70039177_20000	783.0	18	13	879829.0 2.1416695	879825.6 2.1416767	0.9931771315722788
70039177_20000	783.0	19	14	1208406.6 1.0405612	1208404.6 1.0405563	0.9977448065805309
70039177_20000	783.0	20	15	1052040.8 2.273967	1052038.6 2.2739706	0.9975830797169428
70039177_20000	783.0	21	16	1617365.0 0.8865958	1617362.8 0.88659394	0.9987896870294567
70039177_20000	783.0	22	17	1163244.0 2.859622	1163243.0 2.8596218	0.9988749547851733
70039177_20000	783.0	23	18	1450551.0 0.8582194	1450550.0 0.8582193	0.9988836183530251
70039177_20000	783.0	24	19	1097795.6 2.7363307	1097796.0 2.7363281	0.9988842322861782
70039177_15000	809.0	20	20	1353125.0 0.91826034	1353125.8 0.9182628	0.9999999999884732
70039177_15000	809.0	21	21	1071604.8 2.5770247	1071606.8 2.57702	0.9999999999890623
70039177_15000	809.0	22	22	1277204.0 1.0164672	1277205.8 1.0164697	0.9999999999888982
70039177_15000	809.0	23	23	1240773.2 2.0502472	1240776.0 2.0502443	0.9999999999903794
70039177_15000	809.0	36	38	1321082.8 2.3379474	1321084.8 2.3379622	0.9999999999280424
