ID	BITRATE	START_IDX	CAPTURE_START_IDX	KEY	CAPTURE_KEY	CORRELATION
70039177_4800	803.0	6	11	953281.2 0.89682984 0.77656835 0.41461954 0.20609029 0.20589203	953278.8 0.89683205 0.77656716 0.4146195 0.20608766 0.20589359	0.9999999999830730
70039177_20000	783.0	17	12	765541.6 0.9670121 0.51629984 0.25663006 0.2563858 0.5036722	765538.0 0.96701276 0.516301 0.25662866 0.25638703 0.50367063	0.9999999999894449
70039177_20000	783.0	18	13	705796.8 0.56000394 0.27835348 0.27808854 0.5463074 0.8372466	705794.0 0.5600048 0.27835175 0.27808964 0.5463053 0.83724856	0.9999999999762242
70039177_20000	783.0	19	14	673927.2 0.29151666 0.29123917 0.57214195 0.8768395 0.46826276	673924.4 0.2915149 0.2912404 0.57213986 0.8768417 0.4682632	0.9999999999760829
70039177_20000	783.0	20	15	734116.8 0.26736072 0.5252325 0.8049482 0.42987028 0.47258827	734114.8 0.26736146 0.5252298 0.80494905 0.4298701 0.47258955	0.9999999999675171
70039177_15000	809.0	16	16	734078.8 0.5252597 0.80498713 0.42989254 0.4726141 0.2672465	734076.8 0.52525705 0.8049907 0.42989233 0.47261402 0.2672459	0.9999999999639670
70039177_15000	809.0	17	17	721814.0 0.8186652 0.43719712 0.48064458 0.27178746 0.49170563	721813.2 0.81866753 0.43719622 0.48064375 0.2717864 0.49170616	0.9999999999957736
70039177_15000	809.0	18	18	550893.6 0.572842 0.6297695 0.3561123 0.6442623 0.2970138	550892.0 0.5728419 0.62976956 0.35611156 0.6442642 0.29701284	0.9999999999905492
70039177_15000	809.0	19	19	785963.2 0.44141507 0.24960457 0.4515733 0.2081815 1.1492256	785962.8 0.44141403 0.2496034 0.45157352 0.20818034 1.1492287	0.9999999999992567
70039177_15000	809.0	20	20	796384.0 0.24633846 0.4456644 0.20545742 1.1341878 0.46835196	796384.8 0.24633694 0.44566396 0.20545596 1.1341891 0.468354	0.9999999999947886
70039177_15000	809.0	21	21	1170074.0 0.30333126 0.13983987 0.7719589 0.318773 0.966097	1170074.8 0.30333105 0.13983893 0.7719601 0.3187745 0.96609557	0.9999999999931857
70039177_15000	809.0	22	22	1106715.6 0.14784557 0.81615275 0.33702245 1.0214051 0.17757407	1106716.8 0.14784451 0.8161537 0.3370239 1.0214032 0.1775748	0.9999999999940394
70039177_6500	764.0	19	23	1148635.2 0.78636974 0.3247245 0.9841279 0.17109261 0.23368515	1148636.0 0.78636837 0.3247243 0.9841273 0.17109424 0.23368587	0.9999999999982605
70039177_6500	764.0	20	24	912617.6 0.40870348 1.2386392 0.21533991 0.2941199 0.3431974	912619.2 0.4087028 1.2386371 0.21534173 0.2941205 0.3431979	0.9999999999986636
70039177_15000	809.0	25	25	805245.2 1.4038023 0.24405485 0.33333823 0.38895732 0.1298474	805246.0 1.4037995 0.24405585 0.33333912 0.38896063 0.1298448	0.9999999999895177
70039177_15000	809.0	26	26	453841.2 0.43302372 0.5914382 0.6901225 0.23038676 0.555029	453842.4 0.43302476 0.5914388 0.69012725 0.23038173 0.5550275	0.9999999999437946
70039177_15000	809.0	27	27	430135.6 0.62403345 0.72815645 0.24308382 0.58561766 0.31910866	430137.2 0.62403345 0.72816074 0.24307826 0.5856155 0.31911215	0.9999999998523089
70039177_3500	725.0	19	28	600917.6 0.52121454 0.17399722 0.41918224 0.22842066 1.1571852	600918.8 0.5212168 0.17399521 0.41918308 0.22842021 1.1571846	0.9999999999915932
70039177_10000	769.0	35	35	919396.8 0.21326482 0.36032754 0.28619525 1.0590509 0.58116144	919398.0 0.21326564 0.3603271 0.28619596 1.0590484 0.58116287	0.9999999999955952
70039177_10000	769.0	36	36	919430.4 0.3603144 0.2861848 1.0590122 0.5811403 0.2133484	919431.2 0.36031407 0.28618562 1.0590101 0.5811419 0.21334821	0.9999999999944199
70039177_10000	769.0	37	37	873601.6 0.30119792 1.1145675 0.6116266 0.22454056 0.2480673	873602.0 0.30119893 1.1145658 0.61162865 0.22454047 0.24806605	0.9999999999924021
70039177_15000	809.0	36	38	895858.4 1.0868727 0.59643465 0.2189643 0.24190542 0.35582298	895856.8 1.086878 0.5964346 0.21896245 0.24190362 0.35582137	0.9999999999986362
70039177_15000	809.0	37	39	584072.4 0.91481984 0.3358505 0.37103793 0.5457663 0.33252558	584069.6 0.91482246 0.33584866 0.37103623 0.5457654 0.33252713	0.9999999999810730
70039177_15000	809.0	38	40	460204.4 0.42624754 0.47090596 0.69266397 0.42202768 0.48815483	460200.8 0.42624652 0.4709053 0.692665 0.422031 0.48815212	0.9999999997915505
70039177_20000	783.0	45	41	628479.6 0.34482104 0.5072018 0.3090299 0.35744992 0.9814972	628477.2 0.3448192 0.5072022 0.3090311 0.35744813 0.98149943	0.9999999999888148
70039177_20000	783.0	46	42	1091949.6 0.29192373 0.17786443 0.20573293 0.5649079 1.259571	1091947.6 0.29192334 0.17786476 0.20573148 0.564908 1.2595723	0.9999999999989712
70039177_20000	783.0	47	43	1042960.0 0.18621904 0.21539657 0.59144264 1.3187351 0.18820664	1042957.2 0.18621953 0.21539523 0.59144324 1.3187377 0.18820427	0.9999999999976760
70039177_20000	783.0	48	44	1058452.4 0.21224384 0.5827858 1.299433 0.1854519 0.22008549	1058449.6 0.2122425 0.5827864 1.2994355 0.18544954 0.22008605	0.9999999999976590
70039177_20000	783.0	49	45	1209090.0 0.5101779 1.1375397 0.16234688 0.19266556 0.49726984	1209087.2 0.5101782 1.1375415 0.16234478 0.192666 0.49726933	0.9999999999972324
70039177_4800	803.0	43	54	383451.2 0.41704136 0.3688631 0.49787042 0.6989521 0.5172731	383450.8 0.41703132 0.3688661 0.4978735 0.69894755 0.5172815	0.9999999983806248
70039177_4800	803.0	44	55	407951.6 0.34671026 0.46796975 0.65697503 0.4862072 0.54213786	407953.2 0.34671134 0.46797037 0.6569675 0.48621264 0.54213816	0.9999999995334551
70039177_4200	712.0	47	56	495774.4 0.38507232 0.54059464 0.40008116 0.4461041 0.7281477	495775.2 0.38507372 0.5405918 0.40008456 0.4461034 0.72814655	0.9999999999077787
70039177_7050	739.0	55	60	810485.2 0.44540852 0.24175519 0.6620627 0.3364713 0.8143024	810487.6 0.44540718 0.2417557 0.6620619 0.33647522 0.8142999	0.9999999999716169
70039177_5500	759.0	70	84	740139.2 0.20524652 0.2653136 0.6188755 0.43877152 0.9717929	740141.6 0.20524585 0.26531544 0.6188748 0.43877277 0.971791	0.9999999999933172
70039177_5500	759.0	71	85	755047.2 0.26007512 0.60665613 0.43010822 0.95260537 0.2505552	755050.4 0.2600767 0.6066549 0.43010905 0.9526027 0.2505568	0.9999999999992731
70039177_15000	809.0	84	86	747717.2 0.6126046 0.434326 0.9619439 0.25301412 0.23811142	747717.6 0.61260426 0.43432707 0.9619447 0.25301397 0.23810995	0.9999999999960333
