ID	BITRATE	START_IDX	CAPTURE_START_IDX	KEY	CAPTURE_KEY	CORRELATION
70039177_6500	764.0	8	8	445683.34 0.69607717 0.44038665 0.36353615	445684.0 0.69607615 0.44038826 0.3635356	0.9999999999747523
70039177_6500	764.0	9	9	448206.66 0.43790737 0.3614895 0.7006032	448208.0 0.4379083 0.3614884 0.7006033	0.9999999999857034
70039177_4200	712.0	21	20	267062.0 0.42399892 0.5977076 0.47829342	267062.0 0.42400268 0.5977076 0.4782897	0.9999999991950956
70039177_6500	764.0	29	24	848142.7 0.29160306 0.81779516 0.39060172	848142.0 0.29160094 0.817797 0.39060205	0.9999999999945945
70039177_6500	764.0	30	25	813979.3 0.85211873 0.4069956 0.24088573	813980.0 0.8521192 0.40699527 0.24088553	0.9999999999998261
70039177_7050	739.0	41	33	686992.0 0.8751849 0.33908838 0.28572676	686990.0 0.8751874 0.33908644 0.28572613	0.9999999999967706
70039177_7050	739.0	5	46	428357.34 0.40235332 0.45741948 0.64022714	428358.0 0.4023597 0.45742348 0.6402168	0.9999999999794241
70039177_7050	739.0	6	47	385462.66 0.50832164 0.7114723 0.28020614	385460.0 0.5083303 0.7114668 0.28020287	0.9999999993842117
70039177_7050	739.0	7	48	463064.66 0.5922413 0.2332482 0.67451054	463060.66 0.5922378 0.2332459 0.6745164	0.9999999998358063
70039177_7050	739.0	8	49	525159.3 0.20566902 0.59475666 0.69957435	525158.7 0.20566545 0.5947574 0.6995771	0.9999999999989390
70039177_6500	764.0	70	55	1762485.4 0.6104056 0.6573757 0.23221867	1762482.6 0.6104066 0.6573761 0.23221733	0.9999999999987756
70039177_4200	712.0	65	56	1176004.6 0.9852138 0.34802583 0.1667604	1176002.0 0.9852143 0.34802577 0.16675992	0.9999999999999710
70039177_4200	712.0	66	57	614326.7 0.6662253 0.3192292 0.51454544	614326.7 0.6662237 0.31922755 0.5145487	0.9999999998693421
70039177_15000	809.0	78	59	696242.7 0.45400837 0.43889582 0.6070958	696243.3 0.45400938 0.4388954 0.60709524	0.9999999999675687
70039177_3500	725.0	72	68	976681.3 0.19369982 0.15553795 1.1507623	976679.3 0.19369715 0.15553929 1.1507636	0.9999999999934139
70039177_3500	725.0	73	69	1286086.6 0.11811879 0.87391317 0.5079681	1286087.4 0.1181195 0.87391186 0.5079686	0.9999999999992494
70039177_4200	712.0	87	77	718165.3 1.1369193 0.20101778 0.16206296	718167.3 1.1369175 0.20101723 0.1620653	0.9999999999968215
