ID	BITRATE	START_IDX	CAPTURE_START_IDX	KEY	CAPTURE_KEY	CORRELATION
70039177_15000	809.0	11	11	843680.2 1.0133365 0.87745214 0.46848202 0.23286194 0.2326391 0.4570239 0.70041233 0.37404576 0.41121742 0.23252887	843677.8 1.0133382 0.87744987 0.46848217 0.23286022 0.23264094 0.45702162 0.7004155 0.37404564 0.4112174 0.23252834	0.9999999999791588
70039177_15000	809.0	12	12	743677.8 0.99544317 0.5314788 0.26417488 0.2639221 0.5184799 0.7945968 0.4243437 0.46651384 0.26379704 0.47724968	743675.6 0.9954407 0.531479 0.26417297 0.2639242 0.5184774 0.7946005 0.42434362 0.46651387 0.26379648 0.47725108	0.9999999999642381
70039177_15000	809.0	13	13	628344.6 0.6290322 0.31266442 0.3123652 0.61364734 0.9404457 0.5022324 0.55214286 0.3122172 0.56484926 0.26040328	628343.0 0.62903225 0.31266204 0.31236762 0.6136441 0.9404497 0.5022321 0.5521427 0.31221643 0.56485075 0.26040235	0.9999999999585285
70039177_15000	809.0	14	14	729944.6 0.26914507 0.26888752 0.5282346 0.80954635 0.43232733 0.47529083 0.26876011 0.48622867 0.2241581 1.2374213	729943.6 0.26914272 0.26888925 0.5282312 0.8095488 0.43232653 0.47529012 0.2687591 0.48622933 0.22415704 1.2374257	0.9999999999859093
70039177_15000	809.0	15	15	765250.0 0.25648218 0.5038641 0.7721973 0.4123816 0.45336294 0.25636068 0.46379614 0.2138164 1.180332 0.48740673	765249.8 0.25648355 0.5038603 0.7721988 0.41238037 0.45336175 0.25635943 0.46379626 0.21381515 1.1803348 0.48740947	0.9999999999800820
70039177_15000	809.0	16	16	952076.4 0.4049906 0.6206687 0.33145976 0.36439934 0.2060549 0.3727852 0.17185912 0.94871485 0.39176267 1.187305	952075.8 0.4049877 0.62067014 0.3314589 0.3643985 0.20605397 0.37278545 0.17185816 0.94871753 0.39176503 1.1873046	0.9999999999884203
70039177_15000	809.0	17	17	914264.8 0.6463379 0.34516805 0.37946993 0.21457678 0.38820264 0.17896675 0.98795116 0.40796494 1.2364087 0.21495304	914265.0 0.6463389 0.3451669 0.37946874 0.21457565 0.38820255 0.17896561 0.9879532 0.40796706 1.2364074 0.2149541	0.9999999999923923
70039177_15000	809.0	18	18	849763.8 0.3713679 0.40827346 0.23086415 0.417669 0.19255115 1.0629412 0.43893138 1.3302579 0.23126897 0.31587484	849764.0 0.37136665 0.40827218 0.23086292 0.4176689 0.19254993 1.0629433 0.43893364 1.3302563 0.23127009 0.31587595	0.9999999999922604
70039177_15000	809.0	19	19	849290.0 0.4085012 0.23099294 0.41790202 0.19265857 1.0635343 0.43917626 1.331 0.23139799 0.31605107 0.36878568	849291.0 0.40849957 0.2309915 0.41790152 0.19265717 1.0635353 0.43917808 1.3309972 0.2313989 0.31605187 0.36878878	0.9999999999892095
70039177_15000	809.0	20	20	800814.6 0.24497555 0.4431987 0.2043207 1.1279128 0.46576074 1.4115689 0.24540511 0.33518243 0.39110923 0.13056579	800815.4 0.24497406 0.4431983 0.20431925 1.1279142 0.4657628 1.4115663 0.24540612 0.33518338 0.39111263 0.13056318	0.9999999999884732
70039177_15000	809.0	21	21	811957.6 0.4371164 0.20151667 1.1124337 0.4593688 1.392197 0.24203727 0.33058253 0.3857418 0.12877396 0.31023172	811958.6 0.43711588 0.2015152 1.1124347 0.4593707 1.392194 0.24203819 0.33058333 0.38574502 0.12877133 0.31023133	0.9999999999890623
70039177_15000	809.0	22	22	768425.6 0.21293278 1.175454 0.48539245 1.4710662 0.2557489 0.3493103 0.4075944 0.13606912 0.32780662 0.17862496	768427.0 0.2129311 1.1754545 0.48539418 1.4710623 0.25574973 0.349311 0.4075976 0.13606627 0.32780603 0.17862725	0.9999999999888982
70039177_15000	809.0	23	23	874775.8 1.0325491 0.42638123 1.2922225 0.22465642 0.3068432 0.35804144 0.119526625 0.28795376 0.15690878 0.7949168	874777.4 1.0325496 0.42638278 1.292219 0.22465716 0.3068438 0.35804424 0.11952412 0.28795326 0.15691078 0.7949154	0.9999999999903794
70039177_15000	809.0	36	38	969403.6 1.0044155 0.55118525 0.20235224 0.22355291 0.32882795 0.20034896 0.23174144 0.6363201 1.4187682 0.20248738	969407.0 1.004415 0.5511823 0.20234948 0.22355007 0.32882473 0.20034826 0.23173755 0.63631684 1.4187921 0.20248358	0.9999999999280424
