ID	BITRATE	START_IDX	CAPTURE_START_IDX	KEY	CAPTURE_KEY	CORRELATION
81074663_15000	3277.0	6	0	601104.0 0.83771694 0.33129707 0.330986	601118.7 0.84585124 0.32736132 0.32678738	0.9999999091518884
70039177_20000	783.0	8	4	1457619.4 0.13324398 0.94356525 0.4231907	1457618.0 0.1332441 0.9435655 0.42319044	0.9999999999998131
70039177_6500	764.0	40	5	1728968.6 0.7954789 0.3567734 0.34774777	1728966.6 0.7954798 0.3567738 0.34774643	0.9999999999943727
70039177_4800	803.0	35	6	967382.0 0.6376798 0.6215156 0.24080457	967361.3 0.6376625 0.62152785 0.24080971	0.9999999978738805
70039177_15000	809.0	5	7	932035.3 0.6450882 0.24993795 0.60497385	932032.7 0.6450868 0.24993758 0.6049756	0.9999999999738125
70039177_4800	803.0	6	11	1326978.6 0.6442689 0.55787486 0.29785633	1326976.0 0.6442701 0.55787367 0.29785618	0.9999999999796764
70039177_4800	803.0	7	12	887999.3 0.8336583 0.44510058 0.22124116	887994.7 0.8336593 0.44510177 0.22123894	0.9999999999914027
70039177_4800	803.0	8	13	525322.7 0.75239277 0.37398347 0.3736237	525320.7 0.7523937 0.37397918 0.373627	0.9999999998483083
70039177_20000	783.0	19	14	518878.0 0.37862659 0.3782662 0.74310726	518874.66 0.37862515 0.37826863 0.74310625	0.9999999999581850
70039177_20000	783.0	20	15	781854.7 0.2510364 0.49316326 0.7558003	781852.0 0.25103727 0.4931611 0.7558016	0.9999999999728409
70039177_20000	783.0	21	16	861388.7 0.44762835 0.6860155 0.3663561	861385.3 0.44762662 0.68601704 0.36635637	0.9999999999698752
70039177_20000	783.0	22	17	835624.0 0.7071673 0.3776519 0.41518074	835622.7 0.70716727 0.3776513 0.4151814	0.9999999999938812
70039177_15000	809.0	18	18	572460.7 0.5512606 0.60604334 0.342696	572458.7 0.55126077 0.60604376 0.34269547	1.0000000000000000
70039177_15000	809.0	19	19	598690.7 0.5794912 0.32768172 0.592827	598689.3 0.5794909 0.32768083 0.59282833	0.9999999999851971
70039177_15000	809.0	20	20	476482.0 0.41172594 0.74487597 0.34339806	476480.66 0.411725 0.7448781 0.34339693	0.9999999999995975
70039177_15000	809.0	21	21	947861.3 0.37444296 0.17262335 0.9529337	947862.0 0.3744427 0.17262217 0.95293516	0.9999999999999473
70039177_15000	809.0	22	22	959906.7 0.1704572 0.94097584 0.38856694	959908.7 0.1704558 0.94097596 0.38856822	0.9999999999950085
70039177_6500	764.0	19	23	1604430.6 0.56297356 0.232475 0.7045515	1604430.0 0.56297314 0.23247509 0.70455176	0.9999999999989528
70039177_7050	739.0	22	24	1133277.4 0.32912332 0.99746543 0.1734112	1133279.4 0.32912448 0.9974628 0.17341267	0.9999999999998073
70039177_6500	764.0	21	25	1063564.0 1.0628453 0.18477778 0.2523769	1063566.0 1.0628433 0.18477932 0.2523774	0.9999999999996433
70039177_6500	764.0	22	26	518766.66 0.37882736 0.5174176 0.60375506	518769.34 0.37882924 0.51741683 0.60375386	0.9999999999930383
70039177_15000	809.0	27	27	457456.0 0.58676463 0.68466914 0.22856624	457457.34 0.5867651 0.68467367 0.22856121	0.9999999999892984
70039177_3500	725.0	19	28	446439.34 0.70156676 0.23420426 0.56422895	446440.66 0.70156914 0.23420134 0.56422955	0.9999999999998075
70039177_3500	725.0	20	29	329142.66 0.31766772 0.76530343 0.4170289	329142.66 0.31766468 0.7653065 0.4170289	0.9999999999921959
70039177_3500	725.0	21	30	723019.3 0.3483918 0.18984555 0.96176267	723020.7 0.34839252 0.18984519 0.96176225	0.9999999999989143
70039177_4800	803.0	25	33	758001.3 0.9150472 0.3262791 0.2586737	758002.7 0.91504556 0.32627985 0.25867453	0.9999999999999805
70039177_4800	803.0	26	34	516454.0 0.47888097 0.37965629 0.64146274	516454.0 0.4788829 0.37965822 0.64145887	0.9999999999546441
70039177_10000	769.0	35	35	526990.7 0.3720654 0.6286335 0.49930105	526992.0 0.37206638 0.62863195 0.4993017	0.9999999999910320
70039177_10000	769.0	36	36	1045399.3 0.3168971 0.25169998 0.9314029	1045399.3 0.3168971 0.25170094 0.93140197	0.9999999999994185
70039177_10000	769.0	37	37	1180755.4 0.22284633 0.82463145 0.4525222	1180756.6 0.22284694 0.8246297 0.4525234	0.9999999999960436
70039177_15000	809.0	36	38	1136110.6 0.8570327 0.4703072 0.17266013	1136110.6 0.8570354 0.4703063 0.17265837	0.9999999999984955
70039177_15000	809.0	37	39	631463.3 0.84616315 0.31064513 0.34319174	631460.0 0.846166 0.31064358 0.34319037	0.9999999999999862
70039177_15000	809.0	38	40	487760.66 0.40216652 0.44430193 0.6535316	487756.66 0.4021657 0.4443015 0.65353286	1.0000000000000000
70039177_6500	764.0	36	41	486465.34 0.44548497 0.65526766 0.39924735	486463.34 0.4454827 0.65527034 0.39924693	0.9999999999535826
70039177_6500	764.0	37	42	491756.66 0.64821696 0.39495143 0.45683163	491754.66 0.6482196 0.39495102 0.45682943	0.9999999999436968
70039177_20000	783.0	47	43	690480.0 0.28128114 0.32535338 0.8933655	690478.0 0.28128195 0.32535142 0.89336663	0.9999999999910383
70039177_20000	783.0	48	44	1477926.0 0.15200356 0.4173761 0.9306203	1477923.4 0.15200247 0.41737616 0.9306213	0.9999999999997953
70039177_20000	783.0	49	45	1459020.6 0.4227843 0.9426789 0.13453682	1459017.4 0.42278454 0.94268036 0.13453507	0.9999999999992479
70039177_20000	783.0	50	46	1203086.6 1.1432161 0.163157 0.19362696	1203084.0 1.1432178 0.16315486 0.19362737	0.9999999999975252
70039177_20000	783.0	51	47	686990.7 0.28572732 0.33908758 0.8751851	686987.3 0.28572434 0.33908924 0.87518644	0.9999999999770131
70039177_15000	809.0	48	50	741283.3 0.26515773 0.88549143 0.3493509	741285.3 0.2651624 0.885489 0.3493486	0.9999999999547833
70039177_4800	803.0	43	54	328176.66 0.4872833 0.43099043 0.5817263	328175.34 0.48727304 0.4309952 0.5817317	0.9999999934711808
70039177_4800	803.0	44	55	400242.66 0.35338813 0.47698313 0.6696288	400242.66 0.3533906 0.47698563 0.6696238	0.9999999999445678
70039177_7050	739.0	50	56	438182.66 0.4356836 0.6116468 0.45266968	438182.66 0.4356859 0.61164445 0.45266968	0.9999999999507013
70039177_7050	739.0	51	57	458354.66 0.5847284 0.43274787 0.48252374	458354.0 0.5847271 0.4327485 0.48252442	0.9999999999863662
70039177_4200	712.0	49	58	520342.66 0.38119113 0.42504108 0.69376785	520344.0 0.38119397 0.42503998 0.69376606	0.9999999999458065
70039177_7050	739.0	55	60	729018.7 0.4951821 0.26877087 0.73604697	729020.0 0.4951812 0.26877177 0.736047	0.9999999999942587
70039177_7050	739.0	56	61	670157.3 0.29237762 0.8006956 0.40692684	670161.3 0.29237735 0.8006923 0.4069304	0.9999999999573137
70039177_7050	739.0	57	62	979518.0 0.5478123 0.27840734 0.6737804	979521.3 0.54781145 0.2784105 0.6737781	0.9999999999996929
70039177_4200	712.0	53	63	1111976.0 0.2452472 0.5935191 0.6612337	1111976.6 0.24524707 0.5935197 0.6612333	0.9999999999976507
70039177_7050	739.0	66	72	552078.7 0.34533846 0.8691442 0.28551728	552078.0 0.34533888 0.8691417 0.28551945	0.9999999999978990
70039177_20000	783.0	81	75	1120816.0 0.17497163 0.9598641 0.3651643	1120814.6 0.17497185 0.9598644 0.36516386	0.9999999999995826
70039177_20000	783.0	82	76	1121018.6 0.9596906 0.3650983 0.17521118	1121017.4 0.95969075 0.36509782 0.17521138	0.9999999999995823
70039177_10000	769.0	78	78	1114087.4 0.17630215 1.0399678 0.28373	1114086.6 0.17630138 1.0399677 0.28373107	0.9999999999979597
70039177_15000	809.0	77	79	1186861.4 0.9761999 0.26633272 0.2574673	1186862.6 0.9761989 0.26633325 0.25746787	1.0000000000000000
70039177_4200	712.0	70	81	627040.7 0.4873352 0.33856496 0.6740998	627039.3 0.48733628 0.3385641 0.6740997	0.9999999999850673
70039177_5500	759.0	70	84	537556.0 0.28259566 0.3652996 0.8521047	537558.0 0.28259462 0.36530197 0.8521034	0.9999999999820572
70039177_5500	759.0	71	85	652783.3 0.30081806 0.7016938 0.4974882	652786.7 0.30081955 0.7016917 0.4974887	0.9999999999976572
70039177_7050	739.0	80	86	1001379.3 0.45742506 0.32430467 0.7182703	1001381.3 0.45742315 0.32430604 0.71827084	0.9999999999640147
70039177_5500	759.0	73	87	822130.0 0.39501294 0.87487626 0.23011081	822133.3 0.3950138 0.87487394 0.23011231	0.9999999999998668
70039177_15000	809.0	86	88	724323.3 0.99301237 0.26118585 0.24580184	724323.3 0.99301374 0.26118585 0.24580045	0.9999999999987741
70039177_20000	783.0	103	97	858233.3 0.95136833 0.38041985 0.16821183	858233.3 0.9513672 0.38042104 0.16821183	0.9999999999979177
70039177_6500	764.0	95	101	662984.0 0.3299416 0.7977719 0.3722865	662985.3 0.32994246 0.7977718 0.37228578	0.9999999999953711
70039177_7050	739.0	96	102	648199.3 0.8159697 0.38077796 0.3032524	648199.3 0.8159697 0.38077796 0.3032524	1.0000000000000000
70039177_7050	739.0	97	103	364750.66 0.67668146 0.5389106 0.28440797	364751.34 0.67668015 0.5389096 0.28441018	0.9999999999962101
