ID	BITRATE	START_IDX	CAPTURE_START_IDX	KEY	CAPTURE_KEY	CORRELATION
70039177_15000	809.0	21	22	1071604.8 2.5770247	1071606.4 2.577021	0.9999999999871273
70039177_15000	809.0	22	23	1277204.0 1.0164672	1277206.8 1.0164682	0.9999999999934458
70039177_15000	809.0	23	24	1240773.2 2.0502472	1240775.4 2.050248	0.9999999999934023
70039177_7050	739.0	50	57	1042906.2 1.0749125	1042904.8 1.0749168	0.9999999999536348
70039177_7050	739.0	51	58	834675.8 2.4521484	834677.2 2.4521384	0.9999999999517269
70039177_7050	739.0	52	59	1218268.2 0.8728086	1218267.4 0.8728141	0.9999999999637451
70039177_7050	739.0	53	60	958823.4 2.621977	958825.2 2.621967	0.9999999999630020
70039177_7050	739.0	54	61	1208637.2 0.94325405	1208637.0 0.9432601	0.9999999999660987
70039177_7050	739.0	55	62	898625.8 2.728129	898628.2 2.7281172	0.9999999999710680
70039177_7050	739.0	56	63	1119006.6 0.9122207	1119007.0 0.9122275	0.9999999999735073
70039177_10000	769.0	63	64	1036255.6 2.207102	1036255.8 2.2071028	0.9999999999915061
