ID	BITRATE	START_IDX	CAPTURE_START_IDX	KEY	CAPTURE_KEY	CORRELATION
70039177_15000	809.0	21	22	1052824.0 1.1855942 1.5265932	1052825.2 1.1855918 1.5265943	0.9999999999871273
70039177_15000	809.0	22	23	947086.0 1.8419595 1.2716184	947088.2 1.8419604 1.2716177	0.9999999999934458
70039177_15000	809.0	23	24	1190950.0 1.5951182 0.75007516	1190952.4 1.5951167 0.75007534	0.9999999999934023
70039177_7050	739.0	50	57	799967.2 1.5850588 1.334721	799967.0 1.5850579 1.3347188	0.9999999999536348
70039177_7050	739.0	51	58	837430.0 1.434059 0.99358034	837430.0 1.4340602 0.99358153	0.9999999999517269
70039177_7050	739.0	52	59	902047.8 1.7375255 1.1940453	902048.2 1.7375258 1.1940438	0.9999999999637451
70039177_7050	739.0	53	60	1004608.8 1.3459717 0.9286311	1004609.4 1.3459709 0.9286316	0.9999999999630020
70039177_7050	739.0	54	61	944525.4 1.1557466 1.449383	944526.0 1.155748 1.449383	0.9999999999660987
70039177_7050	739.0	55	62	860170.4 1.7587632 1.3148651	860172.0 1.7587599 1.3148626	0.9999999999710680
70039177_7050	739.0	56	63	891949.2 1.4883852 0.92886907	891950.6 1.4883817 0.92887205	0.9999999999735073
70039177_10000	769.0	63	64	973164.4 1.490742 1.1836038	973164.6 1.4907427 1.1836034	0.9999999999915061
