ID	BITRATE	START_IDX	CAPTURE_START_IDX	KEY	CAPTURE_KEY	CORRELATION
70041162_15000	1240.0	14	17	1610093.6 0.82457566 0.8059078 0.96865857 0.9346568 0.12178236	1610101.6 0.824597 0.8059032 0.968655 0.9346534 0.12177927	0.9999999995666202
70041162_15000	1240.0	15	18	1701347.0 0.76268214 0.91670364 0.8845256 0.47032264 0.6361548	1701347.8 0.76268125 0.9167044 0.8845264 0.47032067 0.6361545	0.9999999999921130
70041162_15000	1240.0	16	19	1487813.4 1.0482706 1.0114743 0.53782415 1.3786057 0.7602197	1487813.6 1.0482718 1.0114754 0.53782207 1.3786055 0.7602209	0.9999999999919449
70041162_15000	1240.0	17	20	1596624.0 0.9425419 0.50117123 1.2846531 1.2670027 0.1228204	1596624.8 0.9425427 0.5011691 1.2846525 1.2670034 0.122819714	0.9999999999919538
70041162_10000	1251.0	20	28	1345367.8 0.86593574 1.0463942 0.6951936 1.105109 0.48747045	1345367.2 0.8659368 1.0463939 0.69519234 1.1051086 0.4874721	0.9999999999898521
70041162_10000	1251.0	21	29	1209932.6 1.1635234 0.7730108 1.2288105 1.0655957 0.44471732	1209931.4 1.1635238 0.77300996 1.228811 1.0655977 0.44471696	0.9999999999878252
70041162_10000	1251.0	22	30	1219229.8 0.7671163 1.2194403 1.0574701 0.94873095 0.16093439	1219229.0 0.7671151 1.2194403 1.0574715 0.9487307 0.16093367	0.9999999999881981
70041162_10000	1251.0	23	31	1263823.2 1.1764129 1.0201577 0.91525537 0.31093904 0.4082232	1263823.4 1.176412 1.0201584 0.9152545 0.310939 0.40822318	0.9999999999876293
70041162_4800	1143.0	23	33	1177799.2 0.9821029 0.3336477 0.9206238 1.13091 0.55702955	1177800.2 0.98210204 0.3336491 0.9206247 1.1309091 0.55702996	0.9999999999877791
70041162_4800	1143.0	24	34	1200266.6 0.32740226 0.90339094 1.109741 1.1008496 0.5277752	1200268.2 0.3274035 0.90339136 1.1097394 1.1008497 0.5277745	0.9999999999917510
70041162_4800	1143.0	25	35	1212320.6 0.8944086 1.0987068 1.089904 1.0820924 0.5102957	1212322.6 0.89440876 1.098705 1.0899037 1.0820915 0.5102957	0.9999999999928725
70041162_4800	1143.0	46	58	1305311.6 0.81964487 0.8166977 1.1164353 0.73099095 0.3978069	1305312.2 0.81964755 0.81669503 1.1164364 0.73099214 0.3978052	0.9999999999507547
