ID	BITRATE	START_IDX	CAPTURE_START_IDX	KEY	CAPTURE_KEY	CORRELATION
70041162_10000	1251.0	24	26	1057902.0 0.6199317 0.5086275 0.18547654 0.4876841 0.69828016	1057902.4 0.61993337 0.5086273 0.18547647 0.48768204 0.6982809	0.9999999999783739
70041162_4800	1143.0	23	27	1057998.8 0.5085809 0.18545863 0.48763856 0.6982182 0.6201038	1057998.4 0.5085811 0.18545964 0.4876378 0.6982175 0.62010396	0.9999999999966045
70041162_4800	1143.0	24	28	1096156.0 0.1790028 0.47066385 0.6739132 0.5985179 0.57790226	1096156.4 0.17900366 0.47066277 0.67391205 0.5985177 0.57790387	0.9999999999829019
70041162_6500	1175.0	27	29	1265126.8 0.4078026 0.5839043 0.51857966 0.50071824 0.48899528	1265126.0 0.40780127 0.5839047 0.51857996 0.5007193 0.48899478	0.9999999999454114
70041162_5500	1118.0	28	30	1286114.8 0.57437485 0.51011854 0.49254704 0.4810154 0.44194424	1286114.0 0.574376 0.5101173 0.4925481 0.4810149 0.4419437	0.9999999998211133
70041162_5500	1118.0	29	31	1227939.2 0.5342862 0.5158822 0.50380427 0.462882 0.48314524	1227938.0 0.5342851 0.51588356 0.5038039 0.46288168 0.48314574	0.9999999994574137
70041162_5500	1118.0	30	32	1231608.8 0.51434517 0.5023032 0.46150288 0.48170573 0.54014313	1231608.0 0.5143463 0.5023027 0.46150237 0.48170602 0.54014266	0.9999999997128497
70041162_15000	1240.0	36	33	1249567.6 0.49508405 0.45486775 0.47478104 0.53238016 0.542887	1249567.6 0.49508324 0.45486933 0.47478262 0.5323793 0.54288536	0.9999999998593159
70041162_7050	1260.0	37	39	1400142.0 0.722631 0.55806124 0.5371234 0.14019006 0.54199433	1400142.4 0.7226301 0.5580611 0.53712326 0.14019145 0.54199415	0.9999999999999797
70041162_7050	1260.0	38	40	1311820.4 0.59563416 0.5732866 0.14962871 0.5784854 0.6029652	1311820.8 0.595634 0.5732864 0.1496302 0.5784853 0.6029642	0.9999999999988558
70041162_7050	1260.0	39	41	1322254.8 0.56876254 0.14844795 0.5739204 0.59820694 0.6106622	1322255.2 0.56876236 0.1484494 0.5739202 0.598206 0.610662	0.9999999999987592
70041162_7050	1260.0	40	42	1275647.2 0.15387169 0.5948894 0.62006325 0.63297355 0.498202	1275648.0 0.15387318 0.59488904 0.6200621 0.6329732 0.49820247	0.9999999999979358
70041162_7050	1260.0	41	43	1435604.8 0.5286058 0.5509748 0.5624466 0.44269148 0.41528144	1435604.4 0.52860594 0.5509742 0.5624467 0.4426923 0.41528085	0.9999999999622158
70041162_4800	1143.0	41	46	1374064.8 0.46251678 0.4338813 0.6776107 0.4333151 0.4926762	1374065.6 0.46251866 0.43387955 0.6776125 0.43331337 0.4926759	0.9999999999116816
70041162_4800	1143.0	42	47	1344050.0 0.44357055 0.6927428 0.4429917 0.50367844 0.41701648	1344050.4 0.44356894 0.69274485 0.4429901 0.5036783 0.41701785	0.9999999999303263
70041162_4800	1143.0	50	56	1210610.0 0.4289259 0.6029572 0.42078042 0.44147825 0.6058582	1210609.6 0.42892605 0.60295653 0.42078057 0.44147757 0.6058592	0.9999999999748334
70041162_4200	1080.0	71	75	1665234.0 0.2928243 0.11780807 0.7496322 0.6703827 0.66935277	1665240.0 0.29282385 0.11781845 0.7496289 0.67037785 0.669351	0.9999999999424275
