ID	BITRATE	START_IDX	CAPTURE_START_IDX	KEY	CAPTURE_KEY	CORRELATION
70297757_2000	491.0	1	1	334777.0 0.58630073 0.41369927	334788.0 0.5849314 0.41506863	1.0000000000000000
70103763_15000	1793.0	1	5	411285.0 0.516632 0.48336798	411306.0 0.5217186 0.47828138	1.0000000000000000
70041162_5500	1118.0	12	9	475126.0 0.5873095 0.41269052	475125.0 0.5873086 0.41269138	1.0000000000000000
80097391_7050	511.0	5	10	450899.0 0.4345297 0.56547034	450923.0 0.43484142 0.56515855	1.0000000000000000
80052541_10000	2244.0	4	12	532984.0 0.6320171 0.3679829	532988.0 0.63207614 0.36792386	1.0000000000000000
70041162_2000	545.0	12	16	363059.0 0.3906913 0.60930866	363061.0 0.39069468 0.6093053	1.0000000000000000
80134721_800	490.0	30	17	422933.0 0.5301289 0.4698711	422916.0 0.52307075 0.47692922	1.0000000000000000
70296965_1200	360.0	6	18	398258.0 0.50842416 0.4915758	398279.0 0.5064314 0.49356857	1.0000000000000000
70041162_2000	545.0	15	19	411012.0 0.47827557 0.5217244	411015.0 0.47827452 0.5217255	1.0000000000000000
70041162_3500	1100.0	20	23	514781.0 0.38116208 0.6188379	514784.0 0.3811618 0.6188382	1.0000000000000000
80029196_5500	1337.0	42	44	854482.0 0.5404502 0.45954975	854465.0 0.5429772 0.45702282	1.0000000000000000
70104894_5500	1016.0	48	46	1092071.0 0.50627846 0.49372157	1092076.0 0.51323444 0.48676556	1.0000000000000000
70041162_6500	1175.0	52	47	1255422.0 0.42343053 0.5765695	1255423.0 0.42343098 0.576569	1.0000000000000000
70041162_6500	1175.0	53	48	1243100.0 0.5822846 0.4177154	1243100.0 0.5822846 0.4177154	1.0000000000000000
70041162_6500	1175.0	54	49	715608.0 0.72562355 0.27437648	715607.0 0.72562456 0.27437547	1.0000000000000000
70041162_6500	1175.0	55	50	926292.0 0.21196988 0.78803015	926292.0 0.2119688 0.7880312	1.0000000000000000
70251894_20000	993.0	3	78	547477.0 0.6373017 0.36269835	547463.0 0.6431631 0.35683692	1.0000000000000000
80217312_2000	614.0	40	79	296710.0 0.66114724 0.33885276	296731.0 0.6583572 0.34164277	1.0000000000000000
