ID	BITRATE	START_IDX	CAPTURE_START_IDX	KEY	CAPTURE_KEY	CORRELATION
70041162_15000	1240.0	14	17	1332226.8 0.1475567 0.82680297 0.6422863 0.73617125 0.1471829	1332241.2 0.14758438 0.82679397 0.6422793 0.736164 0.14717829	0.9999999993865354
70041162_15000	1240.0	15	18	1686523.2 0.65311223 0.50735795 0.58152 0.11626344 0.6417463	1686522.0 0.6531127 0.5073583 0.58152103 0.116261154 0.64174676	0.9999999999982473
70041162_15000	1240.0	16	19	1698353.6 0.5038238 0.5774692 0.11545358 0.637276 0.6659773	1698353.2 0.50382394 0.57746994 0.11545125 0.6372761 0.66597867	0.9999999999983892
70041162_15000	1240.0	17	20	1434524.4 0.683674 0.13668711 0.75448006 0.78845996 0.13669896	1434523.6 0.68367505 0.1366844 0.7544804 0.78846174 0.13669834	0.9999999999965665
70041162_20000	1225.0	18	21	1323810.4 0.14811714 0.8175793 0.8544026 0.14813149 0.5317695	1323809.2 0.14811575 0.81758004 0.8544033 0.14813086 0.53177	0.9999999999994870
70041162_20000	1225.0	19	22	1455034.4 0.743845 0.77734727 0.13477208 0.48381126 0.3602245	1455034.0 0.74384516 0.77734745 0.13477142 0.48381138 0.36022457	0.9999999999997230
70041162_20000	1225.0	20	23	1263746.0 0.89501137 0.155172 0.5570439 0.41475028 0.4780225	1263746.8 0.8950108 0.15517113 0.55704355 0.41475004 0.47802457	0.9999999999902248
70041162_20000	1225.0	21	24	1198834.0 0.16357394 0.5872056 0.4372073 0.5039055 0.80810773	1198835.2 0.16357294 0.58720493 0.43720686 0.50390744 0.8081077	0.9999999999885347
70041162_20000	1225.0	22	25	1477139.6 0.47657105 0.35483375 0.4089654 0.6558534 0.6037764	1477141.2 0.47657055 0.35483336 0.408967 0.65585333 0.6037757	0.9999999999767618
70041162_7050	1260.0	19	27	1396814.0 0.4324842 0.69356906 0.63849807 0.14073241 0.59471625	1396814.0 0.43248564 0.6935698 0.63849735 0.14073169 0.59471554	0.9999999999899308
70041162_7050	1260.0	20	28	1417505.6 0.6834449 0.62917775 0.1386781 0.5860351 0.46266413	1417504.8 0.68344605 0.62917745 0.1386775 0.5860347 0.46266443	0.9999999999965533
70041162_7050	1260.0	21	29	1245222.0 0.7162281 0.15786502 0.6671164 0.52667636 0.43211412	1245220.4 0.71622825 0.15786442 0.66711646 0.5266771 0.4321139	0.9999999999986968
70041162_10000	1251.0	22	30	966962.8 0.2032953 0.8590889 0.6782339 0.55646193 0.2029199	966961.6 0.20329246 0.8590899 0.67823684 0.5564616 0.20291911	0.9999999999894708
70041162_10000	1251.0	23	31	1094700.0 0.75884444 0.5990929 0.4915301 0.1792418 0.47129077	1094700.0 0.75884444 0.59909475 0.4915292 0.17924088 0.47129077	0.9999999999896967
70041162_10000	1251.0	24	32	1057902.0 0.6199317 0.5086275 0.18547654 0.4876841 0.69828016	1057902.4 0.61993337 0.50862634 0.18547553 0.48768395 0.6982809	0.9999999999907107
70041162_4800	1143.0	23	33	1057998.8 0.5085809 0.18545863 0.48763856 0.6982182 0.6201038	1057998.8 0.50857997 0.18545863 0.48763952 0.6982173 0.62010473	0.9999999999885002
70041162_4800	1143.0	24	34	1096156.0 0.1790028 0.47066385 0.6739132 0.5985179 0.57790226	1096156.4 0.17900275 0.4706646 0.67391205 0.5985186 0.577902	0.9999999999924312
70041162_6500	1175.0	27	35	1265126.8 0.4078026 0.5839043 0.51857966 0.50071824 0.48899528	1265127.6 0.40780234 0.5839039 0.5185801 0.50071704 0.4889965	0.9999999998985383
70041162_4800	1143.0	26	36	1137460.4 0.64944154 0.5767841 0.556917 0.54388005 0.17297745	1137461.6 0.64943993 0.5767843 0.55691636 0.54388034 0.17297903	0.9999999999948292
70041162_4800	1143.0	27	37	1069330.4 0.61353254 0.5923997 0.57853216 0.18399833 0.5315373	1069332.4 0.61353236 0.5923986 0.578532 0.18399985 0.53153723	0.9999999999976119
70041162_4800	1143.0	28	38	1044211.2 0.6066503 0.5924491 0.18842453 0.5443238 0.5681523	1044213.2 0.6066491 0.59244895 0.18842608 0.54432374 0.5681522	0.9999999999978300
70041162_4800	1143.0	29	39	1056920.4 0.58532506 0.18615878 0.53777844 0.5613204 0.6294173	1056922.8 0.5853247 0.18616025 0.5377782 0.5613201 0.6294169	0.9999999999998992
70041162_4800	1143.0	30	40	1080812.4 0.18204363 0.5258905 0.5489121 0.61550367 0.6276501	1080814.8 0.18204507 0.5258903 0.5489118 0.61550325 0.62764966	0.9999999999998580
70041162_6500	1175.0	33	41	1080415.6 0.5260855 0.54911554 0.6157288 0.6278806 0.18118954	1080416.8 0.526084 0.54911405 0.61573 0.6278809 0.18119119	0.9999999999736556
70041162_7050	1260.0	33	42	1257775.2 0.47168285 0.52890533 0.5393444 0.15564227 0.8044251	1257774.8 0.47168383 0.5289063 0.5393438 0.15564154 0.80442464	0.9999999999929255
70041162_7050	1260.0	34	43	1333012.8 0.499053 0.50890285 0.14685756 0.759022 0.5861647	1333012.4 0.4990539 0.50890225 0.14685684 0.75902146 0.5861656	0.9999999999934289
70041162_15000	1240.0	40	44	1370460.4 0.49499717 0.14284252 0.73828113 0.5701485 0.5537307	1370461.6 0.49499598 0.14284384 0.7382804 0.57014805 0.5537317	0.9999999999926370
70041162_4800	1143.0	46	58	1012610.0 0.5535112 0.5249672 0.7148241 0.1939019 0.5127956	1012611.2 0.5535126 0.52496654 0.7148242 0.19390364 0.51279306	0.9999999999643042
70041162_4800	1143.0	47	59	1080392.0 0.4920316 0.6699772 0.18173681 0.4806237 0.6756307	1080392.4 0.49203143 0.6699779 0.1817386 0.4806217 0.67563045	0.9999999999796613
70041162_4800	1143.0	48	60	1071517.6 0.67552596 0.18324196 0.48460427 0.6812263 0.47540143	1071518.8 0.6755262 0.18324365 0.48460189 0.6812256 0.47540277	0.9999999999740470
70041162_4800	1143.0	49	61	995765.6 0.19718194 0.5214701 0.73305 0.5115672 0.5367307	995765.2 0.19718404 0.52146834 0.73305035 0.5115694 0.53672796	0.9999999999415745
70041162_4800	1143.0	50	62	1210610.0 0.4289259 0.6029572 0.42078042 0.44147825 0.6058582	1210609.2 0.42892453 0.60295755 0.42078236 0.44147605 0.6058594	0.9999999998574345
70041162_4800	1143.0	51	63	1306034.8 0.55890244 0.3900363 0.4092219 0.5615915 0.58024794	1306034.8 0.55890244 0.39003786 0.4092196 0.5615923 0.58024794	0.9999999998827142
70041162_7050	1260.0	75	83	1809060.0 0.46830344 0.69003296 0.6161377 0.10844196 0.617084	1809058.0 0.46830285 0.6900343 0.61613727 0.108442076 0.6170836	0.9999999999945303
70041162_7050	1260.0	76	84	1972270.0 0.6329311 0.5651508 0.09946813 0.5660189 0.6364311	1972268.0 0.63293225 0.5651504 0.099468224 0.5660184 0.63643074	0.9999999999954848
70041162_6500	1175.0	77	85	1940178.8 0.5744986 0.101112336 0.5753815 0.6469564 0.60205126	1940178.8 0.5744976 0.101113364 0.57537997 0.64695686 0.6020523	0.9999999999877500
70041162_6500	1175.0	78	86	1802216.4 0.10885263 0.61942786 0.6964818 0.6481392 0.42709854	1802216.8 0.10885372 0.6194261 0.69648224 0.64814013 0.42709792	0.9999999999885217
