ID	BITRATE	START_IDX	CAPTURE_START_IDX	KEY	CAPTURE_KEY	CORRELATION
70041162_15000	1240.0	14	17	1922019.8 1.4737252 0.7771346	1922028.2 1.473741 0.7771285	0.9999999995666202
70041162_15000	1240.0	15	18	2002324.0 1.0476671 1.3194423	2002325.2 1.0476644 1.3194425	0.9999999999921130
70041162_15000	1240.0	16	19	1647849.8 2.1911821 1.5996301	1647849.4 2.1911838 1.5996329	0.9999999999919449
70041162_15000	1240.0	17	20	2006845.6 1.757889 0.49644077	2006846.4 1.7578905 0.4964386	0.9999999999919538
70041162_10000	1251.0	20	28	1532426.0 1.7304457 1.3466308	1532425.0 1.7304468 1.3466322	0.9999999999898521
70041162_10000	1251.0	21	29	1507288.2 1.7893618 0.9774965	1507286.8 1.7893636 0.9774955	0.9999999999878252
70041162_10000	1251.0	22	30	1477089.6 1.4163067 1.1393987	1477089.0 1.4163053 1.1393979	0.9999999999881981
70041162_10000	1251.0	23	31	1495167.4 1.257217 1.2073705	1495167.4 1.2572165 1.2073712	0.9999999999876293
70041162_4800	1143.0	23	33	1394661.2 1.7844512 0.75218195	1394662.6 1.7844495 0.7521833	0.9999999999877791
70041162_4800	1143.0	24	34	1466663.6 1.1688317 1.1712167	1466665.2 1.1688331 1.1712168	0.9999999999917510
70041162_4800	1143.0	25	35	1476583.2 1.6227686 1.321041	1476585.6 1.622768 1.3210396	0.9999999999928725
70041162_4800	1143.0	46	58	1596770.8 1.2675978 0.9928207	1596771.8 1.2676007 0.9928169	0.9999999999507547
