ID	BITRATE	START_IDX	CAPTURE_START_IDX	KEY	CAPTURE_KEY	CORRELATION
70041162_4800	1143.0	13	13	715389.3 0.7305113 0.2741151 0.49537364	715387.3 0.73051196 0.27411446 0.4953736	1.0000000000000000
70041162_4800	1143.0	14	14	548097.3 0.35778135 0.6465731 0.49564555	548095.3 0.35778084 0.64657366 0.49564555	1.0000000000000000
70041162_4800	1143.0	15	15	707028.0 0.5012319 0.38423088 0.6145372	707026.7 0.50123143 0.3842302 0.6145383	0.9999999999935120
70041162_4800	1143.0	16	16	945956.7 0.28718227 0.45931807 0.7534996	945957.3 0.28718105 0.45931777 0.75350124	0.9999999999999623
70041162_4800	1143.0	17	17	1206182.0 0.3602234 0.5909374 0.5488392	1206183.4 0.360223 0.5909383 0.5488386	0.9999999999821170
70041162_4200	1080.0	16	18	1287677.4 0.5535393 0.5141016 0.43235907	1287678.0 0.553539 0.5141037 0.4323573	0.9999999996630037
70041162_4200	1080.0	17	19	1116252.0 0.59305334 0.49875745 0.40818918	1116252.6 0.5930557 0.49875537 0.40818897	0.9999999998115721
70041162_5500	1118.0	23	20	1033640.7 0.53861946 0.44081372 0.52056676	1033638.7 0.53861856 0.4408136 0.5205678	0.9999999998324272
70041162_6500	1175.0	27	24	1273802.6 0.40502506 0.5799274 0.5150476	1273802.0 0.4050237 0.5799276 0.5150486	0.9999999999609992
70041162_6500	1175.0	28	25	1352169.4 0.5463169 0.48519737 0.46848568	1352169.4 0.5463169 0.48519808 0.46848494	0.9999999998438771
70041162_15000	1240.0	33	26	990862.7 0.662119 0.6393106 0.1985704	990865.3 0.66211826 0.6393109 0.19857088	0.9999999999980437
70041162_15000	1240.0	34	27	965910.7 0.6558257 0.20369999 0.6404743	965913.3 0.6558259 0.20370047 0.6404736	0.9999999999980385
70041162_15000	1240.0	35	28	922523.3 0.21328025 0.6705966 0.6161232	922546.0 0.21327609 0.6705812 0.6161427	0.9999999974729006
70041162_5500	1118.0	31	29	1186870.0 0.5212374 0.47889912 0.4998635	1186889.4 0.5212297 0.47891575 0.4998545	0.9999999311900187
70041162_6500	1175.0	33	30	1217938.0 0.46668303 0.48711264 0.5462043	1217956.6 0.46669972 0.4871044 0.546196	0.9999999689332105
70041162_7050	1260.0	33	31	1291259.4 0.45945147 0.51519006 0.52535844	1291258.0 0.45945272 0.5151898 0.5253574	0.9999999999802394
70041162_7050	1260.0	37	35	1696800.0 0.59629065 0.46049327 0.44321606	1696817.4 0.5963005 0.46048915 0.44321033	0.9999999999994879
70041162_4800	1143.0	41	42	1441860.0 0.44076955 0.4134805 0.6457499	1441858.0 0.44076878 0.4134797 0.64575154	0.9999999999994830
70041162_4800	1143.0	42	43	1415110.0 0.42129657 0.6579566 0.4207468	1415108.6 0.42129558 0.657958 0.4207465	0.9999999999966256
70041162_7050	1260.0	47	44	1468968.6 0.63383317 0.40532044 0.46084645	1468967.4 0.63383436 0.4053201 0.4608455	0.9999999999889652
70041162_4800	1143.0	44	45	1221908.6 0.48727295 0.5540259 0.45870125	1221908.6 0.4872721 0.5540242 0.4587037	0.9999999997229543
70041162_6500	1175.0	52	49	1183122.6 0.44930592 0.611803 0.4388911	1183123.4 0.44930732 0.61180097 0.43889168	0.9999999999859647
70041162_6500	1175.0	53	50	959630.7 0.7542881 0.5411061 0.20460579	959630.7 0.754286 0.5411071 0.20460683	0.9999999999921834
70041162_6500	1175.0	54	51	963702.7 0.53881973 0.20374127 0.757439	963702.7 0.53882074 0.2037423 0.75743693	0.9999999999925052
70041162_6500	1175.0	55	52	973831.3 0.20162219 0.749561 0.5488168	973832.0 0.20162307 0.74955845 0.54881847	0.9999999999812020
70041162_4800	1143.0	55	56	1023896.0 0.7401377 0.19191207 0.56795025	1023897.3 0.7401357 0.1919128 0.5679515	0.9999999999891228
70041162_4800	1143.0	56	57	899270.0 0.21850835 0.6466601 0.6348316	899271.3 0.21850914 0.64666134 0.6348295	0.9999999999763999
70041162_4800	1143.0	57	58	1240667.4 0.4687171 0.46014348 0.5711394	1240665.4 0.46871945 0.46014342 0.5711371	0.9999999997605410
70041162_4800	1143.0	58	59	983854.7 0.58025336 0.72022223 0.19952439	983850.0 0.5802551 0.7202216 0.1995233	0.9999999999865787
70041162_4800	1143.0	59	60	992630.0 0.7138551 0.1977605 0.5883844	992626.7 0.7138535 0.19775914 0.58838737	0.9999999999562772
70041162_4800	1143.0	60	61	859228.0 0.2284644 0.6797358 0.59179986	859227.3 0.22846225 0.67973745 0.59180033	0.9999999999993944
70041162_4800	1143.0	61	62	1143612.0 0.5107047 0.44463596 0.5446594	1143612.6 0.5107053 0.4446357 0.5446591	0.9999999999523786
70041162_6500	1175.0	66	63	1150922.6 0.44181076 0.54119974 0.5169896	1150923.4 0.44181135 0.5411994 0.51698923	0.9999999999974444
70041162_10000	1251.0	67	66	828169.3 0.23695275 0.6295645 0.63348275	828170.7 0.23695478 0.63348055 0.62956464	0.9998521793308164
70041162_15000	1240.0	81	74	2324124.8 0.4795913 0.48032922 0.5400794	2324122.0 0.47959143 0.48032847 0.5400801	0.9999999999212896
70041162_6500	1175.0	79	75	2359760.8 0.47307464 0.531923 0.4950023	2359762.8 0.47307384 0.53192294 0.49500316	0.9999999996491318
70041162_6500	1175.0	80	76	2128681.2 0.589666 0.5487374 0.36159664	2128684.0 0.5896657 0.5487381 0.36159617	0.9999999999896073
