ID	BITRATE	START_IDX	CAPTURE_START_IDX	KEY	CAPTURE_KEY	CORRELATION
70097579_20000	1605.0	2	2	447120.0 0.44425434 0.55574566	447116.0 0.43844104 0.56155896	1.0000000000000000
80986885_5500	1568.0	22	5	427951.0 0.5340284 0.46597156	427926.0 0.5412758 0.45872417	1.0000000000000000
70041162_15000	1240.0	15	12	1957160.0 0.5627997 0.43720034	1957159.0 0.56279993 0.43720004	1.0000000000000000
70041162_10000	1251.0	12	13	1051751.0 0.81356806 0.18643196	1051750.0 0.8135679 0.18643214	1.0000000000000000
80144140_4200	561.0	4	14	1176848.0 0.16875161 0.8312484	1176829.0 0.16661724 0.8333828	1.0000000000000000
80217312_20000	3377.0	13	15	2063073.0 0.46690494 0.53309506	2063069.0 0.47538352 0.5246165	1.0000000000000000
70041162_20000	1225.0	19	16	2213387.0 0.48898813 0.51101184	2213387.0 0.48898813 0.51101184	1.0000000000000000
81000864_15000	3924.0	2	17	1327183.0 0.8497743 0.1502257	1327165.0 0.85224295 0.14775707	1.0000000000000000
70041162_20000	1225.0	21	18	900060.0 0.21787214 0.78212786	900060.0 0.21787214 0.78212786	1.0000000000000000
70041162_20000	1225.0	22	19	1228101.0 0.5732118 0.42678818	1228101.0 0.5732118 0.42678818	1.0000000000000000
70041162_20000	1225.0	23	20	1128238.0 0.4645642 0.5354358	1128240.0 0.4645634 0.53543663	1.0000000000000000
70041162_7050	1260.0	19	21	1572887.0 0.3840708 0.6159292	1572888.0 0.3840712 0.61592877	1.0000000000000000
70041162_7050	1260.0	20	22	1860650.0 0.52067125 0.47932872	1860648.0 0.52067184 0.47932816	1.0000000000000000
70041162_7050	1260.0	21	23	1088440.0 0.81939566 0.18060435	1088440.0 0.8193938 0.18060619	1.0000000000000000
70041162_7050	1260.0	22	24	1027285.0 0.19135585 0.8086441	1027286.0 0.19135761 0.8086424	1.0000000000000000
70041162_7050	1260.0	23	25	1486537.0 0.55882096 0.44117907	1486536.0 0.55882066 0.44117936	1.0000000000000000
70041162_7050	1260.0	24	26	1193907.0 0.5493133 0.4506867	1193908.0 0.54931283 0.45068714	1.0000000000000000
70041162_4800	1143.0	23	27	734293.0 0.7327838 0.2672162	734295.0 0.73278314 0.26721686	1.0000000000000000
70041162_4800	1143.0	24	28	712136.0 0.27553025 0.7244698	712137.0 0.27553126 0.72446877	1.0000000000000000
70041162_6500	1175.0	27	29	1254635.0 0.41121283 0.5887872	1254634.0 0.41121235 0.5887877	0.9999999999999999
70041162_6500	1175.0	28	30	1394782.0 0.52962613 0.47037387	1394781.0 0.5296265 0.47037348	1.0000000000000000
70041162_6500	1175.0	29	31	1289541.0 0.50876164 0.49123836	1289538.0 0.50876206 0.49123794	1.0000000000000000
70041162_6500	1175.0	30	32	1252113.0 0.5059224 0.49407762	1252112.0 0.5059212 0.49407881	1.0000000000000000
70041162_4800	1143.0	29	33	815397.0 0.7587004 0.24129964	815398.0 0.7586994 0.24130057	1.0000000000000000
70041162_4800	1143.0	30	34	765144.0 0.25714767 0.74285233	765144.0 0.25714898 0.742851	1.0000000000000000
70041162_6500	1175.0	33	35	1161664.0 0.48929036 0.51070964	1161660.0 0.48928946 0.51071054	1.0000000000000000
70041162_7050	1260.0	33	36	1258515.0 0.4714056 0.52859443	1258517.0 0.47140563 0.5285944	1.0000000000000000
70041162_7050	1260.0	36	38	1207549.0 0.16211599 0.837884	1207544.0 0.16211501 0.837885	1.0000000000000000
70297757_4800	766.0	64	41	948345.0 0.7925597 0.20744033	948335.0 0.79301935 0.20698066	1.0000000000000000
70041162_7050	1260.0	40	42	955155.0 0.20550172 0.79449826	955154.0 0.20550299 0.794497	1.0000000000000000
70041162_7050	1260.0	41	43	1549851.0 0.48963997 0.51036	1549849.0 0.4896393 0.51036066	1.0000000000000000
70041162_7050	1260.0	42	44	1598433.0 0.4948484 0.5051516	1598432.0 0.4948487 0.5051513	1.0000000000000000
70041162_7050	1260.0	43	45	1442981.0 0.55957144 0.44042853	1442979.0 0.55957156 0.44042844	0.9999999999999999
896970_7050	1977.0	48	46	832365.0 0.7613355 0.23866452	832378.0 0.7635101 0.2364899	1.0000000000000000
70041162_7050	1260.0	46	47	1127931.0 0.17452309 0.8254769	1127931.0 0.1745222 0.8254778	1.0000000000000000
70041162_3500	1100.0	38	49	1191583.0 0.5003252 0.4996748	1191581.0 0.50032604 0.49967396	1.0000000000000000
70041162_15000	1240.0	54	50	1155895.0 0.5151013 0.48489872	1155895.0 0.5151004 0.48489958	1.0000000000000000
70041162_6500	1175.0	50	51	756132.0 0.74126345 0.25873658	756133.0 0.74126244 0.25873756	0.9999999999999999
70041162_15000	1240.0	56	53	1255426.0 0.57656765 0.42343235	1255423.0 0.57656825 0.42343178	1.0000000000000000
70041162_20000	1225.0	57	54	1050848.0 0.50586385 0.49413615	1050846.0 0.5058648 0.4941352	1.0000000000000000
70041162_6500	1175.0	54	55	715608.0 0.72562355 0.27437648	715607.0 0.72562176 0.27437827	1.0000000000000000
80038359_7050	1056.0	63	56	705730.0 0.2787766 0.7212234	705751.0 0.27821 0.72178996	1.0000000000000000
70041162_6500	1175.0	56	58	1264401.0 0.5773058 0.42269424	1264403.0 0.57730484 0.42269513	1.0000000000000000
70041162_5500	1118.0	59	61	929957.0 0.7887021 0.21129794	929957.0 0.788701 0.21129902	1.0000000000000000
70041162_15000	1240.0	63	62	954321.0 0.20590451 0.7940955	954323.0 0.20590408 0.79409593	1.0000000000000000
70041162_15000	1240.0	66	65	767184.0 0.74412656 0.25587344	767185.0 0.7441282 0.2558718	1.0000000000000000
70123920_5500	1360.0	60	66	780334.0 0.25104636 0.74895364	780350.0 0.2515551 0.7484449	1.0000000000000000
70041162_6500	1175.0	66	69	1131369.0 0.44944665 0.5505534	1131370.0 0.44944802 0.550552	1.0000000000000000
70041162_6500	1175.0	67	70	1217894.0 0.51143944 0.4885606	1217891.0 0.51143986 0.48856014	0.9999999999999999
80192815_4200	1158.0	20	72	717640.0 0.2768951 0.7231049	717624.0 0.27345377 0.7265462	1.0000000000000000
70052701_7050	1562.0	104	73	1027745.0 0.50621605 0.49378395	1027729.0 0.5073195 0.49268046	1.0000000000000000
70041162_7050	1260.0	71	74	1030974.0 0.49112976 0.50887024	1030971.0 0.4911312 0.5088688	1.0000000000000000
70041162_20000	1225.0	77	77	1334809.0 0.36531144 0.63468856	1334810.0 0.36531118 0.63468885	1.0000000000000000
70041162_7050	1260.0	75	78	2095500.0 0.40428966 0.59571034	2095499.0 0.40428987 0.59571016	1.0000000000000000
70041162_7050	1260.0	76	79	2362941.0 0.528287 0.471713	2362940.0 0.5282868 0.47171322	1.0000000000000000
70041162_7050	1260.0	77	80	1310808.0 0.8503381 0.14966188	1310808.0 0.8503381 0.14966188	1.0000000000000000
70041162_7050	1260.0	78	81	1312520.0 0.14946668 0.8505333	1312520.0 0.14946668 0.8505333	0.9999999999999999
70041162_7050	1260.0	79	82	2371556.0 0.47072133 0.5292787	2371555.0 0.47072154 0.52927846	1.0000000000000000
70041162_7050	1260.0	80	83	2024937.0 0.61987805 0.38012195	2024937.0 0.6198776 0.38012245	1.0000000000000000
