ID	BITRATE	START_IDX	CAPTURE_START_IDX	KEY	CAPTURE_KEY	CORRELATION
70041162_15000	1240.0	14	17	1393629.6 0.1410554 0.7903743 0.6139874 0.70373577 0.14069808 0.77661955 0.8115966 0.14071026 0.505127 0.37609562	1393637.6 0.14108258 0.79036975 0.61398387 0.70373243 0.1406944 0.7766151 0.81159335 0.14070874 0.5051256 0.3760942	0.9999999995666202
70041162_15000	1240.0	15	18	1475134.0 0.74670434 0.5800632 0.6648528 0.1329242 0.73370963 0.7667541 0.13293572 0.47721767 0.3553155 0.4095228	1475134.4 0.74670416 0.5800631 0.66485333 0.13292146 0.73370945 0.7667552 0.132935 0.4772189 0.3553161 0.40952337	0.9999999999921130
70041162_15000	1240.0	16	19	1448593.8 0.5906908 0.67703384 0.13535956 0.7471522 0.7808021 0.13537128 0.48596096 0.36182538 0.41702583 0.66877824	1448594.2 0.5906906 0.6770343 0.13535674 0.7471519 0.7808032 0.13537055 0.48596215 0.36182594 0.41702637 0.668778	0.9999999999919449
70041162_15000	1240.0	17	20	1455832.0 0.6736677 0.13468656 0.7434374 0.77692 0.13469823 0.4835448 0.36002642 0.4149524 0.66545314 0.61261326	1455832.4 0.6736682 0.13468377 0.74343723 0.77692115 0.13469751 0.48354605 0.36002702 0.414953 0.66545296 0.6126131	0.9999999999919538
70041162_10000	1251.0	20	28	1237752.2 0.78269786 0.7205505 0.15881935 0.67114156 0.5298532 0.4347219 0.15852606 0.4168217 0.5968173 0.53005034	1237751.8 0.78269976 0.72055 0.15881698 0.67114186 0.529855 0.43472126 0.15852533 0.41682187 0.5968184 0.53004974	0.9999999999898521
70041162_10000	1251.0	21	29	1170689.4 0.7618272 0.1679173 0.7095879 0.5602058 0.45962492 0.16760723 0.4406993 0.631006 0.56041425 0.5411102	1170688.4 0.761827 0.16791488 0.70958847 0.560208 0.45962444 0.16760652 0.4406997 0.6310074 0.5604139 0.54110986	0.9999999999878252
70041162_10000	1251.0	22	30	1116045.4 0.1761389 0.7443308 0.5876347 0.48212916 0.17581365 0.4622769 0.6619014 0.5878533 0.5676042 0.55431706	1116044.6 0.17613633 0.74433136 0.5876369 0.48212856 0.17581286 0.4622772 0.6619027 0.58785284 0.56760365 0.5543174	0.9999999999881981
70041162_10000	1251.0	23	31	1116080.8 0.7443073 0.5876161 0.48211387 0.17580807 0.46226224 0.66188043 0.5878347 0.5675862 0.5542995 0.1762919	1116080.8 0.7443073 0.5876179 0.48211297 0.17580718 0.46226224 0.6618813 0.5878338 0.5675853 0.5542995 0.1762928	0.9999999999876293
70041162_4800	1143.0	23	33	1051105.0 0.5119165 0.18667498 0.4908368 0.70279753 0.6241708 0.6026715 0.58856344 0.18718871 0.5407538 0.564426	1051106.0 0.5119151 0.1866748 0.49083728 0.7027959 0.62417114 0.6026709 0.58856386 0.18719044 0.5407542 0.5644264	0.9999999999877791
70041162_4800	1143.0	24	34	1076538.2 0.18226478 0.47924075 0.68619394 0.6094247 0.5884333 0.57465863 0.18276638 0.5279785 0.55109143 0.6179474	1076539.6 0.18226454 0.47924107 0.6861921 0.6094248 0.5884326 0.5746588 0.182768 0.5279787 0.5510917 0.6179475	0.9999999999917510
70041162_4800	1143.0	25	35	1172969.6 0.43984175 0.629781 0.5593231 0.5400575 0.5274152 0.16774091 0.48457265 0.50578547 0.5671451 0.57833725	1172971.2 0.439842 0.6297793 0.5593232 0.5400567 0.52741534 0.16774239 0.48457283 0.50578564 0.56714517 0.57833725	0.9999999999928725
70041162_4800	1143.0	46	58	1159322.4 0.48346433 0.4585325 0.624363 0.16936359 0.4479013 0.6296316 0.43939546 0.46100897 0.6326609 0.6536784	1159323.0 0.4834658 0.45853227 0.62436354 0.16936523 0.44789934 0.6296313 0.43939695 0.46100613 0.63266146 0.65367806	0.9999999999507547
