ID	BITRATE	START_IDX	CAPTURE_START_IDX	KEY	CAPTURE_KEY	CORRELATION
70041162_20000	1225.0	19	16	1455034.4 0.743845 0.77734727 0.13477208 0.48381126 0.3602245	1455034.4 0.743845 0.77734727 0.13477208 0.48381126 0.3602245	1.0000000000000000
70041162_20000	1225.0	20	17	1263746.0 0.89501137 0.155172 0.5570439 0.41475028 0.4780225	1263746.8 0.8950108 0.15517192 0.55704355 0.41475004 0.47802377	0.9999999999965038
70041162_20000	1225.0	21	18	1198834.0 0.16357394 0.5872056 0.4372073 0.5039055 0.80810773	1198834.8 0.16357383 0.5872052 0.43720704 0.5039068 0.8081072	0.9999999999949326
70041162_20000	1225.0	22	19	1477139.6 0.47657105 0.35483375 0.4089654 0.6558534 0.6037764	1477140.0 0.47657093 0.35483366 0.40896666 0.6558532 0.60377556	0.9999999999875057
70041162_7050	1260.0	19	21	1396814.0 0.4324842 0.69356906 0.63849807 0.14073241 0.59471625	1396814.0 0.43248492 0.69356906 0.6384966 0.14073384 0.59471554	0.9999999999957906
70041162_7050	1260.0	20	22	1417505.6 0.6834449 0.62917775 0.1386781 0.5860351 0.46266413	1417505.2 0.6834451 0.6291765 0.13867956 0.58603454 0.46266425	0.9999999999963297
70041162_7050	1260.0	21	23	1245222.0 0.7162281 0.15786502 0.6671164 0.52667636 0.43211412	1245222.0 0.7162265 0.15786663 0.66711557 0.52667636 0.43211493	0.9999999999988091
70041162_10000	1251.0	22	24	966962.8 0.2032953 0.8590889 0.6782339 0.55646193 0.2029199	966964.0 0.20329505 0.8590878 0.6782352 0.5564623 0.20291965	0.9999999999957577
70041162_10000	1251.0	23	25	1094700.0 0.75884444 0.5990929 0.4915301 0.1792418 0.47129077	1094700.8 0.7588439 0.59909433 0.4915307 0.17924167 0.47128952	0.9999999999885970
70041162_10000	1251.0	24	26	1057902.0 0.6199317 0.5086275 0.18547654 0.4876841 0.69828016	1057903.2 0.6199329 0.5086278 0.18547632 0.48768258 0.6982803	0.9999999999888313
70041162_4800	1143.0	23	27	1057998.8 0.5085809 0.18545863 0.48763856 0.6982182 0.6201038	1057998.8 0.5085819 0.18545957 0.48763856 0.6982173 0.6201028	0.9999999999957612
70041162_4800	1143.0	24	28	1096156.0 0.1790028 0.47066385 0.6739132 0.5985179 0.57790226	1096155.2 0.17900383 0.47066417 0.67391276 0.5985174 0.5779017	0.9999999999994619
70041162_6500	1175.0	27	29	1265126.8 0.4078026 0.5839043 0.51857966 0.50071824 0.48899528	1265125.6 0.4078022 0.58390486 0.5185793 0.50071704 0.4889965	0.9999999999030809
70041162_4800	1143.0	26	30	1137460.4 0.64944154 0.5767841 0.556917 0.54388005 0.17297745	1137459.6 0.64944106 0.57678354 0.5569165 0.5438804 0.17297845	0.9999999999984934
70041162_4800	1143.0	27	31	1069330.4 0.61353254 0.5923997 0.57853216 0.18399833 0.5315373	1069329.6 0.61353207 0.5923992 0.5785326 0.18399939 0.53153676	0.9999999999972253
70041162_4800	1143.0	28	32	1044211.2 0.6066503 0.5924491 0.18842453 0.5443238 0.5681523	1044211.2 0.60664934 0.5924491 0.18842548 0.54432285 0.56815326	0.9999999999898294
70041162_4800	1143.0	29	33	1056920.4 0.58532506 0.18615878 0.53777844 0.5613204 0.6294173	1056921.2 0.5853246 0.18615957 0.53777707 0.5613209 0.6294178	0.9999999999894952
70041162_7050	1260.0	39	41	1322254.8 0.56876254 0.14844795 0.5739204 0.59820694 0.6106622	1322253.6 0.5687623 0.14844882 0.5739194 0.5982075 0.610662	0.9999999999958850
70041162_7050	1260.0	40	42	1275647.2 0.15387169 0.5948894 0.62006325 0.63297355 0.498202	1275646.0 0.15387262 0.5948884 0.6200639 0.63297343 0.4982017	0.9999999999953512
70041162_20000	1225.0	77	77	1557569.6 0.3130653 0.54391664 0.80144924 0.7156187 0.12595007	1557571.2 0.31306496 0.5439167 0.8014465 0.7156206 0.12595122	0.9999999999835801
70041162_7050	1260.0	75	78	1809060.0 0.46830344 0.69003296 0.6161377 0.10844196 0.617084	1809059.6 0.46830353 0.69003254 0.6161378 0.10844198 0.61708415	0.9999999999995549
70041162_7050	1260.0	76	79	1972270.0 0.6329311 0.5651508 0.09946813 0.5660189 0.6364311	1972269.2 0.6329308 0.56515104 0.099468164 0.56601906 0.63643086	0.9999999999994699
70041162_7050	1260.0	77	80	1780834.8 0.6259031 0.1101607 0.62686443 0.70484585 0.43222594	1780834.8 0.6259031 0.1101607 0.62686443 0.7048453 0.4322265	0.9999999999988525
