ID	BITRATE	START_IDX	CAPTURE_START_IDX	KEY	CAPTURE_KEY	CORRELATION
70052701_6500	1443.0	56	50	898955.6 0.6164865 0.51271164 0.3561188 0.38299555 0.63168746	898956.0 0.61648846 0.5127103 0.3561164 0.3829954 0.6316894	0.9999999999649348
70052701_6500	1443.0	57	51	851592.8 0.541227 0.37592497 0.40429652 0.6668199 0.5117317	851592.0 0.5412263 0.37592298 0.4042969 0.66682285 0.51173097	0.9999999999486026
70052701_6500	1443.0	58	52	898654.0 0.35623834 0.38312408 0.6318995 0.48493302 0.6438051	898653.2 0.35623643 0.38312444 0.6319023 0.48493233 0.64380455	0.9999999999425356
70052701_6500	1443.0	59	53	1013571.2 0.33968607 0.56025565 0.42995203 0.5708114 0.59929484	1013572.0 0.3396858 0.5602572 0.4299507 0.57080996 0.59929633	0.9999999999292770
70052701_6500	1443.0	60	54	988801.6 0.5742901 0.44072238 0.5851103 0.6143072 0.2855699	988802.8 0.57429147 0.44072083 0.5851086 0.61430854 0.2855706	0.9999999999392287
70052701_4800	1069.0	54	57	825753.2 0.735606 0.3419557 0.23745231 0.60130924 0.5836768	825755.2 0.7356054 0.34195727 0.23745416 0.60130894 0.5836742	0.9999999999827280
70052701_6500	1443.0	89	82	4918234.5 0.492372 0.15861057 0.03991432 0.86741066 0.9416924	4918222.0 0.49237326 0.15861057 0.039915033 0.8674126 0.9416885	0.9999999999858081
70052701_5500	1347.0	90	93	614957.2 0.845132 0.31899944 0.41468254 0.72187304 0.19931306	614959.2 0.8451325 0.31900164 0.41468117 0.72187227 0.19931242	0.9999999999867825
70052701_5500	1347.0	91	94	542656.4 0.36150134 0.46993273 0.81805176 0.22586854 0.62464577	542658.0 0.36150393 0.46993133 0.81805116 0.22586785 0.6246457	0.9999999999786048
70052701_5500	1347.0	92	95	695665.2 0.3665729 0.6381245 0.17618965 0.4872574 0.83185565	695666.0 0.36657247 0.6381252 0.17618944 0.48725826 0.83185464	0.9999999999953363
70052701_5500	1347.0	93	96	850954.8 0.521674 0.14403702 0.39833844 0.6800514 0.75589913	850956.4 0.5216742 0.14403675 0.39833885 0.68005013 0.7559001	0.9999999999941106
70052701_5500	1347.0	94	97	1063020.4 0.115302585 0.31887254 0.5443856 0.60510224 0.9163371	1063021.6 0.11530245 0.3188731 0.54438496 0.6051034 0.916336	0.9999999999961461
70052701_5500	1347.0	95	98	1092490.8 0.31027082 0.5297006 0.58877933 0.89161855 0.17963082	1092491.2 0.3102716 0.52970034 0.58878094 0.89161813 0.1796289	0.9999999999895727
