ID	BITRATE	START_IDX	CAPTURE_START_IDX	KEY	CAPTURE_KEY	CORRELATION
70052701_10000	2266.0	0	0	909231.0 0.21569987 0.78430015	909230.0 0.2156979 0.7843021	1.0000000000000000
80183328_3500	934.0	60	3	373036.0 0.5266569 0.47334304	373045.0 0.52601427 0.4739857	1.0000000000000000
70052701_4800	1069.0	86	4	372783.0 0.4740479 0.5259521	372759.0 0.47434938 0.5256506	1.0000000000000000
81074663_1200	443.0	1	5	312129.0 0.63702506 0.3629749	312141.0 0.62773234 0.37226766	1.0000000000000000
70052701_7050	1562.0	5	7	1561097.0 0.55292207 0.44707793	1561094.0 0.55292183 0.44707814	1.0000000000000000
70052701_6500	1443.0	11	11	1052363.0 0.18621807 0.8137819	1052365.0 0.1862196 0.81378037	1.0000000000000000
70052701_4800	1069.0	10	13	1490756.0 0.38796958 0.6120304	1490757.0 0.38797 0.61202997	0.9999999999999999
70052701_6500	1443.0	23	21	434345.0 0.5213989 0.4786011	434343.0 0.52139896 0.478601	1.0000000000000000
70052701_6500	1443.0	24	22	924563.0 0.2248392 0.7751608	924563.0 0.22483811 0.77516186	1.0000000000000000
70052701_6500	1443.0	25	23	858896.0 0.8344258 0.16557418	858896.0 0.834427 0.16557302	1.0000000000000000
70052701_5500	1347.0	27	28	599732.0 0.32692268 0.6730773	599733.0 0.32692215 0.6730779	1.0000000000000000
70052701_6500	1443.0	32	29	1318310.0 0.30620113 0.6937989	1318310.0 0.30620036 0.6937996	0.9999999999999999
70052701_7050	1562.0	29	32	906126.0 0.7835257 0.21647431	906125.0 0.7835277 0.21647234	1.0000000000000000
80163052_20000	418.0	10	33	356020.0 0.5598337 0.4401663	356006.0 0.5509767 0.44902334	1.0000000000000000
1151721_3500	918.0	0	35	447597.0 0.5619117 0.43808827	447607.0 0.56197065 0.43802935	1.0000000000000000
80198592_3500	804.0	79	36	861682.0 0.23114908 0.7688509	861666.0 0.22754176 0.77245826	1.0000000000000000
70052701_5500	1347.0	38	40	1348751.0 0.5348645 0.4651355	1348751.0 0.5348645 0.4651355	1.0000000000000000
70052701_5500	1347.0	39	41	1000817.0 0.6268399 0.37316012	1000816.0 0.6268405 0.3731595	1.0000000000000000
70052701_6500	1443.0	45	42	933137.0 0.40022525 0.5997747	933137.0 0.40022418 0.5997758	1.0000000000000000
70052701_6500	1443.0	46	43	860042.0 0.6507496 0.34925038	860042.0 0.65075076 0.3492492	1.0000000000000000
70052701_5500	1347.0	42	44	619972.0 0.4844864 0.5155136	619975.0 0.48448566 0.5155143	1.0000000000000000
70052701_5500	1347.0	50	54	861332.0 0.46489275 0.53510725	861336.0 0.4648941 0.53510594	1.0000000000000000
70052701_6500	1443.0	57	55	781040.0 0.59011704 0.40988296	781040.0 0.5901183 0.4098817	1.0000000000000000
70052701_6500	1443.0	58	56	664431.0 0.4818183 0.51818174	664429.0 0.48181823 0.5181818	1.0000000000000000
70052701_7050	1562.0	52	57	912156.0 0.3774519 0.6225481	912157.0 0.37745148 0.6225485	1.0000000000000000
70052701_6500	1443.0	60	58	1003646.0 0.56579614 0.4342039	1003649.0 0.5657974 0.43420258	1.0000000000000000
70052701_5500	1347.0	55	59	754970.0 0.57722557 0.4227744	754969.0 0.577225 0.42277497	1.0000000000000000
80198592_3500	804.0	49	60	926618.0 0.34786072 0.6521393	926611.0 0.3444617 0.6555383	1.0000000000000000
70104894_20000	1065.0	69	61	803528.0 0.75258607 0.2474139	803507.0 0.75597227 0.24402775	1.0000000000000000
80121387_15000	2532.0	0	62	478425.0 0.4152793 0.5847207	478450.0 0.40981922 0.5901808	1.0000000000000000
80122759_20000	2410.0	7	64	437689.0 0.5543548 0.44564518	437713.0 0.5516994 0.4483006	1.0000000000000000
80038359_15000	1157.0	78	68	1165938.0 0.36466777 0.6353322	1165922.0 0.36954874 0.63045126	1.0000000000000000
70052701_7050	1562.0	63	69	906881.0 0.8105363 0.18946366	906880.0 0.81053394 0.18946607	1.0000000000000000
70251894_3500	888.0	72	73	1036398.0 0.8082793 0.19172075	1036407.0 0.8110076 0.18899235	1.0000000000000000
81076251_15000	1932.0	1	74	561193.0 0.35360563 0.6463944	561178.0 0.349039 0.65096104	1.0000000000000000
70052701_5500	1347.0	69	75	1198069.0 0.30491233 0.6950877	1198070.0 0.30491123 0.69508874	1.0000000000000000
70052701_6500	1443.0	76	76	1229602.0 0.677263 0.32273695	1229604.0 0.6772628 0.32273725	1.0000000000000000
70052701_6500	1443.0	77	77	572569.0 0.6930833 0.3069167	572567.0 0.69308746 0.30691254	0.9999999999999999
70052701_7050	1562.0	70	78	969264.0 0.18130045 0.81869954	969264.0 0.18130045 0.81869954	1.0000000000000000
70052701_4200	861.0	72	79	1153008.0 0.688232 0.311768	1153005.0 0.6882329 0.31176707	1.0000000000000000
80096067_5500	1125.0	14	80	753474.0 0.48372737 0.5162726	753489.0 0.47707266 0.52292734	1.0000000000000000
70052701_4200	861.0	74	82	1155164.0 0.39612818 0.6038718	1155167.0 0.39612973 0.6038703	1.0000000000000000
70052701_4200	861.0	75	83	1635203.0 0.42659596 0.573404	1635204.0 0.42659572 0.5734043	1.0000000000000000
80135164_10000	2403.0	10	84	1133805.0 0.8272128 0.1727872	1133815.0 0.82697177 0.17302823	1.0000000000000000
70052701_4200	861.0	85	92	3864575.0 0.47066185 0.5293382	3864579.0 0.47066215 0.5293379	1.0000000000000000
70052701_4200	861.0	86	93	2241646.0 0.91257364 0.08742638	2241646.0 0.91257405 0.08742594	1.0000000000000000
80168188_20000	4621.0	14	94	392306.0 0.49996942 0.5000306	392289.0 0.49957556 0.50042444	1.0000000000000000
70123920_1200	388.0	35	96	330507.0 0.40583408 0.5941659	330509.0 0.40645188 0.5935481	1.0000000000000000
70052701_6500	1443.0	98	99	790083.0 0.77633107 0.2236689	790081.0 0.77633303 0.22366694	1.0000000000000000
70052701_7050	1562.0	94	103	782886.0 0.5670302 0.4329698	782889.0 0.56703055 0.43296942	1.0000000000000000
70052701_7050	1562.0	95	104	461534.0 0.7344334 0.26556656	461537.0 0.73443085 0.26556918	1.0000000000000000
