ID	BITRATE	START_IDX	CAPTURE_START_IDX	KEY	CAPTURE_KEY	CORRELATION
70052701_4200	861.0	92	0	372947.0 0.47383678 0.5261632	372971.0 0.4740878 0.5259122	1.0000000000000000
80081155_20000	4026.0	2	1	328767.0 0.59752345 0.40247652	328742.0 0.59666854 0.4033315	1.0000000000000000
81080637_5500	1871.0	2	3	392190.0 0.50664985 0.49335015	392189.0 0.5000574 0.49994263	1.0000000000000000
80206300_1200	378.0	22	4	316967.0 0.620705 0.379295	316967.0 0.61858803 0.38141194	1.0000000000000000
70052701_6500	1443.0	9	9	2157805.0 0.90910673 0.09089329	2157804.0 0.90910715 0.09089287	0.9999999999999999
70052701_6500	1443.0	11	11	1052363.0 0.18621807 0.8137819	1052364.0 0.18621978 0.8137802	1.0000000000000000
70097579_4200	1471.0	56	12	2418293.0 0.35644233 0.64355767	2418286.0 0.35413224 0.64586776	1.0000000000000000
70052701_10000	2266.0	18	16	1235627.0 0.7579763 0.24202369	1235629.0 0.7579767 0.24202329	1.0000000000000000
70052701_7050	1562.0	18	19	963212.0 0.52583957 0.4741604	963212.0 0.52583957 0.4741604	1.0000000000000000
70052701_7050	1562.0	19	20	950174.0 0.4806667 0.5193333	950173.0 0.4806672 0.51933277	1.0000000000000000
70052701_6500	1443.0	26	23	302065.0 0.47079602 0.52920395	302066.0 0.47079116 0.52920884	1.0000000000000000
70052701_6500	1443.0	27	24	355917.0 0.4491328 0.5508672	355922.0 0.4491321 0.5508679	1.0000000000000000
70052701_6500	1443.0	36	32	816826.0 0.7598595 0.2401405	816823.0 0.75985986 0.24014015	1.0000000000000000
70052701_6500	1443.0	37	33	624732.0 0.31397945 0.68602055	624734.0 0.31397682 0.6860232	1.0000000000000000
70052701_7050	1562.0	32	34	1094181.0 0.3916884 0.6083116	1094184.0 0.39169097 0.60830903	1.0000000000000000
70052701_7050	1562.0	36	37	1820524.0 0.60372454 0.39627546	1820520.0 0.6037248 0.39627525	1.0000000000000000
70052701_7050	1562.0	37	38	1566966.0 0.46039864 0.5396014	1566964.0 0.46039793 0.53960204	1.0000000000000000
70052701_6500	1443.0	45	40	933137.0 0.40022525 0.5997747	933136.0 0.4002257 0.5997743	1.0000000000000000
70052701_6500	1443.0	46	41	860042.0 0.6507496 0.34925038	860039.0 0.6507507 0.34924927	1.0000000000000000
70052701_7050	1562.0	41	42	891258.0 0.337018 0.662982	891255.0 0.3370169 0.6629831	1.0000000000000000
70052701_7050	1562.0	42	43	1164161.0 0.50756556 0.49243447	1164158.0 0.507566 0.49243402	1.0000000000000000
70112732_3500	812.0	21	47	567897.0 0.6546275 0.3453725	567882.0 0.65471876 0.34528124	1.0000000000000000
70052701_7050	1562.0	47	49	703089.0 0.5737567 0.42624334	703088.0 0.57375747 0.42624253	1.0000000000000000
70052701_7050	1562.0	50	51	1015098.0 0.5459532 0.45404682	1015100.0 0.5459502 0.45404986	1.0000000000000000
70052701_6500	1443.0	57	52	781040.0 0.59011704 0.40988296	781040.0 0.5901183 0.4098817	1.0000000000000000
70052701_6500	1443.0	58	53	664431.0 0.4818183 0.51818174	664430.0 0.48181748 0.5181825	1.0000000000000000
70052701_7050	1562.0	52	54	912156.0 0.3774519 0.6225481	912157.0 0.37745255 0.62254745	1.0000000000000000
70052701_6500	1443.0	60	55	1003646.0 0.56579614 0.4342039	1003645.0 0.56579864 0.43420133	1.0000000000000000
70052701_6500	1443.0	61	56	1014345.0 0.42962405 0.570376	1014344.0 0.42962152 0.5703785	1.0000000000000000
70052701_6500	1443.0	62	57	1185986.0 0.4878287 0.5121713	1185990.0 0.48782873 0.51217127	1.0000000000000000
70052701_5500	1347.0	57	58	1103965.0 0.5502258 0.44977424	1103965.0 0.5502258 0.44977424	1.0000000000000000
70052701_5500	1347.0	60	62	887037.0 0.54335165 0.45664838	887035.0 0.5433506 0.4566494	1.0000000000000000
80038359_15000	1157.0	78	64	1165938.0 0.36466777 0.6353322	1165924.0 0.3695481 0.6304519	1.0000000000000000
70052701_7050	1562.0	63	65	906881.0 0.8105363 0.18946366	906882.0 0.81053436 0.18946566	1.0000000000000000
70052701_4800	1069.0	65	69	862958.0 0.57668394 0.4233161	862959.0 0.57668096 0.42331907	1.0000000000000000
70052701_5500	1347.0	69	70	1198069.0 0.30491233 0.6950877	1198072.0 0.3049124 0.6950876	1.0000000000000000
70052701_6500	1443.0	76	71	1229602.0 0.677263 0.32273695	1229602.0 0.67726386 0.32273614	1.0000000000000000
70052701_4200	861.0	72	74	1153008.0 0.688232 0.311768	1153008.0 0.688232 0.311768	1.0000000000000000
70052701_7050	1562.0	79	79	1841585.0 0.8934755 0.10652454	1841592.0 0.8934726 0.106527396	1.0000000000000000
80206300_1200	378.0	21	80	392387.0 0.4985996 0.5014004	392411.0 0.49993503 0.50006497	1.0000000000000000
70052701_15000	2830.0	81	82	6243707.0 0.78716314 0.21283686	6243711.0 0.7871628 0.2128372	1.0000000000000000
70052701_15000	2830.0	82	83	3750463.0 0.35432717 0.6456728	3750466.0 0.3543277 0.6456723	1.0000000000000000
70052701_7050	1562.0	84	86	9675667.0 0.5213317 0.4786683	9675665.0 0.5213317 0.4786683	1.0000000000000000
70052701_6500	1443.0	94	88	1553330.0 0.87383235 0.12616765	1553325.0 0.87383324 0.12616678	1.0000000000000000
70019012_5500	1473.0	32	89	553570.0 0.3536373 0.6463627	553578.0 0.35402057 0.6459794	0.9999999999999999
80144140_5500	566.0	71	90	553752.0 0.63973224 0.3602678	553775.0 0.6457496 0.35425037	1.0000000000000000
70296965_4800	1543.0	27	91	809517.0 0.2430301 0.75696987	809540.0 0.24232897 0.757671	1.0000000000000000
80183328_3500	934.0	60	93	373036.0 0.5266569 0.47334304	373029.0 0.52626204 0.47373796	1.0000000000000000
80163052_7050	418.0	18	96	535202.0 0.3712617 0.6287383	535213.0 0.36666524 0.63333476	1.0000000000000000
