ID	BITRATE	START_IDX	CAPTURE_START_IDX	KEY	CAPTURE_KEY	CORRELATION
70052701_10000	2266.0	0	0	909231.0 0.21569987 0.78430015	909231.0 0.21569987 0.78430015	1.0000000000000000
70052701_10000	2266.0	1	1	909338.0 0.7842079 0.21579215	909338.0 0.7842079 0.21579215	1.0000000000000000
80991158_7050	1433.0	64	2	822545.0 0.24107617 0.7589238	822557.0 0.23855855 0.76144147	1.0000000000000000
80217312_10000	3133.0	11	3	822288.0 0.7612406 0.23875941	822270.0 0.76170725 0.23829277	1.0000000000000000
80986885_7050	2123.0	1	4	316472.0 0.6275563 0.3724437	316495.0 0.6190967 0.38090333	1.0000000000000000
80023001_3500	1030.0	13	5	297394.0 0.39594275 0.60405725	297374.0 0.40539524 0.5946048	1.0000000000000000
70052701_7050	1562.0	5	7	1561097.0 0.55292207 0.44707793	1561096.0 0.5529224 0.44707757	1.0000000000000000
70052701_7050	1562.0	12	12	1108365.0 0.17681721 0.8231828	1108366.0 0.17681614 0.82318383	1.0000000000000000
80093138_6500	2133.0	56	13	2345150.0 0.39464897 0.60535103	2345170.0 0.38905028 0.61094975	1.0000000000000000
70052701_6500	1443.0	24	19	924563.0 0.2248392 0.7751608	924563.0 0.22483811 0.77516186	1.0000000000000000
70052701_5500	1347.0	21	20	876541.0 0.81762975 0.18237025	876542.0 0.8176288 0.18237118	1.0000000000000000
70052701_7050	1562.0	22	21	1533025.0 0.10427423 0.8957258	1533027.0 0.10427474 0.89572525	1.0000000000000000
70052701_7050	1562.0	23	22	1515381.0 0.90615493 0.09384505	1515379.0 0.90615684 0.09384319	1.0000000000000000
70052701_5500	1347.0	26	24	1362248.0 0.8560717 0.14392827	1362249.0 0.8560718 0.14392817	1.0000000000000000
70052701_6500	1443.0	33	27	2049546.0 0.44626567 0.55373436	2049547.0 0.4462664 0.5537336	1.0000000000000000
70052701_7050	1562.0	28	28	1844875.0 0.6151647 0.38483527	1844877.0 0.6151646 0.38483542	1.0000000000000000
896970_7050	1977.0	7	31	816842.0 0.2432233 0.7567767	816823.0 0.24014015 0.75985986	1.0000000000000000
70052701_7050	1562.0	31	32	1049249.0 0.5915383 0.40846166	1049252.0 0.59153664 0.40846336	1.0000000000000000
70052701_7050	1562.0	32	33	1094181.0 0.3916884 0.6083116	1094183.0 0.39169043 0.60830957	1.0000000000000000
70052701_6500	1443.0	40	34	925856.0 0.7189023 0.2810977	925860.0 0.71890134 0.28109866	1.0000000000000000
70052701_7050	1562.0	35	35	1359355.0 0.19145845 0.80854154	1359352.0 0.1914574 0.8085426	1.0000000000000000
70052701_7050	1562.0	36	36	1820524.0 0.60372454 0.39627546	1820523.0 0.6037243 0.3962757	1.0000000000000000
70052701_6500	1443.0	44	37	1094895.0 0.65890336 0.34109664	1094894.0 0.65890306 0.34109694	1.0000000000000000
70052701_6500	1443.0	45	38	933137.0 0.40022525 0.5997747	933138.0 0.40022483 0.5997752	1.0000000000000000
70052701_7050	1562.0	45	44	1096138.0 0.5820152 0.41798478	1096139.0 0.5820165 0.41798347	1.0000000000000000
80171659_7050	2406.0	2	46	495749.0 0.397082 0.602918	495753.0 0.39548928 0.6045107	1.0000000000000000
70052701_5500	1347.0	48	47	703086.0 0.42624658 0.5737534	703091.0 0.42624354 0.57375646	1.0000000000000000
70052701_7050	1562.0	49	49	926002.0 0.40151748 0.5984825	926001.0 0.40151685 0.59848315	1.0000000000000000
70052701_7050	1562.0	50	50	1015098.0 0.5459532 0.45404682	1015100.0 0.54595214 0.4540479	1.0000000000000000
70052701_6500	1443.0	57	51	781040.0 0.59011704 0.40988296	781037.0 0.590118 0.40988198	1.0000000000000000
70052701_6500	1443.0	58	52	664431.0 0.4818183 0.51818174	664429.0 0.4818167 0.5181833	1.0000000000000000
70052701_7050	1562.0	52	53	912156.0 0.3774519 0.6225481	912157.0 0.37745255 0.62254745	1.0000000000000000
70052701_6500	1443.0	60	54	1003646.0 0.56579614 0.4342039	1003647.0 0.5657975 0.43420246	1.0000000000000000
70052701_6500	1443.0	61	55	1014345.0 0.42962405 0.570376	1014343.0 0.4296239 0.5703761	1.0000000000000000
70052701_6500	1443.0	62	56	1185986.0 0.4878287 0.5121713	1185987.0 0.48782745 0.5121726	1.0000000000000000
70052701_6500	1443.0	63	57	889800.0 0.68265676 0.31734324	889803.0 0.6826567 0.31734326	1.0000000000000000
70052701_4800	1069.0	55	58	478448.0 0.5901812 0.40981883	478452.0 0.5901804 0.40981957	1.0000000000000000
81056132_7050	504.0	50	59	692619.0 0.28740188 0.71259815	692613.0 0.28310037 0.71689963	1.0000000000000000
70052701_6500	1443.0	65	60	978507.0 0.50744146 0.49255857	978506.0 0.5074409 0.49255908	0.9999999999999999
70052701_7050	1562.0	68	67	1330419.0 0.3740581 0.62594193	1330416.0 0.37405893 0.62594104	1.0000000000000000
70052701_7050	1562.0	69	68	1008493.0 0.8257519 0.17424811	1008492.0 0.82574975 0.17425026	1.0000000000000000
70052701_7050	1562.0	70	69	969264.0 0.18130045 0.81869954	969265.0 0.18130232 0.8186977	1.0000000000000000
70052701_4200	861.0	72	70	1153008.0 0.688232 0.311768	1153005.0 0.68823206 0.31176794	1.0000000000000000
80986885_20000	2363.0	14	73	1278423.0 0.84466255 0.15533747	1278445.0 0.8467889 0.15321113	1.0000000000000000
70052701_15000	2830.0	77	74	2608327.0 0.0750945 0.9249055	2608328.0 0.07509485 0.9249051	1.0000000000000000
70052701_7050	1562.0	79	77	1841585.0 0.8934755 0.10652454	1841594.0 0.89347166 0.106528364	1.0000000000000000
80097391_4200	492.0	3	78	392377.0 0.50002164 0.49997833	392356.0 0.5000102 0.4999898	1.0000000000000000
70052701_7050	1562.0	80	79	5110990.0 0.03838278 0.96161723	5110989.0 0.038382787 0.96161723	1.0000000000000000
70052701_15000	2830.0	81	80	6243707.0 0.78716314 0.21283686	6243707.0 0.78716296 0.21283703	1.0000000000000000
70052701_6500	1443.0	89	82	3201685.0 0.75635207 0.24364795	3201683.0 0.75635254 0.24364749	1.0000000000000000
70052701_6500	1443.0	90	83	976392.0 0.7989455 0.2010545	976393.0 0.7989426 0.20105736	1.0000000000000000
70052701_6500	1443.0	91	84	4462437.0 0.043991208 0.9560088	4462439.0 0.04399186 0.95600814	1.0000000000000000
70052701_7050	1562.0	87	88	1714949.0 0.79148185 0.20851815	1714949.0 0.79148126 0.20851874	1.0000000000000000
80031611_6500	1915.0	24	90	609651.0 0.7108428 0.28915724	609666.0 0.7101413 0.2898587	1.0000000000000000
70052701_7050	1562.0	91	93	715898.0 0.72597355 0.27402645	715895.0 0.72597516 0.2740248	1.0000000000000000
80097391_2000	543.0	3	94	451161.0 0.4348514 0.5651486	451185.0 0.43479505 0.565205	1.0000000000000000
70052701_7050	1562.0	93	95	698932.0 0.36485952 0.6351405	698934.0 0.36485848 0.6351415	1.0000000000000000
70052701_5500	1347.0	93	96	566490.0 0.7836343 0.2163657	566491.0 0.78363466 0.21636531	1.0000000000000000
70052701_5500	1347.0	94	97	461537.0 0.265567 0.734433	461538.0 0.26556644 0.7344336	1.0000000000000000
70052701_5500	1347.0	95	98	917661.0 0.3693826 0.6306174	917662.0 0.36938328 0.6306167	1.0000000000000000
70052701_7050	1562.0	97	99	1221932.0 0.47358936 0.52641064	1221931.0 0.47358894 0.52641106	0.9999999999999999
70052701_7050	1562.0	98	100	1617323.0 0.3977177 0.6022823	1617323.0 0.3977177 0.6022823	1.0000000000000000
70052701_7050	1562.0	99	101	1170329.0 0.83231723 0.16768277	1170328.0 0.83231795 0.16768205	1.0000000000000000
