ID	BITRATE	START_IDX	CAPTURE_START_IDX	KEY	CAPTURE_KEY	CORRELATION
70052701_10000	2266.0	28	31	4492305.0 0.94101536 1.599155	4492311.0 0.9410145 1.5991468	0.9999999999500250
70052701_10000	2266.0	29	32	4193526.5 1.7598451 1.3175429	4193527.5 1.7598385 1.3175495	0.9999999999500249
70052701_10000	2266.0	30	33	3257912.0 1.9589077 1.2373762	3257919.0 1.9589121 1.237374	0.9999999999517419
70052701_10000	2266.0	31	34	3351288.0 1.6415981 0.8767298	3351287.8 1.6415982 0.87673074	0.9999999999984343
70052701_10000	2266.0	32	35	3150119.0 1.1228967 1.3200768	3150119.5 1.1228974 1.320076	0.9999999999986402
70052701_10000	2266.0	33	36	2780668.8 1.8907405 1.4483814	2780670.5 1.890739 1.4483808	0.9999999999987363
70052701_10000	2266.0	34	37	2511292.2 2.0284765 0.91951704	2511292.5 2.0284765 0.91951853	0.9999999999979754
70052701_10000	2266.0	35	38	2307499.5 1.514597 1.1166173	2307499.2 1.5145981 1.1166166	0.9999999999948728
70052701_10000	2266.0	36	39	2008989.2 1.6675799 1.3603786	2008988.0 1.6675794 1.360379	0.9999999999970360
70052701_10000	2266.0	37	40	2146503.5 1.5339626 0.922852	2146503.2 1.5339637 0.9228516	0.9999999999955735
70052701_10000	2266.0	38	41	2300098.8 1.1208258 1.1866786	2300099.2 1.1208252 1.1866779	0.9999999999947969
