ID	BITRATE	START_IDX	CAPTURE_START_IDX	KEY	CAPTURE_KEY	CORRELATION
80121387_1200	510.0	44	0	288768.0 0.6423877 0.35761234	288757.0 0.6338894 0.3661106	1.0000000000000000
70213513_800	424.0	9	6	406971.0 0.4753066 0.5246934	406971.0 0.47846162 0.5215384	1.0000000000000000
80081770_4200	1281.0	4	8	464081.0 0.42248014 0.5775199	464072.0 0.41926467 0.5807353	1.0000000000000000
70052701_1200	448.0	6	13	894294.0 0.6955733 0.30442673	894295.0 0.6955747 0.30442527	1.0000000000000000
70052701_1200	448.0	7	14	391966.0 0.6945679 0.3054321	391965.0 0.69456714 0.3054329	1.0000000000000000
70052701_1200	448.0	8	15	292667.0 0.40906218 0.59093785	292667.0 0.40906218 0.59093785	1.0000000000000000
80163052_4800	426.0	46	16	369089.0 0.4618859 0.53811413	369075.0 0.4685985 0.53140146	1.0000000000000000
60020801_2000	486.0	16	17	321070.0 0.6130781 0.38692185	321082.0 0.6108315 0.3891685	1.0000000000000000
80191608_4200	1216.0	63	24	317568.0 0.6260077 0.37399235	317580.0 0.61707604 0.382924	1.0000000000000000
80191608_1200	482.0	23	28	260600.0 0.44336146 0.55663854	260575.0 0.44964406 0.550356	1.0000000000000000
80183328_3500	934.0	13	33	386260.0 0.49072644 0.5092735	386278.0 0.49292478 0.5070752	1.0000000000000000
80093106_1200	383.0	58	43	536388.0 0.30175358 0.6982464	536405.0 0.30178502 0.69821495	1.0000000000000000
