ID	BITRATE	START_IDX	CAPTURE_START_IDX	KEY	CAPTURE_KEY	CORRELATION
80239639_4800	1329.0	7	1	328127.0 0.60577154 0.39422846	328119.0 0.6068987 0.39310127	1.0000000000000000
80097391_600	403.0	5	2	332755.0 0.37831438 0.6216856	332747.0 0.38763386 0.61236614	1.0000000000000000
1151721_1200	380.0	1	4	299202.0 0.65726835 0.34273165	299191.0 0.6646323 0.3353677	1.0000000000000000
80031611_15000	2325.0	61	8	1653058.0 0.63399833 0.36600167	1653060.0 0.63097167 0.36902836	1.0000000000000000
70084788_7050	951.0	12	9	808787.0 0.7542493 0.24575074	808786.0 0.754249 0.24575104	1.0000000000000000
70084788_6500	987.0	13	13	1220058.0 0.5397399 0.4602601	1220058.0 0.5397399 0.4602601	1.0000000000000000
70084788_6500	987.0	14	14	1225603.0 0.45817772 0.54182225	1225602.0 0.4581781 0.5418219	1.0000000000000000
70084788_6500	987.0	15	15	863204.0 0.7692956 0.23070444	863204.0 0.7692944 0.2307056	1.0000000000000000
70084788_7050	951.0	17	16	1026969.0 0.19391628 0.80608374	1026968.0 0.19391645 0.80608356	1.0000000000000000
70084788_7050	951.0	18	17	1026238.0 0.8066579 0.19334209	1026237.0 0.80665773 0.19334228	1.0000000000000000
70084788_6500	987.0	18	18	1023373.0 0.1938814 0.8061186	1023376.0 0.1938828 0.8061172	1.0000000000000000
70084788_4800	892.0	24	19	1023475.0 0.80603826 0.19396175	1023477.0 0.80603766 0.19396235	1.0000000000000000
80029196_15000	1393.0	28	20	517239.0 0.38531125 0.61468875	517250.0 0.3837912 0.6162088	1.0000000000000000
70084788_7050	951.0	25	23	1008647.0 0.5333868 0.4666132	1008648.0 0.5333863 0.4666137	1.0000000000000000
70084788_7050	951.0	26	24	931851.0 0.5050679 0.49493212	931853.0 0.5050679 0.49493214	1.0000000000000000
70084788_7050	951.0	27	25	883553.0 0.5219868 0.47801322	883555.0 0.5219867 0.47801325	1.0000000000000000
70251894_7050	938.0	38	26	621982.0 0.6806258 0.3193742	621985.0 0.6790373 0.32096273	1.0000000000000000
70084788_7050	951.0	29	27	652448.0 0.30597687 0.69402313	652447.0 0.30597734 0.69402266	1.0000000000000000
70084788_5500	930.0	29	28	1062280.0 0.4262671 0.5737329	1062278.0 0.426266 0.573734	1.0000000000000000
70084788_5500	930.0	30	29	808000.0 0.7542884 0.24571164	808001.0 0.7542874 0.24571256	1.0000000000000000
70084788_7050	951.0	38	35	799574.0 0.5739519 0.42604813	799576.0 0.573953 0.42604706	1.0000000000000000
70084788_7050	951.0	39	36	623268.0 0.54656583 0.45343417	623266.0 0.5465676 0.4534324	1.0000000000000000
70084788_5500	930.0	38	37	567547.0 0.49795347 0.5020465	567545.0 0.49794993 0.50205004	1.0000000000000000
70084788_4800	892.0	43	38	564521.0 0.5047359 0.4952641	564523.0 0.5047376 0.49526238	1.0000000000000000
70084788_6500	987.0	40	39	574019.0 0.48706925 0.51293075	574018.0 0.48707008 0.5129299	1.0000000000000000
70084788_6500	987.0	42	42	594318.0 0.49859 0.50141	594313.0 0.4985925 0.5014075	1.0000000000000000
70084788_7050	951.0	48	43	604246.0 0.4931733 0.5068267	604242.0 0.4931683 0.5068317	1.0000000000000000
70084788_15000	951.0	60	44	602964.0 0.5079043 0.4920957	602966.0 0.50790423 0.49209574	1.0000000000000000
70084788_15000	951.0	63	47	949914.0 0.6533191 0.34668085	949915.0 0.6533195 0.3466805	1.0000000000000000
70084788_5500	930.0	54	48	810565.0 0.40628082 0.5937192	810566.0 0.4062803 0.5937197	1.0000000000000000
70084788_7050	951.0	54	50	1148658.0 0.47350213 0.5264979	1148659.0 0.47350258 0.5264974	1.0000000000000000
70084788_4800	892.0	57	51	803336.0 0.7528158 0.24718425	803341.0 0.7528136 0.24718644	1.0000000000000000
70084788_7050	951.0	57	53	1179210.0 0.5286107 0.47138932	1179209.0 0.52860856 0.4713914	1.0000000000000000
70084788_6500	987.0	55	54	1094389.0 0.50792634 0.49207366	1094390.0 0.50792587 0.49207413	1.0000000000000000
80134721_7050	2998.0	12	55	737668.0 0.7306539 0.2693461	737672.0 0.73002774 0.2699723	1.0000000000000000
70084788_3500	857.0	56	57	943594.0 0.34897423 0.6510258	943590.0 0.3489768 0.6510232	1.0000000000000000
70084788_7050	951.0	61	58	1250379.0 0.49129185 0.5087082	1250378.0 0.49129063 0.5087094	0.9999999999999999
70084788_6500	987.0	59	59	1007388.0 0.6314141 0.36858588	1007389.0 0.63141346 0.3685865	1.0000000000000000
70123920_15000	1603.0	16	62	1003396.0 0.36978123 0.6302188	1003406.0 0.36136818 0.6386318	1.0000000000000000
70084788_7050	951.0	67	63	1221217.0 0.5247274 0.47527263	1221215.0 0.5247291 0.47527093	1.0000000000000000
70084788_7050	951.0	75	71	1749194.0 0.49897954 0.5010205	1749192.0 0.49897954 0.5010205	1.0000000000000000
