ID	BITRATE	START_IDX	CAPTURE_START_IDX	KEY	CAPTURE_KEY	CORRELATION
70084788_15000	951.0	18	7	1441874.0 0.13810846 0.63850445 0.72338706	1441872.6 0.1381079 0.63850576 0.72338635	0.9999999999944070
70084788_20000	961.0	14	8	1860996.6 0.49470428 0.56046957 0.44482616	1860998.0 0.49470446 0.5604686 0.4448269	0.9999999999987720
70084788_20000	961.0	15	9	1379511.4 0.756088 0.60008204 0.14382991	1379512.0 0.75608695 0.60008323 0.14382985	0.9999999999939639
70084788_20000	961.0	26	19	1309660.6 0.15206 0.6715167 0.6764233	1309640.0 0.15206164 0.6715036 0.67643476	0.9999999991713950
70084788_5500	930.0	18	20	1726848.6 0.5092687 0.51300734 0.477724	1726850.0 0.50926715 0.5130069 0.47772592	0.9999999992757177
70084788_7050	951.0	24	25	960656.7 0.45004424 0.56003255 0.4899232	960658.7 0.45004538 0.56003135 0.4899232	0.9999999999957077
70084788_7050	951.0	25	26	979900.0 0.5490346 0.48030207 0.47066334	979900.7 0.54903424 0.48030275 0.470663	0.9999999999201095
70084788_7050	951.0	26	27	902800.7 0.5213199 0.51085806 0.467822	902802.7 0.52131987 0.5108569 0.46782315	0.9999999996764005
70084788_7050	951.0	27	28	722124.7 0.63867503 0.5848713 0.27645364	722125.3 0.6386745 0.58487356 0.276452	0.9999999999668420
70084788_7050	951.0	28	29	716532.0 0.58943635 0.27861142 0.6319522	716533.3 0.5894381 0.2786095 0.63195246	0.9999999999887373
70084788_7050	951.0	29	30	797645.3 0.25027916 0.5676884 0.68203247	797645.3 0.2502779 0.56768966 0.68203247	0.9999999999922000
70084788_6500	987.0	28	31	1070867.4 0.42284882 0.5080172 0.569134	1070866.0 0.42284936 0.50801873 0.5691319	0.9999999997986933
70084788_20000	961.0	39	32	901348.0 0.60356265 0.6761706 0.22026676	901346.7 0.60356355 0.67617047 0.22026597	0.9999999999970396
70084788_20000	961.0	40	33	892182.7 0.6831168 0.22252953 0.5943536	892180.0 0.68311775 0.22252908 0.59435314	0.9999999999968856
70084788_20000	961.0	41	34	775111.3 0.25614 0.6841237 0.5597364	775109.3 0.25613937 0.68412286 0.5597378	0.9999999999841999
70084788_7050	951.0	34	35	1016187.3 0.5218231 0.4269459 0.551231	1016186.7 0.5218234 0.42694715 0.5512294	0.9999999999417115
70084788_7050	951.0	35	36	1024100.0 0.4236471 0.546972 0.5293809	1024098.7 0.42364863 0.5469707 0.5293806	0.9999999999900120
70084788_7050	951.0	36	37	1040806.7 0.53819215 0.5208835 0.44092435	1040805.3 0.53819096 0.5208832 0.4409259	0.9999999999890905
70084788_5500	930.0	42	44	526687.3 0.5590205 0.37836683 0.5626128	526689.3 0.55902404 0.37836727 0.5626087	0.9999999993506083
70084788_5500	930.0	43	45	528212.0 0.37727466 0.5609888 0.5617366	528212.7 0.37727606 0.56098616 0.5617377	0.9999999998407116
70084788_5500	930.0	44	46	594022.0 0.49883842 0.49950337 0.5016582	594022.0 0.49883676 0.49950507 0.5016582	0.9999993813329344
70084788_5500	930.0	45	47	528479.3 0.56145245 0.5638745 0.37467313	528479.3 0.56145436 0.5638745 0.37467125	0.9999999999605352
70084788_5500	930.0	46	48	534834.0 0.55717474 0.3702214 0.5726038	534833.3 0.55717546 0.37022004 0.5726046	0.9999999999997847
80192815_5500	1657.0	23	49	649938.0 0.3065677 0.47188348 0.7215488	649954.0 0.30464616 0.4711841 0.72416973	0.9999987288346766
70084788_7050	951.0	53	53	1179504.0 0.52615166 0.46111926 0.5127291	1179504.0 0.52615166 0.4611201 0.5127282	0.9999999998673376
70084788_5500	930.0	52	54	985316.7 0.55199814 0.6137773 0.33422452	985315.3 0.5519989 0.6137781 0.33422297	0.9999999999985911
70084788_4800	892.0	65	63	754978.0 0.6319032 0.2633878 0.604709	754975.3 0.6319041 0.26338875 0.6047072	0.9999999999759961
70084788_7050	951.0	65	64	864132.7 0.23011744 0.5283228 0.74155974	864130.7 0.23011798 0.5283217 0.7415603	0.9999999999932718
70084788_7050	951.0	66	65	1118505.4 0.40817058 0.57291275 0.5189166	1118501.4 0.40817025 0.5729139 0.5189158	0.9999999999491932
70084788_20000	961.0	76	66	1033670.7 0.6199334 0.56150377 0.31856278	1033668.7 0.61993265 0.56150293 0.31856436	0.9999999999981635
70084788_7050	951.0	70	69	975324.7 0.46266133 0.4390497 0.59828895	975344.0 0.4626819 0.43903893 0.5982792	0.9999999811683119
