ID	BITRATE	START_IDX	CAPTURE_START_IDX	KEY	CAPTURE_KEY	CORRELATION
70084788_20000	961.0	14	12	1860996.6 0.49470428 0.56046957 0.44482616	1860998.6 0.49470374 0.56046844 0.44482785	0.9999999999516929
70084788_20000	961.0	15	13	1379511.4 0.756088 0.60008204 0.14382991	1379514.0 0.7560858 0.60008377 0.14383036	0.9999999999838497
70084788_20000	961.0	16	14	1297379.4 0.6380709 0.15293522 0.70899385	1297383.4 0.638072 0.15293552 0.7089924	0.9999999999917896
70084788_20000	961.0	23	20	1759921.4 0.46933573 0.5437493 0.48691493	1759918.6 0.4693359 0.5437496 0.48691455	0.9999999999674490
70084788_5500	930.0	16	21	1795544.6 0.53296083 0.47725463 0.48978454	1795541.4 0.53296185 0.4772544 0.48978376	0.9999999998844278
70084788_5500	930.0	17	22	1748165.4 0.4901893 0.5030588 0.50675184	1748161.4 0.4901893 0.50305825 0.50675243	0.9999999979334395
70084788_5500	930.0	18	23	1726848.6 0.5092687 0.51300734 0.477724	1726848.6 0.509267 0.51300675 0.4777263	0.9999999992109815
70084788_5500	930.0	19	24	1353052.6 0.6547314 0.6097006 0.23556808	1353054.6 0.65472966 0.60970265 0.23556772	0.9999999999658599
70084788_7050	951.0	24	28	960656.7 0.45004424 0.56003255 0.4899232	960656.7 0.4500432 0.56003255 0.48992425	0.9999999998476664
70084788_7050	951.0	25	29	979900.0 0.5490346 0.48030207 0.47066334	979902.0 0.54903346 0.48030213 0.4706644	0.9999999999545767
70084788_7050	951.0	26	30	902800.7 0.5213199 0.51085806 0.467822	902804.0 0.52131915 0.5108584 0.46782246	0.9999999998534974
70084788_7050	951.0	27	31	722124.7 0.63867503 0.5848713 0.27645364	722126.7 0.63867605 0.5848724 0.2764515	0.9999999999985736
70084788_7050	951.0	28	32	716532.0 0.58943635 0.27861142 0.6319522	716532.0 0.58943915 0.27861002 0.63195086	0.9999999999341452
70084788_7050	951.0	29	33	797645.3 0.25027916 0.5676884 0.68203247	797643.3 0.25027853 0.5676886 0.68203294	1.0000000000000000
70084788_6500	987.0	28	34	1070867.4 0.42284882 0.5080172 0.569134	1070865.4 0.42284775 0.50801814 0.5691341	0.9999999999463630
70084788_20000	961.0	39	35	901348.0 0.60356265 0.6761706 0.22026676	901348.0 0.6035616 0.67617166 0.22026676	0.9999999999899689
70084788_20000	961.0	40	36	892182.7 0.6831168 0.22252953 0.5943536	892182.7 0.6831179 0.22252953 0.5943525	0.9999999999898274
70084788_20000	961.0	41	37	775111.3 0.25614 0.6841237 0.5597364	775109.3 0.25614065 0.6841242 0.55973524	0.9999999999909925
70084788_20000	961.0	42	38	775125.3 0.6841113 0.5597263 0.25616246	775124.7 0.6841106 0.55972415 0.25616524	0.9999999999810478
70084788_10000	1035.0	36	39	783038.0 0.5540689 0.25357774 0.69235337	783036.0 0.55406904 0.2535771 0.69235384	1.0000000000000000
70041162_4200	1080.0	6	46	516812.0 0.38025433 0.53993714 0.57980853	516792.66 0.385615 0.54100615 0.5733789	0.9996093162659346
70084788_15000	951.0	63	56	995869.3 0.62317115 0.33068293 0.546146	995871.3 0.62317085 0.33068228 0.54614687	0.9999999999891414
70084788_15000	951.0	64	57	985312.7 0.3342259 0.55199736 0.61377674	985316.0 0.33422476 0.55199754 0.6137777	0.9999999999991809
70084788_7050	951.0	54	58	1086602.0 0.5005439 0.55656624 0.44288984	1086603.4 0.50054324 0.5565646 0.44289204	0.9999999999587812
70084788_3500	857.0	56	66	1053116.0 0.31268162 0.5833204 0.60399806	1053116.6 0.3126814 0.58332 0.6039986	0.9999999999960586
70084788_4200	812.0	62	67	1081124.6 0.56820464 0.5883503 0.34344515	1081130.0 0.5682055 0.5883483 0.3434462	0.9999999999496825
70084788_3500	857.0	61	70	754977.3 0.63190246 0.60470957 0.26338804	754978.7 0.63190264 0.6047071 0.2633902	0.9999999999759961
70084788_4200	812.0	65	71	864134.0 0.528322 0.2301194 0.7415586	864134.7 0.52832156 0.23011921 0.74155915	0.9999999999988607
70084788_6500	987.0	64	73	1203160.6 0.5326005 0.4824044 0.4849951	1203162.6 0.53260213 0.4849943 0.4824036	0.9957990198238824
70084788_4800	892.0	69	74	908618.7 0.6422122 0.6387817 0.21900606	908619.3 0.64221287 0.6387824 0.21900481	0.9999999999999992
70084788_4800	892.0	70	75	820430.7 0.7074443 0.24254699 0.55000865	820430.7 0.7074455 0.24254578 0.55000865	0.9999999999995542
70084788_5500	930.0	67	76	718969.3 0.27677676 0.6276276 0.59559566	718968.7 0.27677423 0.6276268 0.59559894	0.9999999999330325
70084788_5500	930.0	71	80	1844759.4 0.5006751 0.52619386 0.4731311	1844756.0 0.50067544 0.5261943 0.47313032	0.9999999999357001
70084788_7050	951.0	74	81	1813263.4 0.5353337 0.48134872 0.48331755	1813260.0 0.53533417 0.4813485 0.48331735	0.9999999999999442
