ID	BITRATE	START_IDX	CAPTURE_START_IDX	KEY	CAPTURE_KEY	CORRELATION
70123920_1200	388.0	35	1	330507.0 0.40583408 0.5941659	330521.0 0.3960051 0.6039949	1.0000000000000000
60033314_4800	460.0	26	6	488243.0 0.5975283 0.40247172	488251.0 0.59332395 0.40667608	1.0000000000000000
80093106_3500	909.0	72	10	540027.0 0.6374274 0.3625726	540021.0 0.6308236 0.3691764	1.0000000000000000
70084788_7050	951.0	7	11	1120020.0 0.178012 0.821988	1120006.0 0.17800173 0.8219983	1.0000000000000000
70084788_20000	961.0	14	12	1963675.0 0.46883675 0.5311633	1963674.0 0.468837 0.53116304	1.0000000000000000
70084788_20000	961.0	15	13	1870852.0 0.5575171 0.4424829	1870855.0 0.5575157 0.44248432	1.0000000000000000
70084788_7050	951.0	18	14	1026238.0 0.8066579 0.19334209	1026240.0 0.8066573 0.19334269	1.0000000000000000
80096067_20000	1252.0	73	15	1118238.0 0.17760709 0.8223929	1118251.0 0.17743422 0.8225658	1.0000000000000000
70084788_20000	961.0	20	17	1173938.0 0.16931133 0.83068866	1173935.0 0.1693092 0.8306908	1.0000000000000000
70084788_20000	961.0	23	20	1782950.0 0.4632738 0.53672624	1782948.0 0.46327373 0.53672624	1.0000000000000000
70084788_5500	930.0	16	21	1813887.0 0.52757144 0.47242856	1813885.0 0.52757204 0.47242796	1.0000000000000000
70084788_5500	930.0	17	22	1736362.0 0.4935215 0.5064785	1736357.0 0.49352178 0.5064782	1.0000000000000000
70084788_5500	930.0	18	23	1765316.0 0.49817142 0.50182855	1765312.0 0.49817085 0.50182915	1.0000000000000000
70084788_5500	930.0	19	24	1710843.0 0.5178067 0.4821933	1710846.0 0.5178052 0.48219478	1.0000000000000000
70084788_5500	930.0	20	25	1143693.0 0.72130984 0.27869016	1143697.0 0.7213108 0.2786892	1.0000000000000000
70084788_7050	951.0	24	28	970337.0 0.4455545 0.5544455	970336.0 0.4455539 0.5544461	1.0000000000000000
70084788_7050	951.0	25	29	1008647.0 0.5333868 0.4666132	1008648.0 0.5333863 0.4666137	1.0000000000000000
70084788_7050	951.0	26	30	931851.0 0.5050679 0.49493212	931854.0 0.5050673 0.49493268	1.0000000000000000
70084788_7050	951.0	27	31	883553.0 0.5219868 0.47801322	883557.0 0.5219867 0.4780133	1.0000000000000000
70251894_7050	938.0	38	32	621982.0 0.6806258 0.3193742	621985.0 0.6790389 0.32096112	1.0000000000000000
70084788_7050	951.0	29	33	652448.0 0.30597687 0.69402313	652446.0 0.30597627 0.6940237	1.0000000000000000
70084788_7050	951.0	30	34	996834.0 0.45425215 0.5457478	996832.0 0.45425206 0.54574794	1.0000000000000000
70084788_6500	987.0	29	35	1153486.0 0.47163033 0.52836967	1153485.0 0.47163075 0.52836925	1.0000000000000000
70084788_5500	930.0	30	36	808000.0 0.7542884 0.24571164	808003.0 0.7542868 0.24571319	1.0000000000000000
70305893_2000	724.0	18	37	728804.0 0.26961845 0.73038155	728808.0 0.2724133 0.7275867	0.9999999999999999
70084788_7050	951.0	34	38	964127.0 0.55000013 0.44999984	964127.0 0.5500012 0.4499988	1.0000000000000000
70084788_20000	961.0	43	39	632416.0 0.6860326 0.31396738	632416.0 0.68602943 0.31397057	1.0000000000000000
70112732_5500	997.0	36	40	740710.0 0.26561406 0.7343859	740698.0 0.26807147 0.7319285	1.0000000000000000
70084788_7050	951.0	37	41	1001056.0 0.5415671 0.45843288	1001056.0 0.54156613 0.4584339	1.0000000000000000
70103763_5500	1609.0	9	45	481902.0 0.587551 0.412449	481893.0 0.58645797 0.413542	1.0000000000000000
70208599_4800	853.0	11	46	478876.0 0.41502184 0.58497816	478871.0 0.41615173 0.58384824	1.0000000000000000
70084788_4200	812.0	43	47	575907.0 0.48547247 0.5145275	575906.0 0.48547506 0.51452494	1.0000000000000000
70243464_4800	1448.0	16	48	590774.0 0.5045703 0.49542972	590749.0 0.5015971 0.49840286	1.0000000000000000
80031611_7050	2056.0	9	53	496005.0 0.59928024 0.40071976	496002.0 0.60079795 0.39920202	1.0000000000000000
70084788_7050	951.0	50	54	668683.0 0.2961149 0.7038851	668683.0 0.2961119 0.7038881	1.0000000000000000
70084788_5500	930.0	49	55	1091273.0 0.43131003 0.56868994	1091276.0 0.43130976 0.56869024	1.0000000000000000
70084788_15000	951.0	63	56	949914.0 0.6533191 0.34668085	949915.0 0.6533195 0.3466805	1.0000000000000000
70084788_15000	951.0	64	57	873207.0 0.3771351 0.6228649	873209.0 0.37713423 0.6228658	1.0000000000000000
70084788_7050	951.0	54	58	1148658.0 0.47350213 0.5264979	1148657.0 0.47350255 0.5264975	1.0000000000000000
70084788_7050	951.0	55	59	1086011.0 0.55686915 0.44313088	1086013.0 0.5568672 0.44313282	1.0000000000000000
70084788_4200	812.0	56	60	679822.0 0.70790297 0.29209706	679821.0 0.707904 0.29209602	1.0000000000000000
70084788_20000	961.0	67	62	1161864.0 0.53650254 0.46349746	1161864.0 0.5365017 0.46349832	1.0000000000000000
70308278_4200	989.0	30	65	528415.0 0.37149212 0.6285079	528437.0 0.37686044 0.62313956	1.0000000000000000
70084788_3500	857.0	56	66	943594.0 0.34897423 0.6510258	943594.0 0.34897423 0.6510258	1.0000000000000000
70084788_7050	951.0	61	67	1250379.0 0.49129185 0.5087082	1250385.0 0.49129188 0.5087081	1.0000000000000000
70084788_6500	987.0	59	68	1007388.0 0.6314141 0.36858588	1007391.0 0.63141423 0.3685858	1.0000000000000000
70084788_5500	930.0	62	70	933612.0 0.510996 0.489004	933614.0 0.510996 0.48900402	1.0000000000000000
70084788_4200	812.0	65	71	655395.0 0.69658905 0.30341092	655395.0 0.69658905 0.30341092	1.0000000000000000
70084788_4200	812.0	66	72	839660.0 0.2368268 0.76317316	839661.0 0.23682652 0.76317346	1.0000000000000000
80093106_5500	1538.0	21	75	779413.0 0.7455367 0.2544633	779402.0 0.7446863 0.2553137	1.0000000000000000
896970_5500	1406.0	61	76	650235.0 0.30550185 0.6944981	650236.0 0.30603042 0.69396955	1.0000000000000000
70084788_7050	951.0	70	77	879461.0 0.5130927 0.48690733	879461.0 0.51309156 0.48690847	1.0000000000000000
70123542_6500	1045.0	45	78	627740.0 0.6873228 0.31267723	627734.0 0.6821631 0.31783685	1.0000000000000000
70084788_5500	930.0	71	80	1894326.0 0.48757446 0.51242554	1894324.0 0.48757446 0.51242554	1.0000000000000000
70084788_7050	951.0	74	81	1843513.0 0.5265496 0.47345042	1843510.0 0.5265499 0.4734501	1.0000000000000000
70084788_7050	951.0	75	82	1749194.0 0.49897954 0.5010205	1749190.0 0.49897954 0.5010205	1.0000000000000000
