ID	BITRATE	START_IDX	CAPTURE_START_IDX	KEY	CAPTURE_KEY	CORRELATION
70123920_10000	1374.0	18	1	579662.0 0.66121984 0.3387802	579655.0 0.6563128 0.3436872	1.0000000000000000
70123920_600	361.0	2	3	324811.0 0.6051519 0.39484808	324805.0 0.61087424 0.3891258	1.0000000000000000
70297757_2000	491.0	44	6	486633.0 0.7756256 0.22437443	486611.0 0.7760264 0.22397356	1.0000000000000000
80169469_2000	504.0	35	8	301612.0 0.51984006 0.48015994	301625.0 0.5245852 0.47541484	1.0000000000000000
80198592_3500	804.0	1	10	318094.0 0.376263 0.62373704	318104.0 0.37587708 0.6241229	1.0000000000000000
80163052_2000	417.0	14	11	320669.0 0.6200163 0.37998372	320677.0 0.6191152 0.38088483	1.0000000000000000
80184100_800	299.0	13	12	285129.0 0.4202098 0.5797902	285132.0 0.4283665 0.5716335	1.0000000000000000
80109295_3500	831.0	6	15	238750.0 0.47020313 0.52979684	238730.0 0.4666904 0.5333096	1.0000000000000000
80192815_1200	497.0	33	17	318499.0 0.39081755 0.6091824	318487.0 0.38706133 0.6129387	1.0000000000000000
60000870_2000	515.0	4	24	285265.0 0.3928032 0.6071968	285262.0 0.3996782 0.6003218	1.0000000000000000
