ID	BITRATE	START_IDX	CAPTURE_START_IDX	KEY	CAPTURE_KEY	CORRELATION
70084788_4200	812.0	3	0	230324.0 0.53152514 0.46847484	230323.0 0.53151447 0.46848556	0.9999999999999999
80144140_15000	594.0	55	1	306580.0 0.35155588 0.6484441	306571.0 0.3519674 0.6480326	1.0000000000000000
70208599_5500	833.0	8	2	310052.0 0.6407925 0.35920748	310073.0 0.64071363 0.35928637	1.0000000000000000
80093106_1200	383.0	12	4	244702.0 0.41517845 0.5848215	244700.0 0.41976297 0.58023703	1.0000000000000000
80198592_600	424.0	4	6	330808.0 0.399289 0.600711	330797.0 0.39893347 0.6010665	1.0000000000000000
81074663_1200	443.0	3	7	398135.0 0.4988735 0.5011265	398133.0 0.49940848 0.5005915	1.0000000000000000
80200961_15000	1612.0	0	8	322070.0 0.61745894 0.38254106	322076.0 0.6188043 0.38119575	1.0000000000000000
80174429_2000	632.0	27	9	253871.0 0.47451657 0.5254834	253867.0 0.48361543 0.51638454	1.0000000000000000
70084788_5500	930.0	7	11	933296.0 0.4412416 0.55875844	933297.0 0.44124004 0.55876	1.0000000000000000
70084788_5500	930.0	8	12	719903.0 0.7243851 0.27561492	719904.0 0.7243869 0.27561313	1.0000000000000000
70084788_5500	930.0	9	13	667881.0 0.29708287 0.70291716	667880.0 0.2970818 0.7029182	1.0000000000000000
70084788_5500	930.0	10	14	891756.0 0.52645004 0.47354993	891756.0 0.52645004 0.47354993	1.0000000000000000
70084788_5500	930.0	11	15	833881.0 0.5064164 0.49358362	833885.0 0.50641394 0.49358603	0.9999999999999999
70084788_4800	892.0	16	16	901793.0 0.45641738 0.5435826	901793.0 0.45641738 0.5435826	0.9999999999999999
70084788_6500	987.0	13	18	1220058.0 0.5397399 0.4602601	1220056.0 0.53973913 0.46026084	1.0000000000000000
70084788_7050	951.0	16	19	760690.0 0.73820347 0.26179653	760690.0 0.73820347 0.26179653	1.0000000000000000
70084788_7050	951.0	22	24	517253.0 0.6162091 0.3837909	517255.0 0.6162086 0.38379136	1.0000000000000000
70084788_7050	951.0	23	25	630855.0 0.3146793 0.68532073	630855.0 0.31468087 0.6853191	1.0000000000000000
70084788_7050	951.0	24	26	970337.0 0.4455545 0.5544455	970336.0 0.4455539 0.5544461	1.0000000000000000
70084788_7050	951.0	25	27	1008647.0 0.5333868 0.4666132	1008649.0 0.53338575 0.46661425	1.0000000000000000
70084788_7050	951.0	26	28	931851.0 0.5050679 0.49493212	931854.0 0.50506836 0.4949316	1.0000000000000000
80106307_1200	517.0	28	29	660853.0 0.70305043 0.29694954	660837.0 0.6979089 0.30209112	1.0000000000000000
70084788_6500	987.0	26	30	621982.0 0.32096106 0.67903894	621986.0 0.3209606 0.6790394	1.0000000000000000
70084788_6500	987.0	27	31	875165.0 0.4825947 0.5174053	875168.0 0.4825965 0.51740354	1.0000000000000000
70084788_7050	951.0	30	32	996834.0 0.45425215 0.5457478	996832.0 0.4542541 0.5457459	1.0000000000000000
70084788_6500	987.0	29	33	1153486.0 0.47163033 0.52836967	1153482.0 0.47163025 0.5283697	1.0000000000000000
70084788_7050	951.0	33	34	1139735.0 0.5347427 0.4652573	1139736.0 0.53474224 0.46525773	1.0000000000000000
70084788_7050	951.0	34	35	964127.0 0.55000013 0.44999984	964127.0 0.5500012 0.4499988	1.0000000000000000
70084788_7050	951.0	35	36	994011.0 0.43647102 0.56352895	994007.0 0.4364718 0.56352824	1.0000000000000000
70084788_7050	951.0	37	39	1001056.0 0.5415671 0.45843288	1001054.0 0.54156816 0.4584318	1.0000000000000000
70084788_7050	951.0	38	40	799574.0 0.5739519 0.42604813	799572.0 0.5739508 0.42604917	1.0000000000000000
70084788_3500	857.0	36	41	625592.0 0.5445354 0.45546457	625592.0 0.5445354 0.45546457	0.9999999999999999
70084788_5500	930.0	44	46	593037.0 0.49966696 0.500333	593036.0 0.49966612 0.50033385	1.0000000000000000
80031611_7050	2056.0	9	47	496005.0 0.59928024 0.40071976	495997.0 0.59822136 0.40177864	1.0000000000000000
70084788_7050	951.0	48	49	604246.0 0.4931733 0.5068267	604243.0 0.4931708 0.5068292	1.0000000000000000
70084788_20000	961.0	57	50	635566.0 0.48185238 0.5181476	635565.0 0.48185158 0.5181484	0.9999999999999999
60020801_3500	986.0	47	52	838078.0 0.76615185 0.23384817	838062.0 0.76192814 0.23807189	1.0000000000000000
70084788_7050	951.0	56	57	1104588.0 0.43567827 0.5643217	1104588.0 0.4356801 0.5643199	1.0000000000000000
70084788_7050	951.0	57	58	1179210.0 0.5286107 0.47138932	1179209.0 0.52860945 0.47139058	1.0000000000000000
70084788_6500	987.0	55	59	1094389.0 0.50792634 0.49207366	1094388.0 0.50792587 0.4920741	1.0000000000000000
70084788_6500	987.0	56	60	1152824.0 0.46713114 0.53286886	1152823.0 0.46713156 0.53286844	1.0000000000000000
70084788_6500	987.0	59	63	1007388.0 0.6314141 0.36858588	1007389.0 0.6314145 0.36858553	1.0000000000000000
70084788_6500	987.0	60	64	700599.0 0.52998793 0.4700121	700598.0 0.52998865 0.47001132	1.0000000000000000
70084788_6500	987.0	61	65	990859.0 0.3323278 0.6676722	990858.0 0.33232713 0.6676729	1.0000000000000000
70084788_6500	987.0	62	66	1118109.0 0.5916856 0.4083144	1118111.0 0.5916845 0.40831545	1.0000000000000000
70084788_6500	987.0	68	71	627207.0 0.31727007 0.68272996	627211.0 0.31726962 0.6827304	1.0000000000000000
70084788_7050	951.0	74	73	1843513.0 0.5265496 0.47345042	1843512.0 0.5265499 0.47345012	1.0000000000000000
