ID	BITRATE	START_IDX	CAPTURE_START_IDX	KEY	CAPTURE_KEY	CORRELATION
70039177_600	385.0	5	0	291433.0 0.45353478 0.5464652	291408.0 0.4589819 0.54101807	1.0000000000000000
81006261_1200	333.0	0	1	274155.0 0.571093 0.428907	274180.0 0.57501274 0.42498723	1.0000000000000000
70216224_1200	358.0	14	2	315263.0 0.3784269 0.6215731	315255.0 0.36961508 0.6303849	1.0000000000000000
70305893_4200	1335.0	8	3	329286.0 0.595862 0.40413806	329301.0 0.6034965 0.3965035	1.0000000000000000
70084788_4800	892.0	6	4	261107.0 0.50005937 0.49994063	261104.0 0.5000651 0.49993488	1.0000000000000000
70130445_7050	701.0	53	6	310004.0 0.63327247 0.36672753	310023.0 0.6406589 0.35934108	1.0000000000000000
80144140_7050	572.0	99	12	474808.0 0.5814898 0.41851023	474815.0 0.58139485 0.41860515	1.0000000000000000
70084788_3500	857.0	13	13	524211.0 0.37915647 0.6208435	524213.0 0.37915885 0.62084115	1.0000000000000000
70084788_3500	857.0	18	19	820074.0 0.75792795 0.24207206	820075.0 0.757927 0.24207298	1.0000000000000000
80075563_20000	2169.0	6	20	478775.0 0.41477102 0.585229	478795.0 0.41462004 0.58537996	1.0000000000000000
80075563_20000	2169.0	7	21	479430.0 0.58442944 0.4155706	479424.0 0.58461195 0.41538805	1.0000000000000000
60004481_7050	918.0	70	22	737142.0 0.27015013 0.7298499	737144.0 0.27016023 0.72983974	1.0000000000000000
80106307_1200	517.0	28	25	660853.0 0.70305043 0.29694954	660838.0 0.6979078 0.3020922	1.0000000000000000
70084788_6500	987.0	26	26	621982.0 0.32096106 0.67903894	621987.0 0.32096168 0.6790383	0.9999999999999999
70084788_6500	987.0	27	27	875165.0 0.4825947 0.5174053	875166.0 0.4825976 0.5174024	1.0000000000000000
70084788_7050	951.0	30	28	996834.0 0.45425215 0.5457478	996834.0 0.45425117 0.54574883	1.0000000000000000
70084788_6500	987.0	29	29	1153486.0 0.47163033 0.52836967	1153488.0 0.47163126 0.5283687	1.0000000000000000
70084788_5500	930.0	30	30	808000.0 0.7542884 0.24571164	808003.0 0.754288 0.24571195	1.0000000000000000
70305893_2000	724.0	18	31	728804.0 0.26961845 0.73038155	728806.0 0.2724127 0.72758734	0.9999999999999999
70084788_7050	951.0	34	32	964127.0 0.55000013 0.44999984	964128.0 0.5499996 0.4500004	1.0000000000000000
70084788_7050	951.0	35	33	994011.0 0.43647102 0.56352895	994011.0 0.43647203 0.56352794	1.0000000000000000
70084788_7050	951.0	36	34	1102293.0 0.5081716 0.4918284	1102292.0 0.50817114 0.49182883	1.0000000000000000
80091741_4800	1394.0	56	35	740703.0 0.7351233 0.26487675	740700.0 0.73192793 0.2680721	1.0000000000000000
80075563_15000	2053.0	4	36	657464.0 0.302269 0.69773096	657480.0 0.30200312 0.6979969	1.0000000000000000
70084788_7050	951.0	38	37	799574.0 0.5739519 0.42604813	799577.0 0.5739522 0.42604777	1.0000000000000000
70084788_7050	951.0	39	38	623268.0 0.54656583 0.45343417	623268.0 0.54656744 0.45343256	1.0000000000000000
70084788_5500	930.0	38	39	567547.0 0.49795347 0.5020465	567545.0 0.49795172 0.5020483	1.0000000000000000
70084788_4800	892.0	43	40	564521.0 0.5047359 0.4952641	564519.0 0.5047394 0.49526057	1.0000000000000000
70297757_20000	703.0	10	41	478931.0 0.5904107 0.40958926	478949.0 0.5837448 0.41625518	1.0000000000000000
70084788_4800	892.0	45	42	493795.0 0.40373838 0.5962616	493797.0 0.4037388 0.5962612	1.0000000000000000
80031611_7050	2056.0	9	45	496005.0 0.59928024 0.40071976	495998.0 0.59822416 0.4017758	1.0000000000000000
70295915_4800	541.0	27	46	505554.0 0.39362562 0.6063744	505529.0 0.39420092 0.6057991	1.0000000000000000
70084788_7050	951.0	49	47	504255.0 0.60732764 0.39267236	504254.0 0.60733086 0.39266917	1.0000000000000000
70084788_7050	951.0	54	51	1148658.0 0.47350213 0.5264979	1148657.0 0.47350165 0.5264983	1.0000000000000000
70084788_7050	951.0	55	52	1086011.0 0.55686915 0.44313088	1086015.0 0.55686706 0.4431329	1.0000000000000000
80144140_6500	609.0	40	54	827067.0 0.24028766 0.75971234	827086.0 0.24633956 0.75366044	1.0000000000000000
70084788_7050	951.0	57	55	1179210.0 0.5286107 0.47138932	1179209.0 0.5286103 0.4713897	1.0000000000000000
70084788_6500	987.0	55	56	1094389.0 0.50792634 0.49207366	1094388.0 0.507925 0.49207503	1.0000000000000000
70084788_4200	812.0	59	57	867810.0 0.6205506 0.37944943	867809.0 0.6205524 0.37944755	1.0000000000000000
70084788_3500	857.0	59	62	570458.0 0.65089804 0.34910196	570460.0 0.6508958 0.34910423	0.9999999999999999
70084788_3500	857.0	60	63	676220.0 0.29450178 0.7054982	676221.0 0.2945043 0.7054957	1.0000000000000000
70130445_2000	720.0	25	68	308970.0 0.36544 0.63456	308995.0 0.3740546 0.6259454	1.0000000000000000
70084788_7050	951.0	74	75	1843513.0 0.5265496 0.47345042	1843511.0 0.5265485 0.47345147	1.0000000000000000
