ID	BITRATE	START_IDX	CAPTURE_START_IDX	KEY	CAPTURE_KEY	CORRELATION
70305893_3500	1139.0	2	8	275873.34 0.41467944 0.37465018 0.71067035	275849.34 0.4097744 0.37021294 0.7200126	0.9999830672825220
70102778_5500	884.0	25	20	765588.0 0.52756053 0.497065 0.4753745	765588.0 0.52756053 0.4970676 0.47537187	0.9999999958852882
70102778_5500	884.0	26	21	709816.7 0.5361201 0.51272535 0.4511545	709815.3 0.536124 0.5127235 0.45115256	0.9999999986482387
70102778_5500	884.0	27	22	705255.3 0.51604146 0.45407245 0.5298861	705252.0 0.5160411 0.45407173 0.5298872	0.9999999998789126
70102778_7050	876.0	33	26	885538.0 0.41097954 0.5411512 0.5478692	885532.0 0.41097328 0.5411549 0.54787177	0.9999999999493212
70102778_7050	876.0	34	27	960028.7 0.49916217 0.5053589 0.49547896	960028.7 0.49916217 0.5053578 0.49547997	0.9999999995402580
70102778_4800	838.0	31	28	772970.7 0.6276525 0.61538297 0.25696447	772973.3 0.6276517 0.61538345 0.2569649	0.9999999999951253
70102778_4800	838.0	32	29	738475.3 0.6441285 0.2689677 0.58690387	738478.0 0.64412886 0.26896808 0.58690304	0.9999999999953719
70102778_4800	838.0	33	30	724534.0 0.2741431 0.5981969 0.62766	724536.0 0.27414373 0.5981966 0.6276596	1.0000000000000000
70102778_6500	899.0	35	31	903162.0 0.47988623 0.5035232 0.5165906	903160.7 0.47988692 0.5035228 0.51659024	0.9999999999271834
70102778_7050	876.0	39	32	746799.3 0.60894674 0.6247542 0.26629913	746798.0 0.6089491 0.6247526 0.26629823	0.9999999999501642
70102778_7050	876.0	40	33	741638.7 0.6291015 0.26815215 0.6027463	741636.7 0.6291005 0.26815152 0.602748	0.9999999999776444
70102778_7050	876.0	41	34	698545.3 0.2846945 0.63992983 0.5753757	698543.3 0.28469387 0.6399317 0.5753745	0.9999999999722180
70102778_4800	838.0	38	35	846217.3 0.5282567 0.47496545 0.49677783	846219.3 0.5282555 0.47496435 0.4967802	0.9999999971132598
70102778_5500	884.0	40	36	884607.3 0.45435414 0.4752199 0.570426	884608.7 0.45435232 0.47522143 0.5704262	0.9999999996588148
70102778_4800	838.0	40	37	975409.3 0.4309801 0.5173254 0.5516946	975411.3 0.4309823 0.5173243 0.55169344	0.9999999999688814
70102778_4800	838.0	41	38	827958.0 0.60945606 0.64994603 0.24059795	827957.3 0.60945654 0.6499466 0.24059695	0.9999999999999616
70102778_4800	838.0	42	39	907024.7 0.59328926 0.21962467 0.68708605	907024.0 0.59328973 0.21962373 0.6870866	0.9999999999998810
70102778_4800	838.0	43	40	817645.3 0.24363254 0.76219356 0.49417394	817644.0 0.2436317 0.7621948 0.4941735	0.9999999999991350
70102778_7050	876.0	48	41	946186.7 0.658648 0.4270394 0.41431254	946186.0 0.6586485 0.42703867 0.41431284	0.9999999999922360
70102778_15000	922.0	55	42	1051747.4 0.3841778 0.37272924 0.7430929	1051728.6 0.38418466 0.3727359 0.74307954	0.9999999999980321
70102778_20000	865.0	58	44	1271282.6 0.6147484 0.156184 0.7290676	1271282.0 0.61474794 0.15618408 0.729068	0.9999999999989988
70102778_20000	865.0	59	45	1267966.6 0.15659244 0.7309743 0.6124333	1267965.4 0.15659261 0.73097503 0.61243236	0.9999999999959555
70102778_4200	890.0	49	46	1606789.4 0.57683414 0.48328862 0.43987718	1606788.6 0.57683444 0.48328882 0.43987677	0.9999999999941152
70102778_4200	890.0	50	47	1352058.6 0.57434124 0.522751 0.40290782	1352059.4 0.5743409 0.52274996 0.40290907	0.9999999999712745
70102778_3500	815.0	55	49	1054677.4 0.5165134 0.18846901 0.79501754	1054678.6 0.51651466 0.18846974 0.79501563	0.9999999999929717
70102778_3500	815.0	56	50	1282837.4 0.15494871 0.6536191 0.6914321	1282838.0 0.15494941 0.653618 0.6914326	0.9999999999963736
70102778_3500	815.0	62	56	926952.7 0.6429098 0.64288825 0.21420187	926953.3 0.64290726 0.6428921 0.21420065	0.9999999999145075
70102778_5500	884.0	60	58	992571.3 0.20003903 0.6923704 0.6075906	992572.7 0.20003976 0.6923715 0.60758877	0.9999999999829206
70102778_20000	865.0	75	59	1229883.4 0.5587733 0.49035138 0.45087528	1229887.4 0.55877393 0.4903506 0.45087543	0.9999999999326449
70102778_7050	876.0	68	60	1232862.6 0.48916805 0.44978735 0.5610447	1232863.4 0.48916695 0.44978708 0.56104594	0.9999999999022789
70102778_6500	899.0	65	61	1363625.4 0.4066564 0.5072449 0.5860987	1363626.0 0.4066555 0.50724536 0.58609915	0.9999999999914831
70102778_20000	865.0	78	63	1032850.0 0.7738007 0.19327007 0.5329293	1032848.7 0.7738016 0.19326936 0.532929	0.9999999999993773
70102778_15000	922.0	86	74	1039880.7 0.4695231 0.5278288 0.50264806	1039880.0 0.4695215 0.5278301 0.50264835	0.9999999999843470
