ID	BITRATE	START_IDX	CAPTURE_START_IDX	KEY	CAPTURE_KEY	CORRELATION
81006261_1200	333.0	4	1	367150.0 0.45882338 0.5411766	367145.0 0.457288 0.54271203	1.0000000000000000
80163052_10000	429.0	11	2	389565.0 0.5116245 0.48837548	389556.0 0.51149 0.48850998	1.0000000000000000
80202920_4800	1419.0	22	4	461428.0 0.56947565 0.43052438	461414.0 0.56943005 0.43056995	0.9999999999999999
70103763_7050	1475.0	8	10	744512.0 0.5978453 0.4021547	744514.0 0.597845 0.40215495	1.0000000000000000
70167075_15000	1087.0	2	11	498156.0 0.6062639 0.3937361	498168.0 0.6010221 0.39897785	1.0000000000000000
70103763_7050	1475.0	10	12	542550.0 0.36634228 0.63365775	542549.0 0.3663411 0.6336589	1.0000000000000000
70103763_7050	1475.0	11	13	678761.0 0.50649786 0.49350214	678762.0 0.50649714 0.4935029	1.0000000000000000
70103763_7050	1475.0	16	19	2016415.0 0.4900271 0.5099729	2016415.0 0.4900266 0.5099734	0.9999999999999999
70103763_7050	1475.0	17	20	1824316.0 0.5636726 0.43632737	1824315.0 0.5636735 0.4363265	1.0000000000000000
70103763_7050	1475.0	18	21	995274.0 0.79977876 0.20022124	995272.0 0.79977834 0.20022164	1.0000000000000000
70103763_15000	1793.0	24	22	1417063.0 0.14062607 0.8593739	1417061.0 0.14062557 0.85937446	1.0000000000000000
70103763_20000	1872.0	26	23	2096217.0 0.5809451 0.4190549	2096217.0 0.5809446 0.41905537	1.0000000000000000
70103763_20000	1872.0	27	24	1834402.0 0.4788645 0.5211355	1834401.0 0.4788653 0.5211347	1.0000000000000000
70103763_7050	1475.0	22	25	1154940.0 0.8277218 0.17227821	1154943.0 0.8277205 0.17227949	1.0000000000000000
80075563_3500	1096.0	48	26	1071924.0 0.18530418 0.81469584	1071943.0 0.18561901 0.814381	1.0000000000000000
70103763_6500	1462.0	24	27	1615991.0 0.54020476 0.45979527	1615996.0 0.54020554 0.45979446	1.0000000000000000
70103763_5500	1609.0	24	28	1710414.0 0.43441355 0.56558645	1710412.0 0.43441346 0.5655865	1.0000000000000000
70103763_15000	1793.0	31	29	2584010.0 0.37437472 0.6256253	2584008.0 0.37437424 0.6256258	1.0000000000000000
70103763_15000	1793.0	32	30	3008470.0 0.53735685 0.46264315	3008471.0 0.5373567 0.46264333	0.9999999999999999
70103763_15000	1793.0	33	31	1590937.0 0.8748605 0.12513946	1590938.0 0.87486064 0.12513939	1.0000000000000000
70103763_15000	1793.0	34	32	1440509.0 0.13820739 0.8617926	1440508.0 0.1382075 0.8617925	1.0000000000000000
70103763_15000	1793.0	35	33	3092232.0 0.40146405 0.59853595	3092231.0 0.40146387 0.59853613	1.0000000000000000
70103763_20000	1872.0	36	34	3520895.0 0.5256649 0.47433507	3520897.0 0.5256649 0.4743351	1.0000000000000000
70103763_20000	1872.0	37	35	3397527.0 0.4915587 0.50844127	3397529.0 0.49155873 0.50844127	1.0000000000000000
70103763_20000	1872.0	38	36	3136559.0 0.5507446 0.44925538	3136562.0 0.5507444 0.4492556	1.0000000000000000
70103763_7050	1475.0	42	37	1931088.0 0.7297016 0.2702984	1931088.0 0.7297016 0.2702984	0.9999999999999999
70103763_7050	1475.0	43	38	2076132.0 0.25141466 0.74858534	2076131.0 0.25141478 0.7485852	1.0000000000000000
80093138_5500	1595.0	59	40	1794729.0 0.11058327 0.88941675	1794751.0 0.10595342 0.8940466	1.0000000000000000
70243464_3500	856.0	59	41	3207988.0 0.50231016 0.49768984	3207968.0 0.50018924 0.49981079	1.0000000000000000
70103763_7050	1475.0	47	42	2861168.0 0.5603928 0.43960717	2861167.0 0.5603927 0.43960732	1.0000000000000000
70103763_7050	1475.0	48	43	2198820.0 0.57202953 0.42797047	2198820.0 0.57202953 0.42797047	1.0000000000000000
70103763_7050	1475.0	49	44	1982774.0 0.47460276 0.52539724	1982772.0 0.47460324 0.52539676	1.0000000000000000
80174429_10000	3278.0	70	46	1496347.0 0.25462076 0.74537927	1496335.0 0.2580819 0.7419181	1.0000000000000000
70103763_7050	1475.0	52	47	2723459.0 0.40762758 0.5923724	2723458.0 0.4076281 0.5923719	1.0000000000000000
70103763_7050	1475.0	53	48	3139494.0 0.5138733 0.48612675	3139495.0 0.51387244 0.48612756	1.0000000000000000
70103763_7050	1475.0	54	49	3094408.0 0.4932097 0.50679034	3094412.0 0.49321002 0.50679	0.9999999999999999
70103763_15000	1793.0	51	50	1767017.0 0.8874929 0.11250713	1767021.0 0.887492 0.112508	1.0000000000000000
70103763_7050	1475.0	56	52	2077108.0 0.41155106 0.58844894	2077106.0 0.4115505 0.5884495	1.0000000000000000
70103763_7050	1475.0	57	53	2502882.0 0.48834583 0.51165414	2502883.0 0.48834565 0.5116544	1.0000000000000000
70103763_5500	1609.0	50	54	1479242.0 0.86571974 0.13428026	1479244.0 0.8657199 0.13428009	1.0000000000000000
70103763_5500	1609.0	51	55	1238395.0 0.16039552 0.8396045	1238393.0 0.16039577 0.83960426	1.0000000000000000
70103763_7050	1475.0	60	56	2088519.0 0.49784705 0.502153	2088516.0 0.4978463 0.5021537	1.0000000000000000
70103763_7050	1475.0	61	57	2087278.0 0.50245154 0.4975485	2087280.0 0.50245106 0.49754897	1.0000000000000000
70103763_7050	1475.0	62	58	1808611.0 0.5742097 0.42579028	1808613.0 0.57421017 0.4257898	1.0000000000000000
70103763_7050	1475.0	63	59	1877481.0 0.4101714 0.5898286	1877483.0 0.41017097 0.589829	1.0000000000000000
70103763_20000	1872.0	64	63	1136303.0 0.17467612 0.8253239	1136306.0 0.17467742 0.82532257	1.0000000000000000
70103763_10000	1730.0	66	66	2546236.0 0.58619034 0.41380963	2546235.0 0.5861906 0.41380942	1.0000000000000000
70103763_15000	1793.0	69	69	1823939.0 0.6786767 0.32132325	1823941.0 0.67867655 0.32132345	1.0000000000000000
70103763_10000	1730.0	70	70	1303381.0 0.44965747 0.55034256	1303379.0 0.44965816 0.55034184	1.0000000000000000
70103763_15000	1793.0	72	71	1501423.0 0.47774878 0.52225125	1501423.0 0.47774944 0.52225053	1.0000000000000000
70103763_6500	1462.0	76	72	1808329.0 0.43361524 0.5663848	1808331.0 0.43361476 0.56638527	1.0000000000000000
70103763_7050	1475.0	80	76	2190183.0 0.4896623 0.5103377	2190182.0 0.4896616 0.5103384	1.0000000000000000
70103763_6500	1462.0	81	77	2072445.0 0.5393306 0.4606694	2072446.0 0.53933084 0.4606692	1.0000000000000000
70103763_6500	1462.0	82	78	2101659.0 0.4542659 0.5457341	2101661.0 0.45426545 0.5457345	1.0000000000000000
70103763_7050	1475.0	84	81	2537489.0 0.38828385 0.61171615	2537485.0 0.3882829 0.6117171	1.0000000000000000
70103763_4800	1305.0	82	82	3199277.0 0.48517868 0.5148213	3199279.0 0.485179 0.514821	1.0000000000000000
