ID	BITRATE	START_IDX	CAPTURE_START_IDX	KEY	CAPTURE_KEY	CORRELATION
70104894_20000	1065.0	14	16	1548694.4 0.4983075 0.5877293 0.6857131 0.59961927 0.12863094	1548695.6 0.49830708 0.58772945 0.6857145 0.59961814 0.12863083	0.9999999999916235
70104894_20000	1065.0	15	17	1508042.8 0.6035724 0.7041975 0.6157829 0.13209838 0.4443488	1508043.2 0.60357285 0.7041993 0.6157821 0.13209833 0.44434732	0.9999999999867397
70104894_20000	1065.0	16	18	1336915.6 0.79433584 0.69460404 0.14900716 0.50122607 0.36082682	1336914.4 0.7943388 0.6946039 0.1490073 0.50122505 0.3608249	0.9999999999825698
70104894_20000	1065.0	17	19	1113845.2 0.83371276 0.1788489 0.6016069 0.4330898 0.45274153	1113842.8 0.8337137 0.17884931 0.6016065 0.43308806 0.45274255	0.9999999999890135
70104894_6500	987.0	20	23	1152655.2 0.4374994 0.47005904 0.5151393 0.42645535 0.65084684	1152651.2 0.4374992 0.47005805 0.51513934 0.42645684 0.6508465	0.9999999999565066
70104894_5500	1016.0	25	29	1296760.0 0.35248697 0.47327957 0.777716 0.5272232 0.36929423	1296757.6 0.35248607 0.4732812 0.77771586 0.52722263 0.36929414	0.9999999999837402
70104894_4200	956.0	28	30	1193374.4 0.5142812 0.8450919 0.5728965 0.4012848 0.16644567	1193375.2 0.51428163 0.8450896 0.57289606 0.40128618 0.16644639	0.9999999999953263
70104894_4200	956.0	29	31	1251446.8 0.8058761 0.5463117 0.38266352 0.1587219 0.6064269	1251447.6 0.80587393 0.5463113 0.38266483 0.15872258 0.6064273	0.9999999999942512
70104894_4200	956.0	30	32	1066862.0 0.64083266 0.4488706 0.18618341 0.7113488 0.5127645	1066862.8 0.6408322 0.44887218 0.18618421 0.71134925 0.5127623	0.9999999999764659
70104894_4200	956.0	31	33	872917.6 0.54860044 0.22754954 0.8693959 0.62669027 0.22776376	872918.0 0.5486025 0.22755058 0.8693967 0.6266877 0.22776252	0.9999999999769513
70104894_4200	956.0	32	34	815536.8 0.24355982 0.9305662 0.67078394 0.24378912 0.41130087	815536.4 0.24356118 0.9305679 0.67078185 0.24378802 0.41130108	0.9999999999855995
70104894_7050	986.0	35	35	932195.6 0.81411237 0.5868382 0.21327926 0.35982898 0.52594113	932194.4 0.8141135 0.5868379 0.21327956 0.35982946 0.52593964	0.9999999999914334
70104894_7050	986.0	36	36	872923.2 0.62668514 0.22776116 0.38426176 0.5616531 0.6996389	872922.8 0.62668425 0.22776125 0.38426194 0.56165105 0.69964147	0.9999999999614512
70104894_7050	986.0	37	37	889864.8 0.22342494 0.37694603 0.55096006 0.6863189 0.66235006	889866.0 0.22342464 0.37694553 0.5509571 0.6863202 0.66235256	0.9999999999532340
70104894_10000	1075.0	38	38	890069.6 0.37685478 0.5508322 0.6861598 0.66219765 0.22395551	890073.6 0.37685758 0.5508286 0.6861601 0.662198 0.22395563	0.9999999999361529
70104894_5500	1016.0	39	44	1413493.6 0.5165188 0.61069536 0.6434249 0.5139726 0.21538831	1413492.8 0.51651907 0.61069643 0.6434246 0.51397294 0.21538703	0.9999999999941283
70104894_5500	1016.0	40	45	1297246.0 0.6654204 0.7010829 0.5600302 0.23468949 0.33877692	1297245.2 0.6654216 0.7010825 0.5600306 0.23468809 0.33877712	0.9999999999933773
