ID	BITRATE	START_IDX	CAPTURE_START_IDX	KEY	CAPTURE_KEY	CORRELATION
70102778_20000	865.0	17	17	1010702.1 1.0453832 1.0648657 1.8661859 0.8864768 0.88161385	1010716.4 1.0454812 1.0648556 1.8661556 0.8864614 0.88160044	0.9999999906290225
70102778_20000	865.0	18	18	1035152.4 1.0397136 1.8221066 1.2638265 0.8607902 0.85700524	1035152.94 1.0397179 1.8221017 1.2638258 0.86078876 0.85700285	0.9999999999568715
70102778_20000	865.0	19	19	929557.2 2.029093 1.4073938 1.3305862 0.9543587 0.9223693	929557.75 2.0290875 1.407393 1.3305844 0.95435596 0.922372	0.9999999999583106
70102778_20000	865.0	20	20	975103.9 1.341655 1.2684351 1.1135429 0.8792858 0.4081032	975103.2 1.341656 1.268435 1.1135385 0.8792895 0.40810758	0.9999999999365909
70102778_20000	865.0	21	21	988592.94 1.2511277 1.098349 1.2758436 0.40253475 1.2275083	988592.56 1.2511271 1.0983443 1.2758461 0.40253893 1.2275057	0.9999999999284217
70102778_20000	865.0	22	22	951127.2 1.1416138 1.3261002 0.8184941 1.2758609 1.1665275	951126.7 1.1416092 1.3261031 0.81849456 1.2758584 1.1665281	0.9999999999123454
70102778_20000	865.0	23	23	934156.7 1.350191 0.8333634 1.6886289 1.1877193 0.901792	934155.9 1.3501943 0.8333641 1.6886293 1.1877204 0.90179384	0.9999999999084915
70102778_20000	865.0	24	24	968469.44 0.8038374 1.628801 1.4763017 0.8698416 0.7419016	968468.94 0.80383784 1.6288009 1.4763024 0.86984307 0.7418978	0.9999999999112760
70102778_20000	865.0	25	25	941338.8 1.6757452 1.5188506 1.2919036 0.76328415 1.0181818	941337.2 1.675747 1.5188532 1.2919068 0.7632812 1.0181835	0.9999999999191186
70102778_20000	865.0	26	26	916196.0 1.5605319 1.3273568 1.0017365 1.0461233 0.6329224	916194.94 1.5605336 1.3273594 1.0017301 1.0461246 0.6329188	0.9999999999027005
70102778_5500	884.0	17	27	851461.9 1.4282742 1.0778956 1.5530783 0.68103695 1.0390835	851461.3 1.4282739 1.0778881 1.5530782 0.6810374 1.039083	0.9999999998948446
70102778_5500	884.0	18	28	847407.2 1.0830531 1.5605096 1.2497982 1.0440553 0.86443216	847405.6 1.0830469 1.5605112 1.2497982 1.044056 0.8644373	0.9999999998939346
70102778_5500	884.0	19	29	799912.7 1.6531641 1.3240045 1.7125607 0.9157574 0.8994894	799910.8 1.6531668 1.3240051 1.7125622 0.9157633 0.89948905	0.9999999998929762
70102778_5500	884.0	20	30	838709.06 1.2627597 1.6333423 1.4405496 0.8578815 0.47449827	838708.0 1.2627589 1.633342 1.4405526 0.85788023 0.4744929	0.9999999998771492
70102778_4800	838.0	19	31	850871.06 1.6099913 1.419959 1.079053 0.46771717 0.90239525	850870.94 1.6099939 1.4199604 1.0790555 0.46771017 0.9024001	0.9999999998725769
70102778_4800	838.0	20	32	837798.4 1.4421154 1.0958902 0.9923402 0.9164759 1.0262088	837798.8 1.4421159 1.095892 0.9923325 0.9164802 1.0262058	0.9999999998574717
70102778_4800	838.0	21	33	836369.44 1.0977625 0.9940356 1.4617739 1.027962 1.0152165	836369.9 1.0977643 0.9940279 1.4617791 1.0279591 1.0152183	0.9999999998640838
70102778_4800	838.0	22	34	786967.9 1.0564357 1.553536 1.3451998 1.0789462 1.0113628	786967.75 1.0564283 1.5535427 1.3451961 1.0789489 1.0113642	0.9999999998982457
70102778_4800	838.0	23	35	830732.7 1.4716924 1.2743317 1.5837333 0.95808196 0.68894607	830732.7 1.4716984 1.2743281 1.5837369 0.95808315 0.68894607	0.9999999998996051
70102778_4800	838.0	24	36	861282.4 1.2291311 1.5275582 1.4431156 0.6645091 0.734593	861283.44 1.2291261 1.5275599 1.443115 0.6645083 0.7345886	0.9999999999017496
70102778_4800	838.0	25	37	845385.6 1.5562826 1.4702522 1.1524373 0.7484064 0.96842074	845385.9 1.5562857 1.4702529 1.1524394 0.7484026 0.9684264	0.9999999998941189
70102778_20000	865.0	38	38	900626.56 1.3800703 1.0817524 1.262782 0.9090238 0.7529003	900626.56 1.3800737 1.0817536 1.2627797 0.90902716 0.75289917	0.9999999998895037
70102778_20000	865.0	39	39	910108.56 1.0704821 1.2496257 1.3614596 0.74505615 1.0457258	910108.94 1.0704829 1.249623 1.3614601 0.7450548 1.0457232	0.9999999998720471
70102778_20000	865.0	40	40	843889.9 1.3476818 1.4682912 1.039574 1.1277822 1.0933784	843890.1 1.347679 1.4682919 1.0395737 1.1277795 1.0933816	0.9999999998872856
70102778_20000	865.0	41	41	934069.2 1.3265356 0.9392088 1.5950435 0.9878187 0.6429406	934066.1 1.326541 0.9392119 1.5950166 0.98782516 0.6429438	0.9999999980669130
70102778_20000	865.0	42	42	960255.9 0.9135961 1.5515459 1.6098793 0.6254073 0.9768407	960252.56 0.91359925 1.55152 1.6098858 0.62541044 0.9768451	0.9999999983992496
70102778_20000	865.0	43	43	886626.4 1.6803932 1.7435709 1.1330702 1.057962 0.98704934	886623.44 1.680365 1.7435778 1.1330751 1.0579666 0.98705375	0.9999999983714467
