ID	BITRATE	START_IDX	CAPTURE_START_IDX	KEY	CAPTURE_KEY	CORRELATION
70104894_20000	1065.0	9	19	1413351.8 0.5082457 0.49566713 0.40562585 0.14061822 0.7104431 0.54602545 0.64401025 0.751377 0.65703887 0.14094864	1413351.6 0.5082472 0.4956693 0.40562448 0.1406161 0.71044177 0.5460248 0.6440103 0.7513792 0.6570382 0.14094865	0.9999999999785004
70104894_20000	1065.0	10	20	1403705.2 0.49907345 0.40841338 0.14158456 0.7153254 0.5497778 0.648436 0.7565406 0.6615541 0.14191726 0.4773773	1403703.8 0.4990761 0.4084124 0.14158258 0.7153247 0.5497777 0.64843667 0.7565435 0.6615541 0.14191741 0.47737494	0.9999999999745105
70104894_20000	1065.0	11	21	1360073.8 0.42151538 0.14612663 0.7382732 0.5674148 0.669238 0.7808106 0.6827769 0.14647 0.49269167 0.35468298	1360071.2 0.4215147 0.14612469 0.7382731 0.5674151 0.6692392 0.78081423 0.68277746 0.14647026 0.49268964 0.35468143	0.9999999999834638
70104894_20000	1065.0	12	22	1346272.2 0.14762467 0.74584174 0.57323176 0.67609876 0.7888152 0.68977654 0.14797156 0.49774256 0.35831904 0.37457803	1346270.6 0.14762262 0.74584115 0.5732317 0.6760996 0.78881836 0.6897766 0.14797173 0.49774018 0.35831726 0.3745807	0.9999999999731978
70104894_20000	1065.0	13	23	1346265.6 0.7458454 0.57323456 0.6761021 0.7888191 0.68977994 0.14797229 0.497745 0.35832083 0.37457988 0.14760089	1346264.8 0.74584436 0.5732342 0.6761025 0.7888218 0.68977964 0.14797238 0.49774235 0.35831884 0.37458235 0.14760172	0.9999999999733411
70104894_20000	1065.0	14	24	1253807.0 0.61550623 0.7259594 0.84698844 0.7406459 0.15888411 0.5344499 0.38474423 0.40220225 0.15848532 0.4321343	1253807.2 0.6155053 0.7259593 0.84699064 0.74064493 0.15888408 0.5344466 0.38474175 0.40220457 0.15848608 0.4321366	0.9999999999653814
70104894_20000	1065.0	15	25	1218217.2 0.74716806 0.87173283 0.76228356 0.16352583 0.5500636 0.39598438 0.41395244 0.16311541 0.44475892 0.48741472	1218217.6 0.7471678 0.87173504 0.7622825 0.16352579 0.55006015 0.3959818 0.41395476 0.16311617 0.44476125 0.48741454	0.9999999999652378
70104894_20000	1065.0	16	26	1134485.2 0.9360721 0.8185448 0.17559506 0.5906617 0.42521048 0.44450468 0.17515433 0.47758487 0.5233889 0.43328285	1134485.6 0.93607444 0.8185437 0.175595 0.590658 0.42520767 0.44450718 0.17515515 0.47758737 0.52338874 0.4332827	0.9999999999604424
70104894_20000	1065.0	17	27	1072133.4 0.86614877 0.18580711 0.6250127 0.44993937 0.47035566 0.18534075 0.5053597 0.5538275 0.4584812 0.6997273	1072133.6 0.86614764 0.18580706 0.6250088 0.44993645 0.47035834 0.18534164 0.5053624 0.5538274 0.4584811 0.699729	0.9999999999475768
70104894_20000	1065.0	18	28	977826.0 0.20372745 0.68529266 0.4933342 0.5157196 0.20321612 0.5540996 0.607242 0.50269985 0.76721317 0.46745536	977826.6 0.20372732 0.68528813 0.4933308 0.5157223 0.203217 0.5541023 0.6072416 0.50269955 0.7672147 0.46745607	0.9999999999159732
70104894_20000	1065.0	19	29	977856.2 0.6852715 0.49331897 0.5157036 0.20320985 0.5540825 0.6072232 0.50268435 0.7671895 0.46744093 0.20387559	977856.4 0.6852673 0.4933158 0.5157066 0.20321083 0.55408543 0.6072231 0.50268424 0.7671914 0.46744186 0.2038735	0.9999999999074310
70104894_20000	1065.0	20	30	966582.6 0.4990727 0.52171844 0.20557994 0.56054497 0.6143055 0.5085473 0.7761375 0.47289285 0.20625345 0.6349473	966584.0 0.4990689 0.5217208 0.20558068 0.56054723 0.6143046 0.5085466 0.7761384 0.4728932 0.20625108 0.63494843	0.9999999999440714
70104894_20000	1065.0	21	31	1071806.0 0.47049934 0.18539736 0.5055141 0.55399674 0.45862123 0.69994104 0.4264671 0.18600474 0.57261205 0.9409464	1071807.6 0.47050142 0.18539801 0.5055161 0.55399585 0.45862055 0.6999418 0.4264674 0.1860026 0.572613 0.9409431	0.9999999999713163
70104894_20000	1065.0	22	32	1107685.4 0.1793921 0.4891398 0.53605205 0.4437659 0.67726904 0.41265327 0.1799798 0.5540644 0.9104679 0.6172159	1107686.4 0.17939283 0.48914206 0.5360516 0.4437655 0.67727023 0.4126538 0.17997783 0.5540657 0.9104653 0.61721534	0.9999999999770489
70104894_6500	987.0	21	33	1163721.8 0.46558896 0.51024055 0.42239994 0.64465755 0.39278463 0.17131071 0.52738637 0.8666264 0.58749264 0.41151246	1163721.0 0.46558926 0.51024 0.42239764 0.6446588 0.392784 0.17131168 0.5273867 0.86662525 0.5874956 0.411511	0.9999999999649536
70104894_20000	1065.0	24	34	1095084.0 0.54222053 0.44887242 0.6850625 0.41740176 0.18205087 0.5604401 0.92094487 0.6243183 0.43730345 0.18138517	1095084.0 0.54222053 0.44887242 0.6850643 0.41740268 0.18204905 0.5604419 0.920943 0.6243183 0.43730345 0.18138427	0.9999999999838225
