ID	BITRATE	START_IDX	CAPTURE_START_IDX	KEY	CAPTURE_KEY	CORRELATION
70102778_5500	884.0	21	19	703837.2 0.73994243 0.5857732 0.49131817 0.28229398 0.5738458 0.54067475 0.51708126 0.45498732 0.53095376 0.2831294	703837.0 0.7399426 0.58577627 0.49131688 0.28229263 0.5738459 0.5406777 0.5170785 0.45498744 0.53095245 0.28312948	0.9999999999174457
70102778_5500	884.0	22	20	672463.6 0.6131023 0.51424044 0.2954643 0.60061836 0.5658997 0.54120547 0.47621462 0.5557252 0.2963387 0.5411906	672463.8 0.6131051 0.51423883 0.29546273 0.6006182 0.5659026 0.54120237 0.47621447 0.5557236 0.29633862 0.5411934	0.9999999998419812
70102778_5500	884.0	23	21	685848.0 0.504205 0.2896983 0.5888972 0.5548562 0.5306438 0.46692124 0.5448802 0.29055563 0.5306292 0.6987131	685848.0 0.50420356 0.28969684 0.5888972 0.5548591 0.5306409 0.46692124 0.5448787 0.29055563 0.53063214 0.69871455	0.9999999998928647
70102778_5500	884.0	24	22	713718.2 0.2783858 0.5659012 0.5331894 0.50992256 0.4486883 0.523603 0.27920964 0.50990856 0.67142886 0.6797627	713718.6 0.2783842 0.56590086 0.5331919 0.50991946 0.44868803 0.5236013 0.27920946 0.50991106 0.6714299 0.6797637	0.9999999999221854
70102778_5500	884.0	25	23	769115.6 0.5251408 0.49478516 0.47319412 0.41637042 0.48588923 0.2590989 0.47318113 0.62306756 0.63080114 0.6184714	769116.0 0.5251405 0.4947875 0.4731913 0.4163702 0.4858877 0.25909877 0.4731835 0.6230686 0.6308021 0.6184698	0.9999999998852066
70102778_4800	838.0	24	24	728059.6 0.52268386 0.49987528 0.43984997 0.5132876 0.2737111 0.49986017 0.65820295 0.66636986 0.65334344 0.27281556	728062.2 0.5226875 0.49987352 0.43984842 0.5132858 0.27370876 0.49986526 0.658202 0.66637164 0.6533439 0.27281323	0.9999999998574696
70102778_4800	838.0	25	25	738633.4 0.4927194 0.4335534 0.5059398 0.26979285 0.4927045 0.6487806 0.6568306 0.6439907 0.26891014 0.5867782	738635.0 0.49271834 0.43355244 0.50593865 0.2697909 0.4927102 0.6487805 0.65683323 0.64399195 0.2689082 0.5867756	0.9999999998656494
70102778_4800	838.0	26	26	756797.8 0.42314735 0.49379635 0.26331735 0.48087877 0.63320875 0.64106554 0.6285338 0.26245582 0.5726946 0.6009016	756798.8 0.4231468 0.4937957 0.26331568 0.48088473 0.6332092 0.64106864 0.6285356 0.26245415 0.5726925 0.60089684	0.9999999997916585
70102778_4200	890.0	27	27	786064.6 0.47541258 0.25351095 0.46297848 0.6096331 0.6171999 0.6051335 0.25268278 0.5513745 0.57853 0.59354407	786064.2 0.47541156 0.25351238 0.46298128 0.6096347 0.6172015 0.6051351 0.25268292 0.551371 0.57852525 0.5935444	0.9999999998522344
70102778_4200	890.0	28	28	800727.2 0.24886878 0.45450062 0.59846973 0.605898 0.5940525 0.24805577 0.541278 0.56793624 0.58267534 0.55826503	800727.4 0.24886997 0.454503 0.59847087 0.6058991 0.5940536 0.24805571 0.54127413 0.5679311 0.5826752 0.5582674	0.9999999998381450
