ID	BITRATE	START_IDX	CAPTURE_START_IDX	KEY	CAPTURE_KEY	CORRELATION
70104894_20000	1065.0	24	25	1217829.8 1.3156921 0.9650232 1.009242 0.53843486 0.16370186	1217831.8 1.3156908 0.9650241 1.0092429 0.5384348 0.16369995	0.9999999999837011
70104894_20000	1065.0	25	26	1329813.4 0.8837586 0.92425376 0.49309325 0.7206071 0.46151513	1329814.2 0.8837603 0.9242554 0.49309367 0.7206044 0.46151635	0.9999999999840323
70104894_20000	1065.0	26	27	1275946.0 0.9632735 0.5139105 0.75102943 0.9097376 0.79040337	1275946.8 0.9632753 0.51391095 0.75102663 0.9097386 0.7904021	0.9999999999859353
70104894_20000	1065.0	27	28	1124710.0 0.5830143 0.8520179 1.032067 1.0734589 0.60787314	1124710.8 0.5830148 0.8520146 1.032068 1.0734574 0.6078736	0.9999999999879569
70104894_10000	1075.0	29	29	1044328.2 0.9175966 1.1115069 1.156082 0.97585034 0.45855892	1044328.0 0.91759485 1.111507 1.1560822 0.9758534 0.458559	0.9999999999875181
70104894_4200	956.0	28	30	1214567.2 0.95571405 0.99404126 0.83907336 0.7979484 0.16354138	1214567.8 0.95571285 0.9940401 0.839073 0.79795134 0.16354214	0.9999999999794570
70104894_4200	956.0	29	31	1171595.2 1.0305009 0.869849 0.82721573 0.6908222 0.64775866	1171594.6 1.0305007 0.8698495 0.82721955 0.6908209 0.647759	0.9999999999713863
70104894_4200	956.0	30	32	1018127.6 1.0009658 0.9519062 0.7949534 1.3243074 0.5373089	1018127.6 1.0009658 0.95191014 0.79495144 1.3243095 0.5373069	0.9999999999449792
70104894_4200	956.0	31	33	1021744.4 0.94853663 0.7921394 1.3196197 1.0885316 0.19458781	1021744.2 0.94854075 0.7921376 1.3196219 1.0885317 0.19458687	0.9999999999381849
