ID	BITRATE	START_IDX	CAPTURE_START_IDX	KEY	CAPTURE_KEY	CORRELATION
70104894_15000	1074.0	6	16	1626019.6 1.6145605 1.486615	1626012.6 1.6145656 1.4866004	0.9902810149366924
70104894_20000	1065.0	9	19	1868080.8 1.0848011 1.4809948	1868079.8 1.0848011 1.4809978	0.9999999999785004
70104894_20000	1065.0	10	20	1665338.4 2.0636737 1.3652751	1665336.4 2.063676 1.3652743	0.9999999999745105
70104894_20000	1065.0	11	21	1907306.4 1.4449908 0.68587095	1907303.2 1.4449894 0.68587047	0.9999999999834638
70104894_20000	1065.0	12	22	1782821.8 1.0166187 1.5347372	1782819.2 1.0166202 1.5347377	0.9999999999731978
70104894_20000	1065.0	13	23	1669007.0 1.7584546 1.3078123	1669006.8 1.7584536 1.3078096	0.9999999999733411
70104894_20000	1065.0	14	24	1639960.4 1.6613579 0.98399144	1639960.6 1.6613563 0.9839931	0.9999999999653814
70104894_20000	1065.0	15	25	1608784.2 1.3721442 1.2001404	1608784.4 1.372146 1.2001404	0.9999999999652378
70104894_20000	1065.0	16	26	1393939.4 1.7377514 1.4009469	1393940.4 1.73775 1.4009452	0.9999999999604424
70104894_20000	1065.0	17	27	1344205.4 2.0108802 0.9650839	1344205.0 2.0108814 0.9650864	0.9999999999475768
70104894_20000	1065.0	18	28	1332707.8 1.3163884 1.020749	1332708.8 1.3163904 1.0207459	0.9999999999159732
70104894_20000	1065.0	19	29	1288886.4 1.2101307 1.3766993	1288887.4 1.2101259 1.3766998	0.9999999999074310
70104894_20000	1065.0	20	30	1144507.4 2.0866077 1.358795	1144508.6 2.086609 1.3587971	0.9999999999440714
70104894_20000	1065.0	21	31	1452954.6 1.764448 0.61228615	1452957.6 1.7644458 0.6122842	0.9999999999713163
70104894_20000	1065.0	22	32	1519561.2 1.035368 1.2541403	1519562.0 1.0353668 1.2541443	0.9999999999770489
70104894_6500	987.0	21	33	1438640.2 1.6575617 1.4314781	1438639.6 1.6575618 1.4314759	0.9999999999649536
70104894_20000	1065.0	24	34	1463646.8 1.5427295 0.9391576	1463647.6 1.5427272 0.9391557	0.9999999999838225
