ID	BITRATE	START_IDX	CAPTURE_START_IDX	KEY	CAPTURE_KEY	CORRELATION
70102778_7050	876.0	17	15	1041989.6 0.1906113 0.66478974 0.6691295 0.4765959 0.4988735	1041988.8 0.19060858 0.6647922 0.66913 0.47659534 0.4988739	0.9999999999927185
70102778_20000	865.0	25	16	1184368.0 0.584874 0.5886912 0.4193021 0.43890074 0.468232	1184368.0 0.584874 0.58869034 0.41930127 0.4389016 0.46823284	0.9999999999510695
70102778_20000	865.0	26	17	987018.4 0.7063972 0.50313956 0.52665687 0.56185275 0.2019537	987018.0 0.70639646 0.5031387 0.52665806 0.561854 0.20195276	0.9999999999827526
70102778_6500	899.0	18	18	916447.6 0.5418848 0.567213 0.60511917 0.21750179 0.56828123	916446.8 0.54188305 0.5672135 0.6051197 0.21750417 0.56827956	0.9999999999699316
70102778_6500	899.0	19	19	882720.0 0.5888855 0.62824 0.22581226 0.58999455 0.4670677	882720.4 0.58888525 0.6282397 0.22581443 0.58999205 0.46706864	0.9999999999795254
70102778_6500	899.0	20	20	813114.4 0.68201965 0.24514264 0.6405003 0.50705045 0.42528704	813114.8 0.6820193 0.24514496 0.6404975 0.5070514 0.4252868	0.9999999999765659
70102778_6500	899.0	21	21	752848.4 0.26476645 0.69177276 0.54764014 0.45933154 0.5364892	752848.4 0.2647691 0.6917701 0.54764146 0.45933154 0.5364878	0.9999999999755029
70102778_4800	838.0	30	32	828832.4 0.578176 0.58535 0.5739074 0.23964556 0.5229212	828833.2 0.57817304 0.5853506 0.5739092 0.23964413 0.52292305	0.9999999999038351
70102778_4800	838.0	31	33	819052.4 0.5923394 0.5807602 0.24250709 0.5291652 0.55522823	819053.6 0.59233975 0.58076173 0.24250549 0.5291668 0.55522615	0.9999999999467100
70102778_4200	890.0	32	34	811616.4 0.58608234 0.24472769 0.53401583 0.56031644 0.5748578	811615.6 0.58608407 0.24472791 0.5340163 0.5603145 0.5748571	0.9999999999537493
70102778_4200	890.0	33	35	800154.0 0.24823347 0.54166573 0.5683431 0.58309275 0.558665	800152.8 0.24823384 0.5416665 0.56834143 0.5830924 0.5586658	0.9999999999746898
70102778_4200	890.0	34	36	800252.8 0.54159886 0.5682729 0.58302075 0.55859596 0.24851146	800252.0 0.5415994 0.568271 0.5830201 0.55859655 0.24851297	0.9999999999763214
