ID	BITRATE	START_IDX	CAPTURE_START_IDX	KEY	CAPTURE_KEY	CORRELATION
70220028_20000	861.0	73	0	424108.0 0.5371085 0.46289152	424106.0 0.530292 0.46970806	0.9999999999999999
80232502_7050	1873.0	7	3	349172.0 0.5689116 0.43108842	349182.0 0.56862324 0.43137676	1.0000000000000000
70102778_6500	899.0	5	4	437742.0 0.3441091 0.65589094	437740.0 0.34410608 0.6558939	1.0000000000000000
70019012_7050	1761.0	11	8	703231.0 0.27872634 0.72127366	703222.0 0.28266323 0.7173368	1.0000000000000000
70308278_4200	989.0	60	11	488823.0 0.5992783 0.40072173	488834.0 0.593455 0.40654495	1.0000000000000000
70301367_15000	467.0	16	14	407700.0 0.51944566 0.48055434	407688.0 0.51283336 0.48716664	1.0000000000000000
70102778_7050	876.0	17	15	891319.0 0.22283268 0.7771673	891318.0 0.22282957 0.7771704	1.0000000000000000
70102778_7050	876.0	18	16	1389930.0 0.4983733 0.50162673	1389932.0 0.49837402 0.50162596	1.0000000000000000
70102778_7050	876.0	19	17	1193834.0 0.5840226 0.41597742	1193833.0 0.58402306 0.41597694	1.0000000000000000
70102778_7050	876.0	20	18	1016429.0 0.4885811 0.5114189	1016428.0 0.48858058 0.5114194	1.0000000000000000
70102778_6500	899.0	19	19	1074381.0 0.48383301 0.516167	1074381.0 0.48383301 0.516167	1.0000000000000000
70102778_6500	899.0	20	20	753889.0 0.735599 0.264401	753891.0 0.7355971 0.26440296	1.0000000000000000
70102778_6500	899.0	21	21	720129.0 0.27679625 0.7232038	720129.0 0.27679902 0.723201	1.0000000000000000
70102778_7050	876.0	24	22	933091.0 0.5581449 0.44185507	933089.0 0.558144 0.44185603	1.0000000000000000
70102778_7050	876.0	25	23	758097.0 0.54384995 0.45615008	758098.0 0.54384923 0.4561508	1.0000000000000000
70102778_6500	899.0	24	24	749702.0 0.46125928 0.53874075	749701.0 0.4612599 0.5387401	1.0000000000000000
70102778_7050	876.0	28	25	784439.0 0.51488006 0.48511994	784441.0 0.5148813 0.48511872	1.0000000000000000
70102778_5500	884.0	26	26	744488.0 0.5111526 0.48884737	744486.0 0.511154 0.488846	1.0000000000000000
70102778_5500	884.0	27	27	684178.0 0.531939 0.46806094	684176.0 0.53193766 0.4680623	0.9999999999999999
70102778_7050	876.0	34	32	964369.0 0.4969156 0.5030844	964367.0 0.49691558 0.5030844	1.0000000000000000
70102778_7050	876.0	35	33	960833.0 0.5049358 0.49506417	960833.0 0.5049348 0.4950652	1.0000000000000000
81006261_4800	1211.0	52	34	674305.0 0.7056199 0.29438013	674300.0 0.7054353 0.29456472	1.0000000000000000
80202920_10000	2833.0	7	35	632045.0 0.3153035 0.6846965	632041.0 0.31425968 0.68574035	1.0000000000000000
70102778_6500	899.0	35	36	888178.0 0.48798212 0.51201785	888176.0 0.48798436 0.51201564	1.0000000000000000
70102778_7050	876.0	39	37	921327.0 0.49359348 0.50640655	921323.0 0.49359453 0.5064055	1.0000000000000000
70102778_4800	838.0	37	38	913583.0 0.5106958 0.4893042	913581.0 0.5106969 0.48930308	1.0000000000000000
70102778_4200	890.0	37	39	645890.0 0.6920962 0.30790383	645891.0 0.6920951 0.3079049	1.0000000000000000
80232502_2000	524.0	45	40	398077.0 0.4993406 0.5006594	398079.0 0.49958175 0.50041825	1.0000000000000000
80202920_5500	1458.0	19	41	601120.0 0.3312084 0.6687916	601130.0 0.33138588 0.6686141	1.0000000000000000
70102778_5500	884.0	40	42	822308.0 0.4887767 0.5112233	822308.0 0.4887755 0.5112245	1.0000000000000000
70102778_7050	876.0	45	43	924988.0 0.45447508 0.5455249	924987.0 0.45447558 0.5455244	1.0000000000000000
70102778_7050	876.0	46	44	703157.0 0.71762633 0.28237364	703156.0 0.717626 0.28237405	1.0000000000000000
70102778_7050	876.0	47	45	821757.0 0.2416201 0.75837994	821757.0 0.2416201 0.75837994	1.0000000000000000
70102778_5500	884.0	44	46	1161333.0 0.5366282 0.46337184	1161332.0 0.5366286 0.46337137	1.0000000000000000
70102778_7050	876.0	49	48	796076.0 0.50756335 0.49243665	796074.0 0.50756335 0.49243665	1.0000000000000000
70102778_3500	815.0	49	49	1318869.0 0.29723725 0.7027627	1318868.0 0.2972367 0.70276326	1.0000000000000000
70102778_5500	884.0	51	51	975318.0 0.20380533 0.7961947	975319.0 0.20380512 0.7961949	1.0000000000000000
70102778_7050	876.0	55	52	1483331.0 0.52351093 0.47648907	1483334.0 0.5235126 0.47648743	1.0000000000000000
70102778_4200	890.0	51	53	1251545.0 0.564734 0.43526602	1251545.0 0.564734 0.43526602	1.0000000000000000
70102778_7050	876.0	57	55	1037887.0 0.19212207 0.80787796	1037889.0 0.1921217 0.8078783	1.0000000000000000
70102778_5500	884.0	54	56	1725483.0 0.48594278 0.5140572	1725484.0 0.48594365 0.5140563	1.0000000000000000
70102778_4800	838.0	57	59	1675912.0 0.51041824 0.4895818	1675910.0 0.51041883 0.4895812	1.0000000000000000
70102778_7050	876.0	61	60	1465620.0 0.5598286 0.4401714	1465619.0 0.5598276 0.44017237	1.0000000000000000
70102778_4800	838.0	61	61	1241056.0 0.51981944 0.4801806	1241070.0 0.51981354 0.48018646	1.0000000000000000
70102778_3500	815.0	63	62	794482.0 0.75008243 0.24991755	794500.0 0.7500881 0.24991189	1.0000000000000000
80192815_15000	2261.0	42	63	794461.0 0.25011927 0.74988073	794486.0 0.2499163 0.7500837	1.0000000000000000
70102778_4200	890.0	63	65	1290306.0 0.4673907 0.53260934	1290305.0 0.46739027 0.53260976	1.0000000000000000
70102778_4800	838.0	65	66	1241753.0 0.5534337 0.44656625	1241754.0 0.5534341 0.4465659	1.0000000000000000
70102778_7050	876.0	69	67	1246217.0 0.44496745 0.55503255	1246218.0 0.4449663 0.5550337	1.0000000000000000
70102778_6500	899.0	66	68	1490911.0 0.46393916 0.5360608	1490913.0 0.46393922 0.5360608	1.0000000000000000
70102778_7050	876.0	72	69	997602.0 0.80114114 0.19885886	997605.0 0.8011387 0.19886127	1.0000000000000000
80106307_10000	2454.0	32	70	748797.0 0.26253977 0.7374602	748821.0 0.2649298 0.73507017	1.0000000000000000
70102778_6500	899.0	68	71	1047160.0 0.5256465 0.4743535	1047161.0 0.52564603 0.474354	1.0000000000000000
70102778_7050	876.0	74	72	809251.0 0.61380833 0.38619167	809251.0 0.61380833 0.38619167	1.0000000000000000
70041162_4800	1143.0	0	73	512168.0 0.6103486 0.38965145	512147.0 0.61022717 0.38977286	1.0000000000000000
80093138_4200	1164.0	29	74	591321.0 0.33602393 0.6639761	591305.0 0.33759397 0.662406	1.0000000000000000
70102778_7050	876.0	78	75	911506.0 0.429713 0.570287	911506.0 0.42971084 0.5702892	1.0000000000000000
70102778_3500	815.0	76	76	718474.0 0.72350705 0.27649295	718476.0 0.72350645 0.27649358	1.0000000000000000
80018689_5500	1332.0	5	77	576793.0 0.34544975 0.65455025	576801.0 0.3444065 0.6555935	1.0000000000000000
70102778_20000	865.0	87	78	927026.0 0.40791088 0.5920891	927027.0 0.40791368 0.5920863	1.0000000000000000
70084788_4800	892.0	59	79	1037116.0 0.53597575 0.46402428	1037127.0 0.52923125 0.47076878	1.0000000000000000
70102778_10000	889.0	80	80	1010939.0 0.48296288 0.51703715	1010941.0 0.4829629 0.5170371	1.0000000000000000
