ID	BITRATE	START_IDX	CAPTURE_START_IDX	KEY	CAPTURE_KEY	CORRELATION
70103763_7050	1475.0	17	20	1386235.6 0.7418054 0.57421625 0.14375262 0.58960396 0.4506218	1386235.2 0.74180484 0.57421494 0.14375265 0.58960485 0.45062265	0.9999999999919992
70103763_7050	1475.0	18	21	1357296.4 0.5864592 0.14681761 0.60217506 0.46022964 0.7043185	1357297.6 0.58645725 0.14681746 0.60217524 0.46022993 0.7043201	0.9999999999827178
70103763_10000	1730.0	28	25	1495330.0 0.6393037 0.5837976 0.1330616 0.49689835 0.6469388	1495328.4 0.6393057 0.5837962 0.13306041 0.4968982 0.6469395	0.9999999999857966
70103763_10000	1730.0	29	26	1759590.0 0.49612126 0.11307805 0.4222728 0.5497798 0.91874814	1759589.2 0.49611977 0.113076955 0.4222724 0.54978 0.91875076	0.9999999999952134
70103763_10000	1730.0	30	27	1967140.4 0.10114733 0.37771937 0.49177325 0.8218122 0.7075479	1967142.0 0.10114623 0.37771854 0.49177283 0.8218136 0.7075488	0.9999999999992617
70103763_15000	1793.0	30	28	1967188.8 0.37770906 0.49176165 0.821793 0.7075315 0.10120483	1967189.6 0.3777094 0.49176094 0.8217937 0.7075317 0.101204276	0.9999999999987199
70103763_15000	1793.0	31	29	2166546.8 0.44651148 0.7461745 0.64242697 0.09189232 0.57299477	2166546.5 0.44651106 0.7461755 0.6424275 0.09189186 0.57299393	0.9999999999969721
70103763_7050	1475.0	49	46	1962216.8 0.47957495 0.5309016 0.101573385 0.56576675 0.8221834	1962217.2 0.47957534 0.53090096 0.101574376 0.56576663 0.82218266	0.9999999999991802
70103763_7050	1475.0	50	47	2196281.5 0.47432172 0.090748385 0.50547117 0.73456067 0.6948982	2196282.5 0.47432104 0.09074926 0.50547093 0.7345599 0.6948988	0.9999999999969664
70103763_7050	1475.0	51	48	2406870.5 0.08280836 0.461245 0.6702903 0.6340981 0.6515581	2406871.2 0.082809165 0.46124485 0.6702897 0.6340987 0.6515575	0.9999999999978948
70103763_7050	1475.0	52	49	2669081.2 0.41593227 0.6044409 0.5718042 0.587549 0.3202735	2669079.5 0.41593254 0.604441 0.57180536 0.58754903 0.3202722	0.9999999999870144
70103763_7050	1475.0	53	50	2713927.2 0.5944529 0.5623555 0.5778401 0.31498116 0.45037022	2713925.2 0.594453 0.5623567 0.57784015 0.31497994 0.4503702	0.9999999999901186
70103763_7050	1475.0	54	51	2580850.5 0.59135234 0.6076354 0.3312226 0.47359273 0.4961969	2580849.2 0.5913534 0.60763526 0.3312212 0.47359255 0.49619752	0.9999999999861809
70103763_20000	1872.0	59	58	2035683.6 0.51015985 0.51518565 0.37829503 0.54399073 0.55236876	2035684.8 0.51518583 0.51015955 0.37829483 0.55236894 0.5439909	0.9951849090677526
70103763_5500	1609.0	62	68	1517660.4 0.69426334 0.81564033 0.472638 0.38616875 0.13128959	1517661.6 0.6942628 0.8156397 0.47263828 0.3861704 0.13128881	0.9999999999930417
70103763_6500	1462.0	73	70	1324384.0 0.54161406 0.4425265 0.15044805 0.5920632 0.7733482	1324385.2 0.5416136 0.44252682 0.15044867 0.5920619 0.773349	0.9999999999929698
70103763_6500	1462.0	74	71	1574250.8 0.37228823 0.12656878 0.49809027 0.65060157 0.85245126	1574251.6 0.37228864 0.12656935 0.49808937 0.65060246 0.85245013	0.9999999999958680
70103763_6500	1462.0	75	72	1768800.0 0.112647556 0.44330564 0.5790423 0.75869066 0.6063139	1768800.4 0.1126481 0.443305 0.57904327 0.75868994 0.60631377	0.9999999999959547
70103763_4800	1305.0	79	80	2135233.5 0.44712207 0.09311909 0.46143243 0.72695607 0.7713704	2135234.0 0.44712242 0.09311907 0.46143234 0.7269555 0.7713707	0.9999999999989591
