ID	BITRATE	START_IDX	CAPTURE_START_IDX	KEY	CAPTURE_KEY	CORRELATION
70102778_20000	865.0	17	17	1273665.6 3.0100348	1273680.1 3.0100863	0.9999999906290225
70102778_20000	865.0	18	18	1405446.6 2.3278337	1405446.5 2.327836	0.9999999999568715
70102778_20000	865.0	19	19	1222275.1 3.2565572	1222275.4 3.256555	0.9999999999583106
70102778_20000	865.0	20	20	1254337.4 2.2258892	1254336.9 2.2258892	0.9999999999365909
70102778_20000	865.0	21	21	1186428.0 3.1284258	1186427.5 3.1284254	0.9999999999284217
70102778_20000	865.0	22	22	1281100.0 2.3213081	1281099.4 2.3213055	0.9999999999123454
70102778_20000	865.0	23	23	1185891.1 3.1041205	1185890.2 3.1041245	0.9999999999084915
70102778_20000	865.0	24	24	1291117.4 2.266838	1291116.8 2.2668362	0.9999999999112760
70102778_20000	865.0	25	25	1227773.8 3.0559514	1227771.6 3.0559568	0.9999999999191186
70102778_20000	865.0	26	26	1206139.1 2.4271007	1206138.1 2.4270935	0.9999999999027005
70102778_5500	884.0	17	27	1051150.4 3.256668	1051148.9 3.25667	0.9999999998948446
70102778_5500	884.0	18	28	1141690.8 2.373148	1141688.9 2.3731465	0.9999999998939346
70102778_5500	884.0	19	29	1038794.56 3.2843828	1038792.8 3.2843835	0.9999999998929762
70102778_5500	884.0	20	30	1117297.4 2.3854492	1117295.8 2.3854473	0.9999999998771492
70102778_4800	838.0	19	31	1065026.9 2.8692722	1065026.1 2.8692818	0.9999999998725769
70102778_4800	838.0	20	32	1062592.6 2.7285519	1062593.9 2.728542	0.9999999998574717
70102778_4800	838.0	21	33	1061854.4 2.8156536	1061853.8 2.8156636	0.9999999998640838
70102778_4800	838.0	22	34	1063191.8 2.52628	1063192.5 2.5262706	0.9999999998982457
70102778_4800	838.0	23	35	1078004.5 2.8854907	1078004.2 2.8854988	0.9999999998996051
70102778_4800	838.0	24	36	1113014.2 2.6363103	1113015.8 2.6363022	0.9999999999017496
70102778_4800	838.0	25	37	1095468.5 2.8376918	1095468.5 2.8377008	0.9999999998941189
70102778_20000	865.0	38	38	1139686.0 2.6834629	1139686.5 2.6834617	0.9999999998895037
70102778_20000	865.0	39	39	1152158.8 2.747065	1152158.8 2.747065	0.9999999998720471
70102778_20000	865.0	40	40	1135996.5 2.5856347	1135996.6 2.5856354	0.9999999998872856
70102778_20000	865.0	41	41	1174066.1 2.8358777	1174063.5 2.8358603	0.9999999980669130
70102778_20000	865.0	42	42	1238980.1 2.7128756	1238972.9 2.7128932	0.9999999983992496
70102778_20000	865.0	43	43	1217814.8 2.766952	1217812.1 2.766935	0.9999999983714467
