ID	BITRATE	START_IDX	CAPTURE_START_IDX	KEY	CAPTURE_KEY	CORRELATION
70104894_7050	986.0	8	7	600023.3 0.5892804 0.5794825 0.33123714	600022.7 0.589281 0.5794814 0.33123747	0.9999999999831486
70104894_7050	986.0	9	8	635620.0 0.5470297 0.31268683 0.6402835	635619.3 0.54702866 0.31268716 0.6402842	0.9999999999863628
70104894_7050	986.0	10	9	632518.7 0.31421995 0.6434229 0.5423571	632516.7 0.31422096 0.6434249 0.54235405	0.9999999998744030
70104894_7050	986.0	11	10	632514.0 0.64342767 0.54236114 0.31421122	632510.7 0.643431 0.54235923 0.3142097	0.9999999999205597
70104894_4800	946.0	13	13	724625.3 0.38750094 0.57899857 0.53350055	724623.3 0.387502 0.578996 0.53350204	0.9999999998480527
70104894_4800	946.0	14	14	942418.7 0.4451917 0.41020834 0.6445999	942417.3 0.44518918 0.41020894 0.6446019	0.9999999998999971
70104894_20000	1065.0	20	21	790259.3 0.6104262 0.6381247 0.2514491	790259.3 0.6104237 0.63812727 0.2514491	0.9999999999314495
70104894_20000	1065.0	21	22	829871.3 0.6076653 0.23944676 0.652888	829874.0 0.6076657 0.23944598 0.6528883	0.9999999999998130
70104894_20000	1065.0	22	23	889533.3 0.2233868 0.609098 0.6675152	889536.0 0.22338612 0.60909843 0.6675154	0.9999999999997882
70104894_6500	987.0	21	24	1084766.6 0.49947703 0.54737854 0.45314446	1084765.4 0.49947667 0.5473801 0.45314315	0.9999999999856072
70104894_7050	986.0	25	25	1223709.4 0.48525247 0.4016918 0.6130557	1223689.4 0.4852367 0.40169835 0.6130649	0.9999999920793590
70104894_7050	986.0	35	33	1003185.3 0.75650233 0.54531103 0.19818671	1003184.0 0.7565003 0.5453127 0.19818698	0.9999999999832232
70104894_7050	986.0	36	34	720864.7 0.7588775 0.27580488 0.46531758	720865.3 0.75887823 0.27580464 0.46531716	0.9999999999991795
70104894_7050	986.0	37	35	683019.3 0.29108694 0.4911003 0.7178128	683019.3 0.29108694 0.4911003 0.7178128	1.0000000000000000
70104894_7050	986.0	38	36	957628.0 0.35027274 0.5119733 0.6377539	957628.7 0.3502725 0.51197296 0.6377545	0.9999999999972459
70104894_7050	986.0	39	37	1126942.0 0.43505344 0.5419365 0.5230101	1126943.4 0.4350529 0.5419367 0.5230103	0.9999999999988894
70104894_7050	986.0	40	38	1176858.0 0.51895046 0.5008268 0.48022276	1176858.6 0.51895106 0.5008274 0.48022166	0.9999999997196496
70104894_7050	986.0	41	39	902595.3 0.65300804 0.6261433 0.2208487	902593.3 0.6530106 0.6261436 0.22084586	0.9999999999914756
70104894_7050	986.0	42	40	996392.7 0.56720006 0.20005867 0.73274124	996388.7 0.5672013 0.20005646 0.7327422	0.9999999999962962
70104894_7050	986.0	43	41	1195100.0 0.16679525 0.6109095 0.7222952	1195097.4 0.16679311 0.6109092 0.7222976	0.9999999999941703
70104894_6500	987.0	40	42	1668524.0 0.43756878 0.51735246 0.54507875	1668524.6 0.4375698 0.5173529 0.5450774	0.9999999999309385
70104894_5500	1016.0	40	43	1666125.4 0.5180967 0.5458635 0.4360398	1666124.0 0.5180983 0.54586273 0.43603897	0.9999999997276061
70104894_4800	946.0	45	44	1223042.0 0.74361634 0.5940082 0.16237545	1223039.4 0.7436187 0.59400785 0.16237335	0.9999999999955964
70104894_4800	946.0	46	45	819692.0 0.88630486 0.24227637 0.37141877	819688.7 0.886306 0.24227369 0.37142026	0.9999999999850432
70104894_6500	987.0	43	46	628346.7 0.31605482 0.4845255 0.6994196	628344.7 0.31605107 0.48452547 0.69942343	0.9999999999993326
70104894_6500	987.0	44	47	779190.7 0.3907259 0.56401855 0.5452555	779188.0 0.390726 0.56402177 0.54525226	0.9999999994234203
70104894_4800	946.0	56	56	1132455.4 0.4701863 0.4661049 0.5637087	1132455.4 0.46610403 0.47018543 0.5637105	0.9972677382113389
70104894_7050	986.0	59	57	1077250.6 0.49428236 0.59259564 0.41312206	1077252.0 0.4942799 0.59259766 0.41312248	0.9999999997297673
70104894_3500	840.0	59	58	1070290.6 0.5964492 0.41580856 0.48774227	1070295.4 0.5964494 0.41580763 0.48774293	0.9999999999748641
70104894_6500	987.0	58	59	1204660.6 0.3694277 0.43334195 0.6972304	1204663.4 0.36942852 0.43334013 0.6972313	0.9999999999654609
70104894_4200	956.0	63	63	1056853.4 0.7228392 0.18845755 0.5887032	1056854.6 0.7228383 0.18845922 0.58870256	0.9999999999995507
70104894_6500	987.0	63	64	950712.7 0.20949863 0.654428 0.63607335	950713.3 0.20949954 0.6544276 0.63607293	0.9999999999999962
70104894_6500	987.0	64	65	1223539.4 0.50850266 0.49424073 0.49725658	1223538.6 0.50850296 0.49424103 0.49725607	0.9999999982263509
70104894_4800	946.0	71	70	1129897.4 0.5993562 0.1757434 0.72490036	1129900.6 0.59935534 0.17574555 0.7248992	0.9999999999996997
