ID	BITRATE	START_IDX	CAPTURE_START_IDX	KEY	CAPTURE_KEY	CORRELATION
70102778_20000	865.0	17	17	1042738.1 1.4149133 1.771089 1.5579281 1.4334087	1042747.5 1.4150099 1.771075 1.557915 1.433393	0.9999999910037368
70102778_20000	865.0	18	18	1023927.2 1.8036263 1.5865493 1.4597424 1.946444	1023927.2 1.8036282 1.5865504 1.4597396 1.9464343	0.9999999999297113
70102778_20000	865.0	19	19	972974.4 1.6696339 1.5361865 2.0483756 1.6857032	972973.9 1.6696358 1.5361841 2.0483663 1.6857092	0.9999999999264857
70102778_20000	865.0	20	20	926765.9 1.6127806 2.1505075 1.7697523 1.6063389	926765.6 1.6127778 2.1504974 1.7697581 1.6063403	0.9999999999142336
70102778_20000	865.0	21	21	943784.8 2.1117282 1.737839 1.5773723 1.4045182	943783.4 2.1117208 1.7378469 1.5773758 1.4045225	0.9999999999007630
70102778_20000	865.0	22	22	987463.6 1.6609685 1.5075998 1.3423917 1.5141935	987462.2 1.660976 1.507603 1.3423957 1.5141896	0.9999999999041863
70102778_20000	865.0	23	23	977607.4 1.5227995 1.3559257 1.5294596 2.0074604	977607.1 1.5228009 1.3559282 1.5294539 2.0074527	0.9999999999037388
70102778_20000	865.0	24	24	987737.2 1.3420199 1.5137742 1.9868727 1.7737978	987736.2 1.3420234 1.5137696 1.9868666 1.7738036	0.9999999999075182
70102778_20000	865.0	25	25	1008603.5 1.4824567 1.9457676 1.7371008 1.656768	1008602.4 1.4824524 1.9457618 1.7371068 1.6567688	0.9999999999114418
70102778_20000	865.0	26	26	899046.4 2.1828773 1.9487827 1.8586605 1.7825822	899044.9 2.182872 1.9487904 1.8586625 1.7825851	0.9999999999069555
70102778_4800	838.0	15	27	942419.4 1.859099 1.773115 1.7005434 1.0622957	942420.2 1.8590964 1.7731167 1.7005408 1.0622936	0.9999999999070970
70102778_4800	838.0	16	28	939386.3 1.7788401 1.7060341 1.0657256 1.8082933	939386.8 1.7788423 1.706032 1.0657239 1.8082967	0.9999999999042518
70102778_4800	838.0	17	29	871278.6 1.8393943 1.1490331 1.9496473 1.9628658	871279.2 1.8393921 1.1490313 1.9496506 1.9628645	0.9999999999087613
70102778_4800	838.0	18	30	878934.7 1.1390244 1.9326646 1.945768 1.5360322	878935.0 1.1390228 1.9326686 1.9457673 1.536034	0.9999999998984123
70102778_4800	838.0	19	31	877122.6 1.9366574 1.9497879 1.5392056 1.7268156	877122.5 1.9366622 1.9497881 1.539208 1.7268146	0.9999999999043848
70102778_4800	838.0	20	32	898334.4 1.9037489 1.5028614 1.6860415 1.3901483	898335.4 1.9037467 1.5028619 1.6860385 1.3901434	0.9999999998898390
70102778_20000	865.0	33	33	929836.3 1.451947 1.6289222 1.3430525 1.6990303	929836.4 1.4519479 1.6289189 1.3430481 1.699027	0.9999999998470419
70102778_20000	865.0	34	34	899508.2 1.6838435 1.3883353 1.7563154 2.0038838	899507.5 1.6838415 1.3883319 1.7563133 2.003891	0.9999999998381163
70102778_20000	865.0	35	35	908609.2 1.3744292 1.7387234 1.9838122 1.5679469	908609.1 1.3744249 1.7387202 1.9838178 1.567946	0.9999999998375994
70102778_20000	865.0	36	36	908828.9 1.7383031 1.9833326 1.567568 1.6671411	908822.9 1.7383112 1.9833512 1.5675771 1.6671532	0.9999999983544826
70102778_20000	865.0	37	37	977034.0 1.8448795 1.4581386 1.5507607 1.4155915	977031.2 1.8448899 1.4581418 1.5507662 1.4155638	0.9999999986673965
70102778_20000	865.0	38	38	983061.6 1.449198 1.5412523 1.4069118 1.8538777	983059.0 1.4492009 1.5412575 1.4068841 1.8538816	0.9999999986733933
