ID	BITRATE	START_IDX	CAPTURE_START_IDX	KEY	CAPTURE_KEY	CORRELATION
81076251_5500	1510.0	15	1	380884.0 0.51808685 0.5222272 0.4596859	380874.0 0.5158688 0.5233437 0.46078756	0.9987306549869693
70102778_7050	876.0	15	16	579176.0 0.6341941 0.52287906 0.34292686	579174.0 0.63419455 0.52288085 0.34292457	0.9999999999568586
70102778_7050	876.0	16	17	796105.3 0.3804007 0.24948332 0.87011606	796103.3 0.38040164 0.24948144 0.87011695	0.9999999999929238
70102778_6500	899.0	19	22	849140.0 0.6121735 0.6530843 0.23474221	849141.3 0.61217254 0.65308326 0.2347442	0.9999999999998633
70102778_6500	899.0	20	23	849792.7 0.6525827 0.23456192 0.6128554	849793.3 0.6525822 0.2345641 0.6128537	0.9999999999949617
70102778_6500	899.0	21	24	754946.0 0.2640308 0.6898507 0.54611856	754946.7 0.26403323 0.6898487 0.546118	0.9999999999999990
70102778_7050	876.0	24	25	852598.0 0.6108389 0.48357022 0.40559092	852596.7 0.61083865 0.4835698 0.40559155	0.9999999999919422
70102778_7050	876.0	25	26	637856.7 0.64636934 0.54213744 0.31149316	637856.0 0.64636844 0.54213804 0.31149352	0.9999999999936831
70102778_7050	876.0	26	27	632257.3 0.5469387 0.3142518 0.63880956	632258.7 0.5469375 0.31425112 0.6388113	0.9999999999711803
70102778_7050	876.0	27	28	655418.0 0.303147 0.61623573 0.58061725	655419.3 0.3031464 0.6162376 0.5806161	0.9999999999653963
70102778_5500	884.0	25	29	765588.0 0.52756053 0.497065 0.4753745	765587.3 0.527561 0.49706545 0.4753736	0.9999999998600575
70102778_5500	884.0	26	30	709816.7 0.5361201 0.51272535 0.4511545	709815.3 0.53612113 0.51272494 0.45115396	0.9999999999155083
70102778_5500	884.0	27	31	705255.3 0.51604146 0.45407245 0.5298861	705272.7 0.51602733 0.45405984 0.52991277	0.9999998982395739
70102778_7050	876.0	34	36	960028.7 0.49916217 0.5053589 0.49547896	960028.7 0.4991632 0.5053589 0.4954779	0.9999999812020544
70102778_4800	838.0	31	37	772970.7 0.6276525 0.61538297 0.25696447	772972.0 0.627654 0.61538196 0.25696403	0.9999999999817710
70102778_4800	838.0	32	38	738475.3 0.6441285 0.2689677 0.58690387	738476.7 0.6441273 0.26896718 0.5869055	0.9999999999742243
70102778_4800	838.0	33	39	724534.0 0.2741431 0.5981969 0.62766	724536.7 0.2741421 0.59819746 0.6276604	0.9999999999998138
70102778_7050	876.0	44	45	749461.3 0.26579624 0.5609149 0.67328894	749460.0 0.26579404 0.5609159 0.6732901	0.9999999999980903
70102778_4800	838.0	61	64	1224667.4 0.5267757 0.48660642 0.48661783	1224666.0 0.52677464 0.4866184 0.48660696	0.9999998784753739
70102778_6500	899.0	60	65	1252737.4 0.47571582 0.47570226 0.54858184	1252734.6 0.47571528 0.4757041 0.54858065	0.9999999995951337
70102778_20000	865.0	74	66	1257488.0 0.47390592 0.546507 0.47958708	1257488.6 0.47390568 0.54650676 0.47958764	0.9999999999477404
70102778_20000	865.0	75	67	1229883.4 0.5587733 0.49035138 0.45087528	1229885.4 0.5587724 0.49035138 0.45087618	0.9999999999974014
70102778_20000	865.0	76	68	1304546.0 0.46228728 0.4250705 0.6126422	1304546.0 0.46228802 0.425072 0.61263996	0.9999999999999994
70102778_15000	922.0	74	69	1363624.6 0.40665516 0.58609897 0.5072459	1363624.0 0.4066561 0.5860978 0.50724614	0.9999999999948757
70102778_15000	922.0	75	70	1126198.0 0.7096612 0.6141842 0.17615464	1126196.6 0.7096603 0.6141849 0.17615485	0.9999999999961511
70102778_15000	922.0	76	71	960342.7 0.72025645 0.2065773 0.57316625	960342.7 0.72025645 0.2065773 0.57316625	1.0000000000000000
70102778_15000	922.0	77	72	707564.7 0.28037718 0.77793026 0.44169247	707565.3 0.28037694 0.7779296 0.4416935	0.9999999999950383
70102778_15000	922.0	78	73	906458.0 0.6072383 0.34477714 0.5479846	906459.3 0.6072374 0.34477773 0.5479849	0.9999999999941678
70102778_15000	922.0	82	77	859786.7 0.43981257 0.60459185 0.45559555	859769.3 0.43982145 0.6046064 0.45557222	0.9999999822057242
