ID	BITRATE	START_IDX	CAPTURE_START_IDX	KEY	CAPTURE_KEY	CORRELATION
70102778_20000	865.0	17	17	892418.0 0.2231869 0.7600911 0.75374097 0.22269496 0.4419913 0.41159075 0.33934322 0.22255377 0.7762125 0.7812785 0.5564747 0.5824849 0.62141174 0.2233617 0.58358306	892432.56 0.22330762 0.76007986 0.75372756 0.22269134 0.44198185 0.41158292 0.3393399 0.22255462 0.7761976 0.7812624 0.5564667 0.5824743 0.6214027 0.22335805 0.5835724	0.9999999906290225
70102778_20000	865.0	18	18	920833.06 0.7366362 0.73048204 0.21582305 0.42835236 0.3988899 0.32887176 0.21568622 0.75226015 0.75716984 0.53930295 0.5645106 0.6022362 0.2164692 0.5655748 0.4477348	920833.2 0.73663723 0.73048085 0.21582302 0.42835012 0.39888874 0.3288739 0.21569054 0.7522579 0.75716645 0.53930396 0.5645094 0.6022372 0.21646917 0.5655737 0.447738	0.9999999999568715
70102778_20000	865.0	19	19	876498.1 0.7674312 0.2267398 0.4500192 0.4190665 0.34550673 0.22659604 0.79031086 0.7954689 0.5665819 0.5930646 0.6326984 0.22741863 0.59418267 0.47038206 0.3945325	876498.1 0.76743007 0.2267398 0.45001695 0.41906536 0.34550902 0.2266006 0.7903086 0.79546547 0.5665831 0.5930635 0.6326996 0.22741863 0.59418154 0.4703855 0.3945325	0.9999999999583106
70102778_20000	865.0	20	20	813303.06 0.24435787 0.48498648 0.45162868 0.3723532 0.24420294 0.8517194 0.8572782 0.6106063 0.63914675 0.6818602 0.24508946 0.6403517 0.50693154 0.42518836 0.24429885	813302.8 0.24435794 0.4849842 0.4516276 0.3723558 0.24420793 0.85171723 0.8572748 0.61060774 0.63914573 0.68186164 0.24508953 0.64035064 0.5069354 0.42518848 0.24429524	0.9999999999365909
70102778_20000	865.0	21	21	840657.44 0.46920538 0.43693304 0.3602371 0.23625676 0.82400507 0.829383 0.59073764 0.6183494 0.659673 0.23711441 0.6195151 0.4904364 0.41135305 0.23634954 0.48045135	840657.06 0.46920323 0.43693203 0.36023965 0.23626162 0.82400304 0.8293798 0.59073913 0.6183485 0.65967447 0.23711452 0.6195142 0.4904402 0.41135323 0.23634608 0.48045036	0.9999999999284217
70102778_20000	865.0	22	22	838805.2 0.43789786 0.36103258 0.23677845 0.8258247 0.8312145 0.5920421 0.6197148 0.66112965 0.23763801 0.62088317 0.49151936 0.4122614 0.23687145 0.48151228 0.45367983	838804.56 0.437897 0.36103523 0.2367834 0.8258229 0.8312115 0.59204376 0.6197141 0.6611314 0.23763819 0.6208824 0.49152333 0.4122617 0.23686805 0.48151144 0.45367542	0.9999999999123454
70102778_20000	865.0	23	23	838355.44 0.36122626 0.23690549 0.82626766 0.8316604 0.5923597 0.6200473 0.66148436 0.2377655 0.62121624 0.49178305 0.41248256 0.23699853 0.4817706 0.45392323 0.43410942	838355.2 0.36122876 0.23691033 0.8262655 0.83165705 0.5923611 0.62004626 0.66148573 0.23776557 0.6212152 0.49178678 0.41248268 0.23699501 0.48176956 0.45391858 0.43411195	0.9999999999084915
70102778_20000	865.0	24	24	840675.6 0.23625165 0.82398725 0.8293651 0.5907249 0.618336 0.65965873 0.23710929 0.6195017 0.4904258 0.41134414 0.23634443 0.48044094 0.45267043 0.43291134 0.38092813	840675.06 0.23625655 0.8239854 0.82936203 0.59072644 0.61833525 0.65966034 0.23710945 0.61950094 0.49042967 0.41134444 0.23634101 0.48044008 0.45266598 0.432914 0.3809284	0.9999999999112760
70102778_20000	865.0	25	25	864021.3 0.8017233 0.8069558 0.5747636 0.60162866 0.64183486 0.23070264 0.60276294 0.47717458 0.40022972 0.22995844 0.46745953 0.44043937 0.42121413 0.37063554 0.4325171	864020.25 0.80172193 0.8069533 0.57476544 0.60162824 0.6418368 0.23070292 0.6027625 0.47717863 0.4002302 0.22995526 0.46745896 0.4404353 0.42121696 0.370636 0.43251765	0.9999999999191186
70102778_20000	865.0	26	26	798230.94 0.87346524 0.62213576 0.6512151 0.69473505 0.2497172 0.65244275 0.5165034 0.43321672 0.24891168 0.50598764 0.47674048 0.4559307 0.4011834 0.46816528 0.24964955	798229.75 0.8734628 0.6221379 0.6512148 0.6947373 0.24971758 0.65244246 0.5165079 0.43321738 0.24890828 0.50598717 0.4767362 0.4559339 0.401184 0.46816596 0.24964617	0.9999999999027005
70102778_5500	884.0	17	27	753791.75 0.65881324 0.6896082 0.73569655 0.26443642 0.6909057 0.54695344 0.458758 0.26358607 0.53581643 0.50484365 0.48281372 0.42483485 0.4957669 0.26436612 0.48280045	753790.8 0.6588154 0.6896064 0.7356948 0.2644394 0.6909065 0.5469581 0.45875725 0.2635824 0.5358171 0.5048416 0.482813 0.42483538 0.4957662 0.2643638 0.4828024	0.9999999998948446
70102778_5500	884.0	18	28	751472.1 0.6917369 0.7379675 0.26525268 0.69303834 0.5486418 0.46017408 0.2643997 0.53747034 0.506402 0.48430407 0.4261462 0.49729723 0.26518217 0.48429075 0.6376963	751470.8 0.69173545 0.7379661 0.2652558 0.69303954 0.54864675 0.46017355 0.26439616 0.5374713 0.5064002 0.48430356 0.42614695 0.49729675 0.26517996 0.48429292 0.6376948	0.9999999998939346
70102778_5500	884.0	19	29	746850.56 0.7425341 0.2668941 0.6973269 0.5520368 0.46302167 0.26603583 0.5407963 0.5095357 0.48730096 0.42878324 0.50037456 0.2668231 0.48728758 0.6416424 0.6496065	746849.3 0.7425327 0.2668972 0.6973281 0.55204177 0.4630211 0.26603225 0.5407972 0.5095338 0.48730046 0.42878395 0.500374 0.26682088 0.48728973 0.64164084 0.6496063	0.9999999998929762
70102778_5500	884.0	20	30	736332.4 0.27070656 0.7072879 0.5599224 0.46963575 0.269836 0.54852134 0.5168142 0.49426186 0.4349082 0.50752217 0.27063456 0.49424827 0.650808 0.6588859 0.6460072	736331.2 0.2707097 0.70728904 0.5599274 0.46963513 0.26983237 0.5485222 0.51681226 0.4942613 0.43490893 0.5075216 0.2706323 0.49425042 0.6508063 0.6588856 0.6460055	0.9999999998771492
70102778_4800	838.0	19	31	736236.94 0.70737964 0.55999905 0.46969256 0.269871 0.5485924 0.5168784 0.4943232 0.4349646 0.5075866 0.270671 0.49430826 0.6508924 0.65896857 0.6460869 0.26978543	736237.06 0.7073795 0.559999 0.46969518 0.26986688 0.5485923 0.51687837 0.49432448 0.4349645 0.5075865 0.2706669 0.4943136 0.6508895 0.6589698 0.64608806 0.26978537	0.9999999998725769
70102778_4800	838.0	20	32	724585.6 0.5690038 0.47724518 0.2742105 0.55741376 0.5251898 0.5022719 0.4419588 0.51574856 0.2750234 0.5022567 0.6613587 0.6695648 0.6564759 0.27412358 0.5981543	724585.75 0.56900376 0.47724786 0.27420634 0.55741364 0.52518976 0.5022732 0.44195873 0.5157485 0.2750192 0.5022622 0.6613558 0.66956604 0.65647715 0.27412352 0.5981542	0.9999999998574717
70102778_4800	838.0	21	33	730248.1 0.4735445 0.27208424 0.55309147 0.5211174 0.49837717 0.43853176 0.5117493 0.2728908 0.49836212 0.6562304 0.6643728 0.6513854 0.27199796 0.59351605 0.6227486	730248.4 0.4735471 0.27208003 0.5530913 0.5211172 0.49837837 0.4385316 0.51174915 0.2728866 0.49836743 0.6562274 0.66437393 0.6513866 0.27199787 0.5935159 0.62274975	0.9999999998640838
70102778_4800	838.0	22	34	710657.2 0.27958488 0.56833875 0.53548324 0.51211613 0.45062092 0.5258569 0.2804137 0.51210064 0.67432094 0.6826878 0.6693424 0.27949622 0.60987777 0.6399161 0.27984378	710657.06 0.2795807 0.5683388 0.5354833 0.5121176 0.450621 0.52585703 0.28040951 0.51210636 0.6743182 0.6826893 0.66934395 0.27949628 0.6098778 0.6399177 0.27984244	0.9999999998982457
70102778_4800	838.0	23	35	746373.75 0.54114175 0.5098585 0.4876096 0.42905715 0.50069284 0.26699492 0.48759484 0.64205235 0.6500189 0.63731205 0.26612136 0.580693 0.60929394 0.26645228 0.6251064	746374.1 0.5411415 0.50985825 0.4876107 0.42905694 0.5006926 0.26699078 0.48759997 0.6420493 0.6500199 0.63731307 0.26612124 0.5806927 0.60929495 0.26645082 0.6251074	0.9999999998996051
70102778_4800	838.0	24	36	752123.9 0.5059605 0.48388174 0.42577693 0.49686497 0.2649537 0.4838671 0.63714373 0.64504933 0.63243973 0.2640868 0.5762535 0.6046358 0.26441523 0.62032735 0.5943436	752124.25 0.5059603 0.4838828 0.42577672 0.4968647 0.26494956 0.48387218 0.63714075 0.64505035 0.63244075 0.2640867 0.5762532 0.6046368 0.26441374 0.62032837 0.5943433	0.9999999999017496
70102778_4800	838.0	25	37	754974.4 0.48205477 0.42416936 0.49498898 0.26395333 0.4820402 0.6347381 0.6426139 0.63005185 0.26308972 0.5740778 0.6023529 0.2634169 0.6179852 0.59209955 0.53236777	754975.06 0.48205566 0.42416897 0.49498853 0.26394913 0.48204505 0.63473487 0.6426146 0.6300526 0.26308948 0.57407725 0.6023537 0.26341534 0.61798596 0.592099 0.5323699	0.9999999998941189
70102778_20000	865.0	38	38	773730.0 0.41388726 0.48299018 0.25755495 0.47036046 0.6193517 0.6270379 0.61477774 0.25671357 0.5601631 0.58774894 0.25702894 0.6030088 0.57774544 0.5194629 0.6521681	773730.25 0.41388714 0.48299003 0.257551 0.4703603 0.61934894 0.62703764 0.6147801 0.2567122 0.56016165 0.58775264 0.25703016 0.603006 0.57774657 0.51946527 0.6521704	0.9999999998895037
70102778_20000	865.0	39	39	787083.06 0.47479615 0.25318548 0.46238068 0.6088443 0.6164 0.6043479 0.25235838 0.5506598 0.5777776 0.25266838 0.5927786 0.5679439 0.51065004 0.64110386 0.534105	787083.06 0.47479615 0.25318167 0.46238068 0.6088417 0.6164 0.60435045 0.2523571 0.5506585 0.57778144 0.25266966 0.59277606 0.5679451 0.5106526 0.6411064 0.53410244	0.9999999998720471
70102778_20000	865.0	40	40	763816.4 0.2608978 0.4764653 0.6273903 0.63517624 0.622757 0.2600455 0.5674335 0.5953774 0.26036492 0.6108353 0.58524406 0.526205 0.6606326 0.55037445 0.2608009	763816.56 0.2608938 0.4764652 0.6273875 0.63517606 0.62275946 0.2600441 0.56743205 0.5953812 0.26036617 0.6108325 0.58524525 0.5262075 0.66063505 0.55037165 0.26080215	0.9999999998872856
70102778_20000	865.0	41	41	809000.25 0.44985402 0.59234965 0.5997007 0.5879751 0.24552156 0.5357415 0.56212467 0.24582316 0.5767192 0.5525573 0.49681568 0.6237353 0.5196352 0.24623477 0.6652124	808997.06 0.44985577 0.59234947 0.599703 0.5879799 0.24552129 0.53574234 0.5621306 0.24582537 0.57671905 0.55256075 0.4968201 0.6237402 0.5196348 0.246237 0.6651804	0.9999999980669130
70102778_20000	865.0	42	42	843570.0 0.56807494 0.57512474 0.5638797 0.23546001 0.5137867 0.5390886 0.23574926 0.5530851 0.52991337 0.47645602 0.59817445 0.4983404 0.236144 0.6379518 0.73877096	843566.56 0.5680749 0.5751271 0.5638844 0.23545979 0.51378757 0.5390944 0.2357514 0.55308497 0.5299167 0.47646034 0.5981792 0.49834004 0.23614615 0.6379212 0.73877156	0.9999999983992496
70102778_20000	865.0	43	43	833549.75 0.58203846 0.5706582 0.23829052 0.51996297 0.5455691 0.23858324 0.5597338 0.53628355 0.48218358 0.60536516 0.50433105 0.23898274 0.6456207 0.7476518 0.4847449	833546.56 0.58204067 0.5706628 0.23829022 0.51996374 0.5455748 0.23858535 0.55973357 0.5362868 0.4821878 0.6053699 0.5043306 0.23898485 0.6455896 0.7476523 0.48474675	0.9999999983714467
