ID	BITRATE	START_IDX	CAPTURE_START_IDX	KEY	CAPTURE_KEY	CORRELATION
70104894_20000	1065.0	9	19	1567697.0 1.0388124 1.1242683 0.9580416 0.2538456 0.6404975	1567696.6 1.0388138 1.1242723 0.95803994 0.25384375 0.6404964	0.9999999999785004
70104894_20000	1065.0	10	20	1585747.8 1.1114706 0.94713616 0.25095606 1.0557814 0.4866638	1585746.4 1.1114753 0.9471351 0.2509544 1.0557785 0.48666358	0.9999999999745105
70104894_20000	1065.0	11	21	1572465.8 0.95513624 0.25307578 1.0646992 0.7975506 0.5788444	1572463.8 0.9551355 0.2530742 1.0646967 0.79754907 0.57884514	0.9999999999834638
70104894_20000	1065.0	12	22	1531997.6 0.25976086 1.0928235 0.8186181 0.92330235 0.69318646	1531995.8 0.25975922 1.0928209 0.8186165 0.92330545 0.69318926	0.9999999999731978
70104894_20000	1065.0	13	23	1386107.6 1.2078449 0.90477896 1.0204813 0.9095037 0.66995305	1386106.8 1.2078413 0.90477663 1.0204842 0.90950716 0.66995275	0.9999999999733411
70104894_20000	1065.0	14	24	1387826.4 0.90365845 1.0192176 0.9083773 1.0595274 0.14354101	1387825.8 0.90365595 1.0192201 0.9083806 1.0595293 0.14354107	0.9999999999653814
70104894_20000	1065.0	15	25	1314696.2 1.0759116 0.95890594 1.1184636 0.6031713 0.5096972	1314696.0 1.0759141 0.95890915 1.1184654 0.6031714 0.5096943	0.9999999999652378
70104894_20000	1065.0	16	26	1235342.0 1.0205028 1.19031 0.641917 0.9403469 0.3904951	1235343.0 1.0205052 1.1903107 0.64191645 0.9403429 0.39049235	0.9999999999604424
70104894_20000	1065.0	17	27	1111875.4 1.3224864 0.7131977 1.0447664 1.1085739 0.45354363	1111875.8 1.3224877 0.71319747 1.0447624 1.1085726 0.45354617	0.9999999999475768
70104894_20000	1065.0	18	28	1086188.6 0.7300638 1.0694735 1.1347901 0.88508934 0.18294244	1086189.8 0.730063 1.0694687 1.1347879 0.88509214 0.18294318	0.9999999999159732
70104894_20000	1065.0	19	29	1096611.6 1.0593085 1.1240041 0.8766768 0.3630009 0.4940792	1096611.8 1.0593047 1.124003 0.8766804 0.36299995 0.49408188	0.9999999999074310
70104894_20000	1065.0	20	30	1064893.2 1.1574831 0.90278906 0.37381306 1.0851247 0.557593	1064894.6 1.1574807 0.9027917 0.37381163 1.0851281 0.5575923	0.9999999999440714
70104894_20000	1065.0	21	31	1221846.2 0.78682077 0.32579467 0.9457344 1.3113672 0.4023035	1221848.2 0.78682274 0.32579333 0.94573694 1.3113633 0.40230283	0.9999999999713163
70104894_20000	1065.0	22	32	1199103.4 0.33197388 0.9636717 1.3362392 0.98009396 0.62563497	1199104.6 0.3319727 0.9636749 1.3362362 0.98009294 0.625636	0.9999999999770489
70104894_6500	987.0	21	33	1203593.4 0.96008086 1.3312552 0.97643775 1.0211821 0.37977278	1203592.8 0.9600814 1.3312534 0.9764382 1.0211818 0.37977216	0.9999999999649536
70104894_20000	1065.0	24	34	1217829.8 1.3156921 0.9650232 1.009242 0.53843486 0.16370186	1217830.2 1.3156899 0.96502286 1.0092432 0.5384346 0.16370015	0.9999999999838225
