ID	BITRATE	START_IDX	CAPTURE_START_IDX	KEY	CAPTURE_KEY	CORRELATION
70103763_15000	1793.0	24	22	1983052.8 0.47517696 1.1019248 1.258189 1.1839423 0.100336716	1983051.6 0.47517723 1.101924 1.2581886 1.1839424 0.100336775	0.9999999999967299
70103763_15000	1793.0	25	23	1957026.4 1.1165792 1.2749215 1.1996875 0.20340145 0.44606963	1957025.6 1.1165781 1.274921 1.1996874 0.20340152 0.44606978	0.9999999999966661
70103763_15000	1793.0	26	24	2006625.6 1.2434083 1.1700339 0.19837382 1.0537043 0.3702858	2006624.2 1.2434082 1.1700342 0.19837396 1.0537045 0.37028655	0.9999999999966938
70103763_15000	1793.0	27	25	2330948.2 1.0072381 0.17077257 0.90709436 1.1127819 0.4150191	2330947.5 1.007238 0.17077261 0.90709424 1.1127827 0.41501835	0.9999999999981186
70103763_15000	1793.0	28	26	2428815.2 0.16389143 0.8705438 1.0679433 1.0859076 0.6656011	2428816.0 0.16389138 0.8705431 1.0679433 1.085908 0.66560084	0.9999999999967142
70103763_15000	1793.0	29	27	2495957.5 0.8471258 1.0392152 1.0566963 1.3397928 0.5576409	2495958.2 0.8471252 1.0392153 1.0566968 1.3397925 0.55764115	0.9999999999958837
70103763_15000	1793.0	30	28	2811653.5 0.92253083 0.9380491 1.1893592 0.99619883 0.070808515	2811653.8 0.92253107 0.93804973 1.1893591 0.99619913 0.07080851	0.9999999999956353
70103763_15000	1793.0	31	29	2889320.5 0.91283363 1.1573884 0.9694203 0.24955972 0.42965811	2889321.2 0.9128341 1.1573881 0.96942043 0.24956 0.42965767	0.9999999999960340
70103763_15000	1793.0	32	30	2970529.0 1.1257477 0.94291824 0.24273723 0.9411054 0.623058	2970530.8 1.125747 0.942918 0.24273743 0.94110453 0.62305766	0.9999999999969001
