ID	BITRATE	START_IDX	CAPTURE_START_IDX	KEY	CAPTURE_KEY	CORRELATION
80144140_7050	572.0	39	1	223434.0 0.49155456 0.50844544	223458.0 0.49296063 0.50703937	1.0000000000000000
70295915_1200	372.0	25	3	346351.0 0.3404552 0.6595448	346357.0 0.3389422 0.66105783	1.0000000000000000
80091879_6500	1351.0	84	12	251389.0 0.4842535 0.51574653	251393.0 0.47497743 0.52502257	0.9999999999999999
70213513_7050	798.0	43	14	326207.0 0.389213 0.61078703	326200.0 0.391122 0.608878	1.0000000000000000
80210932_1200	482.0	22	15	325134.0 0.611351 0.388649	325120.0 0.6109006 0.38909942	1.0000000000000000
70208599_1200	370.0	59	17	213362.0 0.49101996 0.50898004	213381.0 0.48129404 0.51870596	1.0000000000000000
70084788_4200	812.0	1	18	310030.0 0.35934263 0.64065737	310013.0 0.35702375 0.6429763	1.0000000000000000
80216541_4800	1766.0	36	28	377847.0 0.5260383 0.47396168	377830.0 0.5272371 0.47276288	1.0000000000000000
81056132_7050	504.0	64	29	303545.0 0.5862096 0.41379037	303559.0 0.58843255 0.41156745	1.0000000000000000
80168188_800	605.0	11	30	348842.0 0.36418495 0.6358151	348830.0 0.35815442 0.6418456	1.0000000000000000
70102778_600	293.0	7	39	232058.0 0.56674194 0.43325806	232058.0 0.5606745 0.4393255	1.0000000000000000
80052541_3500	937.0	7	41	257398.0 0.5627239 0.43727612	257411.0 0.57112944 0.42887056	0.9999999999999999
80200961_2000	418.0	42	42	229720.0 0.48056328 0.5194367	229722.0 0.48056346 0.51943654	1.0000000000000000
80121840_800	332.0	6	45	308132.0 0.6452072 0.35479274	308142.0 0.6529003 0.34709972	1.0000000000000000
81006261_1200	333.0	50	46	268145.0 0.40119338 0.5988066	268159.0 0.3988529 0.60114706	1.0000000000000000
