ID	BITRATE	START_IDX	CAPTURE_START_IDX	KEY	CAPTURE_KEY	CORRELATION
70102778_20000	865.0	17	17	880403.2 0.22623271 0.77046406 0.76402724 0.22573407 0.44802314 0.41720772 0.34397423 0.22559096 0.7868054 0.79194057	880425.0 0.22635318 0.77044606 0.76400715 0.22572848 0.44800976 0.41719624 0.34396797 0.22558992 0.78678364 0.79191756	0.9999999895193704
70102778_7050	876.0	11	18	939889.8 0.7217016 0.7156711 0.21144606 0.41966516 0.39080113 0.3222069 0.21131733 0.73700553 0.74181676 0.5283683	939889.4 0.721702 0.7156704 0.21144722 0.41966534 0.3908013 0.322206 0.21131742 0.7370059 0.741815 0.5283696	0.9999999999918332
70102778_7050	876.0	12	19	908190.0 0.7406512 0.21882646 0.4343133 0.4044418 0.33345336 0.21869323 0.76273024 0.7677094 0.5468107 0.5723703	908189.2 0.7406508 0.21882775 0.43431368 0.40444216 0.33345255 0.21869342 0.76273096 0.7677079 0.5468123 0.5723686	0.9999999999880539
70102778_20000	865.0	20	20	884571.2 0.22467044 0.4459121 0.41524187 0.34235346 0.224528 0.7830981 0.788209 0.561411 0.58765197 0.6269241	884571.0 0.22467048 0.44590995 0.41524082 0.3423558 0.22453257 0.783096 0.7882058 0.5614123 0.58765095 0.62692535	0.9999999999600225
70102778_20000	865.0	21	21	884690.2 0.44585213 0.41518602 0.3423074 0.2244978 0.7829927 0.788103 0.5613355 0.58757293 0.62683976 0.22531277	884690.0 0.44584996 0.41518497 0.34230974 0.22450237 0.78299063 0.78809977 0.56133676 0.5875719 0.62684107 0.22531281	0.9999999999600105
70102778_20000	865.0	22	22	909962.0 0.40365532 0.33280072 0.21826296 0.76124716 0.7662155 0.54574585 0.5712546 0.60943097 0.2190553 0.5723316	909962.0 0.40365422 0.33280292 0.21826735 0.76124495 0.7662122 0.545747 0.57125354 0.60943204 0.2190553 0.5723305	0.9999999999695975
70102778_20000	865.0	23	23	918957.6 0.32954293 0.2161264 0.7537954 0.7587151 0.5404036 0.5656626 0.60346526 0.21691099 0.56672907 0.44864854	918958.4 0.32954484 0.21613057 0.7537926 0.75871116 0.54040426 0.5656611 0.60346586 0.21691081 0.5667275 0.44865143	0.9999999999657176
70102778_20000	865.0	24	24	927551.8 0.21412389 0.7468111 0.75168526 0.5353965 0.5604215 0.59787387 0.21490121 0.5614781 0.44449162 0.37281692	927552.2 0.2141281 0.74680865 0.7516817 0.53539735 0.5604202 0.5978747 0.21490112 0.56147677 0.44449466 0.37281677	0.9999999999613115
70102778_20000	865.0	25	25	927567.4 0.7467986 0.7516726 0.5353875 0.5604121 0.59786385 0.2148976 0.56146866 0.44448414 0.37281066 0.21420439	927566.4 0.7467972 0.7516702 0.5353892 0.56041163 0.5978656 0.21489783 0.5614682 0.44448787 0.37281105 0.21420138	0.9999999999434828
70102778_20000	865.0	26	26	869805.2 0.80158985 0.5709416 0.59762806 0.6375669 0.22916856 0.59875476 0.47400156 0.39756835 0.22842932 0.46435112	869804.4 0.80158716 0.5709433 0.59762746 0.63756865 0.22916877 0.59875417 0.47400543 0.3975687 0.22842607 0.4643504	0.9999999999317131
70102778_5500	884.0	17	27	806469.4 0.61578035 0.64456385 0.68764174 0.24716376 0.6457765 0.5112271 0.42879248 0.24636893 0.50081754 0.4718679	806468.6 0.61578214 0.64456195 0.6876399 0.24716647 0.64577717 0.5112313 0.42879164 0.24636544 0.500818 0.47186583	0.9999999998827337
70102778_5500	884.0	18	28	779936.0 0.66649187 0.71103525 0.25557226 0.6677458 0.528619 0.44337997 0.2547504 0.5178553 0.4879208 0.46662933	779934.8 0.6664903 0.71103376 0.2555752 0.66774684 0.52862364 0.44337937 0.25474694 0.5178561 0.48791897 0.46662873	0.9999999998836326
70102778_5500	884.0	19	29	740019.2 0.7493887 0.2693579 0.7037642 0.55713284 0.467296 0.2684917 0.5457885 0.5142394 0.4917994 0.4327415	740018.4 0.7493868 0.26936087 0.703765 0.5571375 0.46729514 0.26848793 0.5457891 0.5142372 0.4917986 0.43274197	0.9999999998749445
70102778_5500	884.0	20	30	703847.8 0.2832004 0.7399313 0.5857644 0.49131075 0.2822897 0.5738371 0.5406666 0.51707345 0.45498046 0.5309457	703847.2 0.2832035 0.73993194 0.5857692 0.49130976 0.28228572 0.57383764 0.54066426 0.51707244 0.45498085 0.53094476	0.9999999998373975
70102778_5500	884.0	21	31	703837.2 0.73994243 0.5857732 0.49131817 0.28229398 0.5738458 0.54067475 0.51708126 0.45498732 0.53095376 0.2831294	703835.8 0.73994386 0.58577865 0.49131772 0.28229028 0.5738469 0.54067296 0.51708084 0.4549882 0.53095335 0.2831271	0.9999999999091536
70102778_5500	884.0	22	32	672463.6 0.6131023 0.51424044 0.2954643 0.60061836 0.5658997 0.54120547 0.47621462 0.5557252 0.2963387 0.5411906	672462.4 0.6131079 0.5142399 0.2954604 0.6006195 0.5658978 0.541205 0.47621548 0.5557248 0.2963363 0.5411931	0.9999999998591521
70102778_5500	884.0	23	33	685848.0 0.504205 0.2896983 0.5888972 0.5548562 0.5306438 0.46692124 0.5448802 0.29055563 0.5306292 0.6987131	685845.8 0.50420517 0.28969485 0.58889914 0.55485505 0.53064406 0.46692273 0.5448805 0.29055363 0.5306324 0.69871247	0.9999999999170183
70102778_5500	884.0	24	34	713718.2 0.2783858 0.5659012 0.5331894 0.50992256 0.4486883 0.523603 0.27920964 0.50990856 0.67142886 0.6797627	713716.0 0.27838245 0.56590295 0.5331883 0.50992274 0.44868967 0.5236032 0.2792077 0.5099115 0.67142814 0.6797634	0.9999999999332482
70102778_5500	884.0	25	35	769115.6 0.5251408 0.49478516 0.47319412 0.41637042 0.48588923 0.2590989 0.47318113 0.62306756 0.63080114 0.6184714	769113.6 0.5251422 0.49478385 0.47319406 0.4163715 0.4858892 0.25909695 0.47318366 0.6230666 0.63080144 0.6184704	0.9999999999263599
70102778_4800	838.0	24	36	728059.6 0.52268386 0.49987528 0.43984997 0.5132876 0.2737111 0.49986017 0.65820295 0.66636986 0.65334344 0.27281556	728060.0 0.52268356 0.49987638 0.43984973 0.51328737 0.27370682 0.49986538 0.65819985 0.6663709 0.6533445 0.27281544	0.9999999998504623
70102778_4800	838.0	25	37	738633.4 0.4927194 0.4335534 0.5059398 0.26979285 0.4927045 0.6487806 0.6568306 0.6439907 0.26891014 0.5867782	738633.8 0.49272048 0.43355313 0.5059395 0.26978862 0.49270964 0.6487775 0.65683156 0.64399165 0.26890996 0.5867779	0.9999999998557153
70102778_4800	838.0	26	38	756797.8 0.42314735 0.49379635 0.26331735 0.48087877 0.63320875 0.64106554 0.6285338 0.26245582 0.5726946 0.6009016	756798.2 0.42314714 0.4937961 0.26331326 0.4808838 0.6332058 0.64106655 0.6285348 0.2624557 0.5726943 0.6009026	0.9999999998669502
70102778_4800	838.0	27	39	732525.0 0.5101587 0.2720426 0.4968131 0.65419066 0.6623078 0.6493608 0.27115253 0.5916713 0.62081295 0.2714897	732525.2 0.51015854 0.27203843 0.49681842 0.65418774 0.662309 0.64936197 0.27115244 0.5916711 0.62081414 0.27148828	0.9999999998937602
70102778_4800	838.0	28	40	751096.8 0.265316 0.48452875 0.638015 0.64593136 0.63330454 0.26444793 0.57704145 0.60546255 0.2647768 0.6211756	751097.2 0.26531187 0.48453385 0.638012 0.6459324 0.63330555 0.2644478 0.57704115 0.60546356 0.26477534 0.6211766	0.9999999999002503
70102778_4800	838.0	29	41	800645.2 0.4545434 0.59853107 0.60595757 0.5941121 0.24808243 0.54133093 0.56799316 0.24839093 0.5827338 0.5583247	800646.2 0.45454785 0.5985278 0.60595804 0.59411263 0.24808212 0.5413303 0.5679937 0.24838936 0.5827343 0.55832404	0.9999999999011033
70102778_4800	838.0	30	42	808244.4 0.5929036 0.60026026 0.5885262 0.24574994 0.5362413 0.5626528 0.24605553 0.5772549 0.5530753 0.4972803	808245.0 0.5929007 0.60026103 0.58852696 0.24574974 0.5362409 0.56265366 0.2460541 0.57725567 0.5530749 0.4972824	0.9999999999494924
70102778_20000	865.0	43	43	813322.6 0.59651357 0.5848503 0.24421674 0.5328943 0.5591373 0.24451675 0.5736543 0.54962075 0.49417534 0.62042046	813324.0 0.59651256 0.5848518 0.2442151 0.53289217 0.55914 0.24451756 0.57365084 0.54962105 0.49417698 0.6204219	0.9999999999003910
70102778_20000	865.0	44	44	800368.0 0.5943166 0.24816959 0.54151964 0.56818736 0.24847445 0.5829393 0.55851686 0.502174 0.63046247 0.52523965	800369.0 0.5943184 0.24816804 0.54151773 0.5681904 0.24847539 0.5829361 0.5585174 0.50217587 0.6304642 0.5252365	0.9999999998656026
70102778_20000	865.0	45	45	745074.4 0.2665868 0.581707 0.6103538 0.26691428 0.62620056 0.59996563 0.53944147 0.6772505 0.5642188 0.26736122	745075.2 0.26658517 0.58170503 0.61035717 0.26691535 0.6261972 0.5999663 0.53944355 0.6772525 0.56421554 0.26736227	0.9999999998959425
70102778_20000	865.0	46	46	812980.4 0.53311867 0.55937266 0.24461968 0.57389575 0.54985213 0.4943834 0.62068164 0.5170912 0.24502929 0.6619557	812975.8 0.5331204 0.5593795 0.24462229 0.5738965 0.5498565 0.49438864 0.6206876 0.51709163 0.2450319 0.66192496	0.9999999973890373
70102778_20000	865.0	47	47	850938.4 0.5344206 0.23370788 0.54829586 0.52532476 0.47233033 0.59299475 0.4940252 0.23409921 0.6324277 0.73237383	850933.6 0.5344271 0.23371035 0.5482966 0.5253289 0.4723353 0.5930004 0.49402562 0.2341017 0.6323983 0.73237556	0.9999999979660619
70102778_20000	865.0	48	48	840798.4 0.23652638 0.5549083 0.53166014 0.47802663 0.60014623 0.49998313 0.23692244 0.64005476 0.7412062 0.48056588	840793.0 0.23652908 0.55490947 0.5316647 0.47803205 0.6001525 0.49998394 0.23692514 0.64002556 0.7412086 0.48056895	0.9999999980666435
