ID	BITRATE	START_IDX	CAPTURE_START_IDX	KEY	CAPTURE_KEY	CORRELATION
70220028_4200	933.0	60	4	598194.0 0.67181385 0.32818618	598215.0 0.6676563 0.33234373	1.0000000000000000
70021636_5500	1240.0	20	9	656189.0 0.2993162 0.7006838	656185.0 0.30267835 0.69732165	1.0000000000000000
70103763_20000	1872.0	17	17	2302295.0 0.53271586 0.46728417	2302299.0 0.5327153 0.46728465	1.0000000000000000
70103763_20000	1872.0	18	18	1274416.0 0.84417176 0.15582824	1274418.0 0.8441728 0.15582721	1.0000000000000000
70103763_20000	1872.0	19	19	1288919.0 0.15407485 0.84592515	1288915.0 0.15407455 0.84592545	0.9999999999999999
70103763_20000	1872.0	23	25	2544056.0 0.556428 0.44357198	2544057.0 0.5564278 0.44357222	1.0000000000000000
70103763_20000	1872.0	26	28	2096217.0 0.5809451 0.4190549	2096217.0 0.5809446 0.41905537	1.0000000000000000
70103763_20000	1872.0	27	29	1834402.0 0.4788645 0.5211355	1834403.0 0.4788648 0.5211352	1.0000000000000000
70103763_20000	1872.0	28	30	1828939.0 0.52269214 0.4773079	1828941.0 0.52269155 0.47730845	1.0000000000000000
70103763_6500	1462.0	24	31	1615991.0 0.54020476 0.45979527	1615996.0 0.54020494 0.4597951	1.0000000000000000
70103763_15000	1793.0	31	34	2584010.0 0.37437472 0.6256253	2584011.0 0.37437457 0.62562543	1.0000000000000000
70103763_15000	1793.0	34	37	1440509.0 0.13820739 0.8617926	1440505.0 0.13820639 0.8617936	1.0000000000000000
70103763_15000	1793.0	35	38	3092232.0 0.40146405 0.59853595	3092232.0 0.40146342 0.5985366	1.0000000000000000
70103763_20000	1872.0	36	39	3520895.0 0.5256649 0.47433507	3520898.0 0.52566534 0.4743347	1.0000000000000000
70103763_20000	1872.0	37	40	3397527.0 0.4915587 0.50844127	3397526.0 0.49155885 0.50844115	1.0000000000000000
70103763_10000	1730.0	40	41	1926054.0 0.8968814 0.103118606	1926053.0 0.8968819 0.10311814	1.0000000000000000
70103763_7050	1475.0	42	43	1931088.0 0.7297016 0.2702984	1931086.0 0.72970235 0.27029765	1.0000000000000000
70103763_7050	1475.0	43	44	2076132.0 0.25141466 0.74858534	2076129.0 0.25141406 0.74858594	1.0000000000000000
70103763_20000	1872.0	42	45	1752869.0 0.88663954 0.11336044	1752866.0 0.88663995 0.11336006	1.0000000000000000
70103763_20000	1872.0	43	46	1803300.0 0.110190205 0.8898098	1803298.0 0.11018977 0.8898102	1.0000000000000000
70243464_3500	856.0	59	47	3207988.0 0.50231016 0.49768984	3207969.0 0.50018966 0.4998103	1.0000000000000000
70103763_7050	1475.0	51	51	1309466.0 0.15220632 0.8477937	1309469.0 0.15220827 0.84779173	1.0000000000000000
70103763_7050	1475.0	52	52	2723459.0 0.40762758 0.5923724	2723458.0 0.40762773 0.5923723	1.0000000000000000
70103763_15000	1793.0	55	59	1420902.0 0.8602071 0.13979289	1420903.0 0.8602072 0.1397928	1.0000000000000000
70103763_6500	1462.0	60	60	1247387.0 0.15923847 0.84076154	1247387.0 0.15923847 0.84076154	1.0000000000000000
70103763_6500	1462.0	58	62	2320372.0 0.5518986 0.44810143	2320372.0 0.5518981 0.44810185	1.0000000000000000
70103763_20000	1872.0	58	63	2078283.0 0.5002971 0.49970287	2078285.0 0.50029856 0.49970144	1.0000000000000000
70103763_7050	1475.0	62	64	1808611.0 0.5742097 0.42579028	1808612.0 0.5742094 0.4257906	1.0000000000000000
70103763_15000	1793.0	60	65	969661.0 0.79418474 0.20581523	969659.0 0.7941864 0.20581359	1.0000000000000000
70103763_7050	1475.0	65	66	1324020.0 0.1507311 0.8492689	1324017.0 0.15072994 0.84927005	1.0000000000000000
70103763_7050	1475.0	66	67	2062269.0 0.54524845 0.45475155	2062266.0 0.54524875 0.45475122	1.0000000000000000
70103763_7050	1475.0	70	71	2446260.0 0.56927925 0.43072078	2446261.0 0.5692798 0.43072018	1.0000000000000000
70103763_15000	1793.0	69	74	1823939.0 0.6786767 0.32132325	1823939.0 0.6786767 0.32132325	1.0000000000000000
70103763_6500	1462.0	76	77	1808329.0 0.43361524 0.5663848	1808330.0 0.43361554 0.56638443	0.9999999999999999
70103763_7050	1475.0	78	80	1540642.0 0.87104726 0.12895274	1540639.0 0.871047 0.12895298	1.0000000000000000
70103763_6500	1462.0	80	81	1316403.0 0.15091883 0.84908116	1316403.0 0.15091883 0.84908116	1.0000000000000000
70103763_7050	1475.0	81	82	2264680.0 0.4935501 0.50644994	2264682.0 0.49354964 0.50645036	1.0000000000000000
70103763_5500	1609.0	71	83	2101660.0 0.5457348 0.4542652	2101661.0 0.5457345 0.45426545	1.0000000000000000
70103763_20000	1872.0	78	85	1271284.0 0.8435967 0.15640329	1271282.0 0.84359646 0.15640354	1.0000000000000000
