ID	BITRATE	START_IDX	CAPTURE_START_IDX	KEY	CAPTURE_KEY	CORRELATION
70103763_15000	1793.0	16	17	1159703.4 0.6981708 0.630588 0.17124121	1159702.6 0.6981712 0.6305875 0.17124131	0.9999999999987270
70103763_20000	1872.0	21	21	2741622.8 0.48695466 0.4967146 0.5163307	2741626.0 0.48695445 0.4967151 0.5163305	0.9999999996180775
70103763_20000	1872.0	22	22	2603906.8 0.5229849 0.5436385 0.4333765	2603910.0 0.52298546 0.5436382 0.43337634	0.9999999999746821
70103763_20000	1872.0	26	25	2034792.6 0.59848213 0.43170494 0.469813	2034791.4 0.5984825 0.43170518 0.4698123	0.9999999999808035
70103763_20000	1872.0	27	26	1804912.6 0.48668838 0.52965003 0.48366165	1804913.4 0.48668817 0.52964866 0.4836631	0.9999999995591393
70103763_10000	1730.0	33	32	2833256.8 0.57058716 0.49125305 0.43815973	2833259.2 0.57058775 0.49125296 0.43815935	0.9999999999998103
70103763_10000	1730.0	34	33	1888234.6 0.73711497 0.65744954 0.10543552	1888236.0 0.73711497 0.65744907 0.105435975	0.9999999999996670
70103763_20000	1872.0	34	34	2194212.0 0.5657694 0.090733714 0.8434969	2194213.2 0.56576955 0.09073321 0.84349734	0.9999999999999973
70103763_20000	1872.0	35	35	2479989.2 0.08027817 0.746298 0.6734239	2479990.8 0.08027772 0.7462984 0.6734239	0.9999999999999238
70103763_10000	1730.0	37	36	3286675.2 0.5631259 0.5081378 0.4287363	3286676.8 0.56312597 0.5081379 0.42873612	0.9999999999994403
70103763_10000	1730.0	38	37	3204428.8 0.52118 0.43974048 0.53907955	3204429.2 0.52118015 0.4397404 0.5390795	0.9999999999949052
70103763_10000	1730.0	39	38	2223447.2 0.6337533 0.7769206 0.08932616	2223446.8 0.6337534 0.7769208 0.089325726	0.9999999999999901
70103763_10000	1730.0	40	39	1632016.0 1.0584712 0.12169734 0.31983143	1632014.6 1.0584722 0.12169683 0.31983107	0.9999999999999897
70103763_20000	1872.0	40	40	1516495.4 0.13096775 0.3441936 1.0248386	1516495.4 0.1309671 0.34419426 1.0248386	0.9999999999990545
70103763_20000	1872.0	41	41	1516558.0 0.3441794 1.0247962 0.13102433	1516557.4 0.3441802 1.0247967 0.13102306	0.9999999999980601
70103763_20000	1872.0	42	42	2238308.8 0.694347 0.08877506 0.7168779	2238306.8 0.6943476 0.08877425 0.71687806	0.9999999999997815
70103763_20000	1872.0	43	43	2271118.8 0.08749256 0.7065214 0.70598596	2271115.2 0.08749182 0.70652205 0.7059862	0.9999999999998104
70103763_7050	1475.0	46	44	2977173.2 0.5389649 0.5385572 0.42247793	2977172.0 0.5389655 0.5385567 0.42247778	0.9999999999718736
70103763_7050	1475.0	47	45	2534798.8 0.6325465 0.49620903 0.37124446	2534797.2 0.63254607 0.4962089 0.3712451	0.9999999999995149
70103763_7050	1475.0	48	46	2160376.0 0.5822088 0.4355862 0.48220494	2160376.0 0.5822084 0.43558666 0.48220494	0.9999999999991921
70103763_7050	1475.0	49	47	1454722.0 0.6468796 0.7161121 0.13700831	1454723.4 0.6468797 0.7161114 0.13700886	0.9999999999994884
70103763_7050	1475.0	50	48	1567473.4 0.6646008 0.12715304 0.7082462	1567473.4 0.6646008 0.12715368 0.7082455	0.9999999999996231
70103763_7050	1475.0	55	56	2430216.0 0.645299 0.3517531 0.50294787	2430234.0 0.64529425 0.35174966 0.5029561	0.9999999988240990
70103763_20000	1872.0	62	65	1620217.4 0.6834842 0.69401056 0.122505166	1620218.0 0.68348396 0.6940109 0.12250512	0.9999999999995629
70103763_20000	1872.0	63	66	1507167.4 0.7460671 0.13169406 0.6222388	1507168.0 0.74606746 0.13169402 0.6222385	0.9999999999996039
70103763_20000	1872.0	64	67	1685940.0 0.117729574 0.5562582 0.8260122	1685940.0 0.117729574 0.5562582 0.8260122	1.0000000000000000
70103763_20000	1872.0	65	68	2548667.2 0.3679641 0.546406 0.58563	2548668.8 0.36796385 0.5464057 0.5856304	0.9999999999954904
70103763_20000	1872.0	66	69	2056291.4 0.67724204 0.7258582 0.09689969	2056292.0 0.67724186 0.725859 0.096899174	0.9999999999991873
70103763_20000	1872.0	67	70	1830324.0 0.81547093 0.10886269 0.57566637	1830323.4 0.8154723 0.108862184 0.5756655	0.9999999999966879
70103763_20000	1872.0	68	71	1313476.0 0.15169977 0.802189 0.5461112	1313474.0 0.15169923 0.8021887 0.54611206	0.9999999999977131
70103763_20000	1872.0	69	72	2005882.0 0.52528316 0.3576003 0.6171166	2005882.0 0.52528214 0.3576003 0.6171176	0.9999999999747901
70103763_6500	1462.0	76	77	2100200.8 0.37335432 0.48767242 0.6389732	2100218.8 0.37336493 0.48766825 0.6389668	0.9999999994814406
70103763_6500	1462.0	77	78	2292420.0 0.44678113 0.58539534 0.46782354	2292419.2 0.44678128 0.5853947 0.4678241	0.9999999999916852
70103763_20000	1872.0	79	82	1554032.0 0.12794653 0.73804724 0.63400626	1554029.4 0.12794545 0.73804784 0.6340067	0.9999999999999835
70103763_20000	1872.0	80	83	2057951.4 0.5573256 0.47876057 0.46391377	2057950.0 0.5573255 0.47876042 0.4639141	0.9999999999904357
70103763_20000	1872.0	81	84	1426216.6 0.6908249 0.6694018 0.1397733	1426216.6 0.6908242 0.6694018 0.139774	0.9999999999994428
