ID	BITRATE	START_IDX	CAPTURE_START_IDX	KEY	CAPTURE_KEY	CORRELATION
70104894_20000	1065.0	24	25	1095084.0 0.54222053 0.44887242 0.6850625 0.41740176 0.18205087 0.5604401 0.92094487 0.6243183 0.43730345 0.18138517	1095085.6 0.54222155 0.44887358 0.6850624 0.41740116 0.18204878 0.56044114 0.9209426 0.6243183 0.43730462 0.18138582	0.9999999999837011
70104894_20000	1065.0	25	26	1128111.0 0.43573105 0.66500634 0.40518177 0.17672108 0.54403245 0.89398295 0.60604054 0.4245008 0.17607488 0.6727281	1128112.0 0.43573245 0.66500664 0.4051814 0.17671916 0.54403377 0.8939813 0.6060409 0.42450216 0.17607561 0.67272663	0.9999999999840323
70104894_20000	1065.0	26	27	1139209.8 0.65852755 0.40123427 0.17499939 0.53873223 0.88527334 0.6001362 0.4203651 0.17435946 0.66617405 0.48019865	1139210.4 0.6585281 0.40123406 0.17499752 0.53873366 0.88527197 0.60013676 0.42036662 0.17436025 0.6661728 0.4801984	0.9999999999859353
70104894_20000	1065.0	27	28	1028933.2 0.44423681 0.19375505 0.5964712 0.980153 0.6644562 0.46541798 0.19304655 0.7375717 0.53166425 0.19322732	1028933.6 0.44423664 0.19375302 0.59647286 0.98015165 0.66445684 0.4654197 0.19304743 0.7375704 0.531664 0.19322723	0.9999999999879569
70104894_10000	1075.0	29	29	1004601.4 0.19844787 0.6109179 1.0038917 0.68054956 0.47669256 0.1977242 0.755435 0.5445433 0.19790736 0.33389065	1004601.4 0.19844587 0.61091995 1.0038917 0.6805505 0.47669256 0.1977232 0.755435 0.54454136 0.19790736 0.33389264	0.9999999999875181
70104894_4200	956.0	28	30	1062785.0 0.57747334 0.9489323 0.643291 0.45059255 0.18689764 0.71407765 0.5147316 0.18707359 0.31561512 0.4613153	1062785.6 0.57747394 0.94893175 0.6432925 0.4505951 0.18689847 0.71407723 0.5147294 0.18707253 0.31561303 0.461316	0.9999999999794570
70104894_4200	956.0	29	31	1062185.4 0.94946796 0.6436541 0.4508469 0.18700314 0.71448076 0.51502216 0.1871792 0.31579328 0.46157575 0.57497686	1062185.2 0.9494681 0.6436561 0.4508498 0.1870041 0.7144808 0.5150203 0.18717827 0.31579143 0.46157673 0.5749741	0.9999999999713863
70104894_4200	956.0	30	32	978363.8 0.6987994 0.48947334 0.20302469 0.7756941 0.5591468 0.20321582 0.34284896 0.50112134 0.62423813 0.60243744	978364.0 0.6988013 0.48947632 0.20302567 0.7756939 0.5591447 0.20321475 0.34284684 0.5011223 0.624235 0.6024394	0.9999999999449792
70104894_4200	956.0	31	33	954658.2 0.5016277 0.20806609 0.79495573 0.5730313 0.20826198 0.3513624 0.51356494 0.6397389 0.6173969 0.5919941	954658.4 0.5016308 0.2080671 0.79495555 0.57302904 0.2082609 0.35136023 0.5135659 0.63973564 0.61739886 0.5919961	0.9999999999381849
