ID	BITRATE	START_IDX	CAPTURE_START_IDX	KEY	CAPTURE_KEY	CORRELATION
70102778_6500	899.0	19	22	882720.0 0.5888855 0.62824 0.22581226 0.58999455 0.4670677	882720.4 0.58888525 0.6282397 0.22581443 0.5899932 0.4670675	0.9999999999937943
70102778_6500	899.0	20	23	813114.4 0.68201965 0.24514264 0.6405003 0.50705045 0.42528704	813114.4 0.68201965 0.2451451 0.64049906 0.50705045 0.42528582	0.9999999999796793
70102778_5500	884.0	20	24	670766.0 0.29716772 0.7764243 0.614654 0.5155419 0.29621208	670765.6 0.2971694 0.7764247 0.61465585 0.5155392 0.29621077	0.9999999999564514
70102778_7050	876.0	24	25	752590.8 0.6920095 0.5478289 0.4594874 0.26400536 0.5366688	752590.8 0.6920082 0.5478276 0.4594874 0.26400536 0.53667146	0.9999999999484175
70102778_7050	876.0	25	26	696489.6 0.5919557 0.49649844 0.28527057 0.5798966 0.54637855	696490.0 0.59195393 0.49649817 0.28527042 0.5798992 0.54637825	0.9999999999227984
70102778_5500	884.0	23	27	677151.6 0.5106803 0.29341877 0.5964602 0.561982 0.53745866	677150.0 0.5106786 0.293418 0.59646165 0.5619833 0.5374585	0.9999999999539936
70102778_5500	884.0	24	28	666923.2 0.29791886 0.605608 0.5706009 0.5457015 0.48017073	666922.0 0.2979179 0.60560906 0.57060194 0.54570097 0.4801701	0.9999999999871855
70102778_5500	884.0	25	29	736929.6 0.54807675 0.51639533 0.49386126 0.43455574 0.50711083	736940.0 0.54806906 0.51638806 0.49385297 0.43454826 0.5071417	0.9999999152075855
70102778_4800	838.0	30	36	828832.4 0.578176 0.58535 0.5739074 0.23964556 0.5229212	828834.0 0.5781749 0.5853512 0.57390624 0.2396451 0.5229226	0.9999999999644126
70102778_4800	838.0	31	37	819052.4 0.5923394 0.5807602 0.24250709 0.5291652 0.55522823	819054.8 0.5923401 0.58075845 0.24250636 0.52916604 0.555229	0.9999999999708481
70102778_20000	865.0	74	66	1295990.4 0.4598267 0.53027093 0.4653391 0.42787662 0.6166867	1295990.4 0.4598267 0.53027093 0.46533987 0.42787817 0.6166844	0.9999999999789916
70102778_15000	922.0	72	67	1334308.0 0.51506627 0.4519766 0.41558996 0.5989764 0.51839083	1334295.2 0.5150479 0.45198092 0.41559467 0.5989806 0.5183958	0.9999999896014095
70102778_15000	922.0	73	68	1138759.2 0.5295904 0.48695543 0.7018331 0.60740936 0.17421153	1138758.8 0.52959067 0.4869565 0.7018317 0.6074096 0.17421162	0.9999999999910266
70102778_15000	922.0	74	69	1117703.2 0.496129 0.71505475 0.6188521 0.17749344 0.49247062	1117702.8 0.4961301 0.71505326 0.6188524 0.17749353 0.49247083	0.9999999999911052
70102778_15000	922.0	75	70	1020903.6 0.7828545 0.67753017 0.19432294 0.5391655 0.30612683	1020903.2 0.7828529 0.67753047 0.19432303 0.53916574 0.30612794	0.9999999999952117
70102778_15000	922.0	76	71	899906.0 0.76862806 0.2204508 0.61165947 0.3472874 0.5519743	899906.8 0.76862735 0.22045061 0.6116589 0.3472882 0.55197495	0.9999999999962514
