ID	BITRATE	START_IDX	CAPTURE_START_IDX	KEY	CAPTURE_KEY	CORRELATION
70103763_7050	1475.0	8	10	648812.8 0.6860268 0.4614721 0.3063426 0.529877 0.5162814	648813.6 0.6860275 0.46147305 0.30634066 0.52987635 0.5162823	0.9999999999763115
70103763_15000	1793.0	24	22	1380176.4 0.14438444 0.88234156 0.6364643 0.69264483 0.1441649	1380174.0 0.14438397 0.8823424 0.63646394 0.69264454 0.14416516	0.9999999999989795
70103763_15000	1793.0	25	23	1649654.0 0.7382075 0.5324953 0.57949847 0.12061499 0.5291837	1649652.0 0.7382078 0.5324947 0.579498 0.12061513 0.52918434	0.9999999999973814
70103763_15000	1793.0	26	24	1459749.2 0.6017698 0.6548878 0.13630629 0.59802735 0.50900865	1459748.0 0.6017689 0.654887 0.1363064 0.5980279 0.5090098	0.9999999999923375
70103763_15000	1793.0	27	25	1495331.2 0.6393045 0.13306282 0.5837971 0.4968966 0.6469389	1495330.0 0.6393037 0.13306293 0.5837976 0.49689767 0.64693815	0.9999999999934064
70103763_15000	1793.0	28	26	1759591.2 0.1130791 0.4961209 0.42227137 0.54977995 0.9187486	1759590.8 0.11307914 0.49612105 0.42227206 0.549779 0.91874886	0.9999999999977219
70103763_15000	1793.0	29	27	2236741.2 0.39028654 0.33219087 0.43249884 0.7227577 0.622266	2236741.2 0.39028654 0.33219132 0.43249795 0.7227577 0.6222664	0.9999999999945818
70103763_15000	1793.0	30	28	1967188.8 0.37770906 0.49176165 0.821793 0.7075315 0.10120483	1967188.8 0.37770957 0.49176064 0.821793 0.707532 0.10120483	0.9999999999975956
70103763_15000	1793.0	31	29	2166546.8 0.44651148 0.7461745 0.64242697 0.09189232 0.57299477	2166546.0 0.4465107 0.7461748 0.6424276 0.09189235 0.57299453	0.9999999999978838
70103763_15000	1793.0	32	30	2519916.5 0.6415379 0.55233896 0.07900619 0.4926433 0.7344735	2519916.5 0.6415379 0.5523393 0.07900619 0.4926429 0.7344735	0.9999999999993869
70103763_15000	1793.0	33	31	2541300.0 0.54769135 0.0783414 0.488498 0.7282934 0.65717584	2541301.5 0.5476914 0.07834136 0.48849732 0.72829294 0.65717703	0.9999999999960965
70103763_15000	1793.0	34	32	2675538.5 0.07441082 0.46398884 0.6917531 0.6242037 0.6456435	2675539.5 0.07441079 0.4639883 0.69175285 0.62420493 0.64564323	0.9999999999961531
70103763_15000	1793.0	35	33	3159550.0 0.3929104 0.5857834 0.5285819 0.5467374 0.44598693	3159551.2 0.3929099 0.5857832 0.528583 0.54673713 0.44598675	0.9999999999732446
70103763_15000	1793.0	36	34	2871769.5 0.6444849 0.5815512 0.601526 0.49067935 0.18175867	2871771.5 0.6444844 0.5815522 0.60152555 0.49067903 0.1817589	0.9999999999947736
70103763_15000	1793.0	37	35	2753109.2 0.6066163 0.627452 0.5118278 0.18959256 0.5645112	2753111.2 0.60661733 0.6274516 0.51182747 0.18959278 0.56451076	0.9999999999938824
70103763_7050	1475.0	46	41	2579413.5 0.6220763 0.62160563 0.48762634 0.36482325 0.40386856	2579412.0 0.6220763 0.62160563 0.48762664 0.36482346 0.40386802	0.9999999999963918
70103763_5500	1609.0	49	53	1916013.2 0.63792515 0.6683717 0.10366995 0.54266953 0.54736364	1916012.8 0.6379248 0.6683729 0.10366998 0.54266864 0.5473638	0.9999999999942923
70103763_5500	1609.0	50	54	1842512.4 0.69503415 0.10780552 0.5643175 0.5691989 0.563644	1842513.6 0.69503474 0.107805446 0.56431603 0.5691985 0.56364524	0.9999999999897888
70103763_5500	1609.0	51	55	1638305.2 0.12124297 0.6346571 0.6401469 0.63389957 0.47005343	1638304.8 0.12124301 0.634656 0.6401471 0.6339016 0.47005236	0.9999999999845284
70103763_7050	1475.0	60	56	2001808.8 0.51941174 0.5239042 0.5187918 0.3846966 0.5531957	2001809.2 0.51941013 0.5239041 0.5187927 0.38469648 0.55319655	0.9999999998827296
70103763_20000	1872.0	59	57	2035683.6 0.51015985 0.51518565 0.37829503 0.54399073 0.55236876	2035684.0 0.5151861 0.51015973 0.37829497 0.5439911 0.55236816	0.9987256885422963
