ID	BITRATE	START_IDX	CAPTURE_START_IDX	KEY	CAPTURE_KEY	CORRELATION
70112732_5500	997.0	4	8	468782.0 0.58988184 0.6326288 0.41824985 0.48602122 0.37321827	468781.6 0.58987385 0.6326336 0.41826087 0.48601523 0.37321645	0.9999999975431081
70112732_5500	997.0	5	9	415451.2 0.7138384 0.47193992 0.548411 0.4211277 0.34468308	415452.8 0.7138404 0.4719501 0.54840165 0.42112362 0.34468415	0.9999999986560094
70112732_7050	941.0	19	19	798968.0 0.49968335 0.6871464 0.56465966 0.24548918 0.5030214	798968.0 0.4996846 0.6871464 0.5646609 0.24548918 0.5030189	0.9999999999550532
70112732_7050	941.0	20	20	803813.2 0.6830045 0.56125605 0.24400944 0.4999893 0.5117408	803812.4 0.68300515 0.56125784 0.24400967 0.49998733 0.5117401	0.9999999999610775
70112732_7050	941.0	21	21	742206.4 0.60784304 0.26426342 0.5414909 0.5542178 0.53218484	742205.6 0.607845 0.2642637 0.54148877 0.55421704 0.5321854	0.9999999999354025
70112732_7050	941.0	22	22	742326.4 0.2642207 0.54140335 0.5541282 0.5320988 0.60814893	742325.6 0.26422098 0.5414012 0.55412745 0.53209937 0.6081509	0.9999999999354738
70112732_7050	941.0	23	23	868262.0 0.4628764 0.47375563 0.45492145 0.519941 0.58850557	868261.6 0.46287432 0.47375467 0.45492163 0.51994234 0.58850694	0.9999999998246802
70112732_7050	941.0	24	24	786229.6 0.52318555 0.50238633 0.5741898 0.6499081 0.25033018	786230.0 0.52318406 0.5023861 0.57419074 0.6499091 0.25033006	0.9999999999790278
70112732_7050	941.0	25	25	952391.6 0.4147359 0.47401193 0.5365198 0.20665553 0.86807674	952392.4 0.4147356 0.4740126 0.5365205 0.20665537 0.868076	0.9999999999971351
70112732_7050	941.0	26	26	1173270.0 0.38477504 0.43551525 0.16775082 0.7046537 0.8073052	1173269.2 0.38477612 0.4355164 0.16775092 0.7046541 0.80730236	0.9999999999866823
70112732_7050	941.0	27	27	1349930.0 0.3785211 0.14579792 0.61243844 0.7016564 0.66158617	1349928.8 0.3785222 0.14579807 0.612439 0.7016541 0.66158676	0.9999999999859107
70112732_7050	941.0	28	28	1514440.0 0.12996025 0.5459107 0.62543714 0.58971965 0.6089723	1514438.0 0.12996042 0.54591143 0.6254353 0.5897204 0.60897243	0.9999999999876894
70112732_7050	941.0	29	29	1767068.8 0.46786466 0.5360216 0.50541043 0.52191067 0.46879274	1767067.2 0.46786505 0.5360198 0.50541085 0.52191055 0.4687937	0.9999999998067486
70112732_5500	997.0	28	30	1754808.0 0.53976506 0.5089412 0.5255566 0.4720676 0.45366958	1754810.0 0.53976387 0.5089411 0.525556 0.4720682 0.45367077	0.9999999999912554
70112732_6500	969.0	36	37	1267542.4 0.7324907 0.48416686 0.42915094 0.4375759 0.41661566	1267540.0 0.7324921 0.48416698 0.4291494 0.4375767 0.41661486	0.9999999999797111
70112732_7050	941.0	39	38	974854.8 0.6295317 0.557999 0.56895137 0.5416981 0.20181979	974852.8 0.629532 0.55799603 0.5689536 0.54169816 0.20182021	0.9999999999406558
70112732_7050	941.0	40	39	877328.0 0.6200281 0.632198 0.6019151 0.22425479 0.421604	877327.2 0.6200241 0.6321997 0.6019145 0.224255 0.4216067	0.9999999999047749
70112732_7050	941.0	41	40	910064.4 0.6094569 0.5802634 0.216188 0.4064383 0.68765354	910065.6 0.60945714 0.58026147 0.2161877 0.40643993 0.6876537	0.9999999999780640
70112732_4800	991.0	43	44	1127828.4 0.5548814 0.627208 0.45522708 0.17377378 0.68890977	1127829.6 0.5548799 0.62720907 0.45522743 0.17377359 0.6889099	0.9999999999892245
70112732_4800	991.0	44	45	1235190.4 0.5726915 0.415659 0.15866947 0.62903017 0.72394997	1235192.4 0.57269216 0.41565913 0.15866922 0.6290299 0.72394955	0.9999999999981175
70112732_4800	991.0	45	46	1181484.8 0.4345532 0.16588196 0.6576234 0.7568579 0.4850837	1181486.4 0.43455347 0.16588172 0.65762335 0.75685763 0.48508388	0.9999999999995488
70112732_15000	993.0	46	48	1231082.0 0.63113016 0.7263659 0.46554008 0.51734245 0.15962137	1231083.2 0.63112956 0.726366 0.4655412 0.5173403 0.15962283	0.9999999999830872
70112732_20000	988.0	65	62	809160.8 0.5512081 0.52526146 0.46644497 0.4450747 0.5120107	809148.8 0.5512163 0.5252705 0.46645066 0.44504422 0.5120183	0.9999999660098551
70112732_20000	988.0	66	63	795301.2 0.5344151 0.47457367 0.45283097 0.52093345 0.5172468	795290.0 0.53442395 0.4745791 0.45279962 0.5209408 0.5172566	0.9999999548787205
70112732_20000	988.0	67	64	703734.8 0.5363228 0.511751 0.58871466 0.5845483 0.27866322	703723.2 0.5363302 0.51171684 0.5887244 0.5845608 0.2786678	0.9999999886484781
70112732_20000	988.0	68	65	718541.6 0.5012055 0.57658315 0.5725027 0.27292088 0.57678777	718528.4 0.50117296 0.5765938 0.572516 0.27292588 0.5767914	0.9999999899731784
70112732_20000	988.0	69	66	774891.6 0.53465414 0.5308704 0.2530741 0.5348438 0.6465575	774890.4 0.534655 0.5308738 0.2530745 0.53483826 0.6465586	0.9999999997375102
70112732_20000	988.0	70	67	802530.4 0.5125874 0.24435835 0.51642406 0.6242904 0.6023398	802530.0 0.51259017 0.24435847 0.5164181 0.6242907 0.6023426	0.9999999997243387
70112732_20000	988.0	71	68	716494.0 0.27370083 0.57843614 0.699255 0.6746686 0.2739395	716492.8 0.27370128 0.5784301 0.6992561 0.6746725 0.27393994	0.9999999998517900
70112732_20000	988.0	72	69	824116.0 0.5028977 0.6079387 0.58656305 0.2381655 0.5644351	824115.2 0.5028921 0.6079393 0.5865661 0.23816574 0.56443685	0.9999999997703283
70112732_20000	988.0	73	70	830397.6 0.60333985 0.58212596 0.23636387 0.5601654 0.51800483	830399.2 0.6033387 0.5821273 0.23636343 0.5601655 0.5180051	0.9999999999828182
