ID	BITRATE	START_IDX	CAPTURE_START_IDX	KEY	CAPTURE_KEY	CORRELATION
70112732_20000	988.0	16	13	1124634.8 2.738611	1124633.2 2.7386074	0.9999999999246744
70112732_20000	988.0	17	14	1152422.8 2.7150235	1152421.9 2.7150266	0.9999999999270456
70112732_20000	988.0	18	15	1217876.8 2.6834686	1217876.8 2.6834652	0.9999999999125672
70112732_20000	988.0	19	16	1184262.1 2.6428154	1184262.2 2.6428175	0.9999999999535836
70112732_20000	988.0	20	17	1193767.5 3.1018083	1193767.9 3.1018066	0.9999999999763308
70112732_20000	988.0	21	18	1324657.5 2.6968443	1324657.5 2.6968458	0.9999999999861768
70112732_20000	988.0	22	19	1383558.8 2.9448428	1383559.4 2.94484	0.9999999999897422
70112732_20000	988.0	23	20	1523259.2 2.674145	1523259.1 2.6741457	0.9999999999911984
70112732_20000	988.0	24	21	1495960.6 2.58786	1495961.2 2.5878592	0.9999999999926613
70112732_4800	991.0	18	22	1580259.9 2.8492813	1580257.4 2.8492675	0.9999999995760902
70112732_4800	991.0	19	23	1650396.1 2.7089114	1650388.9 2.7089257	0.9999999996002666
70112732_4800	991.0	20	24	1716357.5 2.8160887	1716354.1 2.8160775	0.9999999996339142
70112732_4800	991.0	21	25	1896353.2 2.6092687	1896346.1 2.60928	0.9999999996105177
