ID	BITRATE	START_IDX	CAPTURE_START_IDX	KEY	CAPTURE_KEY	CORRELATION
70112732_15000	993.0	4	8	1214412.6 1.6976297	1214411.0 1.6976336	0.9999999999322395
70112732_15000	993.0	5	9	1178757.6 1.70113	1178757.8 1.7011256	0.9999999999195228
70112732_15000	993.0	6	10	1121381.2 1.7338296	1121380.2 1.7338338	0.9999999998948821
70112732_20000	988.0	15	12	1112544.8 1.7068275	1112541.8 1.7068312	0.9999999998833670
70112732_20000	988.0	16	13	1194353.0 1.533802	1194350.8 1.533799	0.9999999999190162
70112732_20000	988.0	17	14	1198093.2 1.7276886	1198092.0 1.7276887	0.9999999999470920
70112732_20000	988.0	18	15	1220127.4 1.6066085	1220126.6 1.6066078	0.9999999999473674
70112732_20000	988.0	19	16	1202085.4 1.7221614	1202085.2 1.7221607	0.9999999999743203
70112732_20000	988.0	20	17	1184804.6 1.6628236	1184803.8 1.6628247	0.9999999999783228
70112732_20000	988.0	21	18	1132807.8 1.7451779	1132807.0 1.7451773	0.9999999999732193
70112732_20000	988.0	22	19	1171574.0 1.5735617	1171574.6 1.57356	0.9999999999312327
70112732_20000	988.0	23	20	1183701.0 1.6956673	1183701.4 1.6956683	0.9999999999445904
70112732_20000	988.0	24	21	1113032.6 1.7570653	1113034.2 1.7570627	0.9999999999610639
70112732_7050	941.0	20	22	1395254.4 1.2934932	1395253.6 1.2934924	0.9999999999860472
70112732_7050	941.0	21	23	1398324.4 1.8491846	1398323.0 1.8491858	0.9999999999920647
70112732_7050	941.0	22	24	1651670.2 1.3337595	1651668.4 1.3337593	0.9999999999954094
70112732_7050	941.0	23	25	1777160.0 1.7036788	1777157.8 1.7036793	0.9999999999951111
70112732_6500	969.0	23	26	1714461.8 1.708433	1714461.8 1.7084318	0.9999999999943904
70112732_6500	969.0	24	27	1902762.6 1.4829139	1902762.0 1.4829148	0.9999999999945418
70112732_6500	969.0	25	28	1958316.4 1.7086565	1958316.0 1.7086558	0.9999999999938293
70112732_6500	969.0	26	29	2154334.8 1.4959356	2154333.2 1.4959366	0.9999999999945821
70112732_6500	969.0	27	30	2210985.5 1.707141	2210985.2 1.7071394	0.9999999999947452
70112732_20000	988.0	48	46	1900026.8 1.2801872	1900025.8 1.2801884	0.9999999999753779
