ID	BITRATE	START_IDX	CAPTURE_START_IDX	KEY	CAPTURE_KEY	CORRELATION
70112732_15000	993.0	4	8	851997.2 0.6321241 0.67225224 0.5218304 0.23013222 0.4436611	851997.2 0.6321241 0.67225105 0.5218292 0.23013338 0.44366226	0.9999999999899137
70112732_15000	993.0	5	9	765681.6 0.74803543 0.58065647 0.2560751 0.49367517 0.42155772	765680.0 0.7480357 0.5806564 0.25607696 0.49367753 0.4215534	0.9999999998962046
70112732_15000	993.0	6	10	614931.2 0.72300446 0.31885195 0.61469966 0.52490264 0.31854132	614930.8 0.72300327 0.31885377 0.6147017 0.52489644 0.31854478	0.9999999998115036
70112732_15000	993.0	7	11	593908.8 0.33013824 0.636458 0.5434824 0.32981664 0.6601047	593908.4 0.33014014 0.6364601 0.5434761 0.32982025 0.6601035	0.9999999997548195
70112732_20000	988.0	15	12	717312.8 0.52696395 0.4499836 0.2730803 0.5465454 0.7034267	717310.4 0.52696717 0.44997954 0.27307984 0.54654306 0.70343053	0.9999999998212948
70112732_20000	988.0	16	13	774741.6 0.41662794 0.25283784 0.50603193 0.6512842 0.673218	774738.8 0.41662428 0.25283748 0.5060299 0.65128785 0.67322046	0.9999999999105645
70112732_20000	988.0	17	14	814122.4 0.24060756 0.48155415 0.6197803 0.6406531 0.51740503	814120.8 0.2406068 0.48155138 0.6197827 0.6406543 0.5174048	0.9999999999475542
70112732_20000	988.0	18	15	895308.4 0.4378871 0.563579 0.58255905 0.47048706 0.44548786	895306.8 0.43788454 0.5635811 0.58256006 0.47048676 0.4454875	0.9999999999061926
70112732_20000	988.0	19	16	898183.6 0.5617749 0.5806942 0.46898094 0.44406176 0.44448817	898182.8 0.5617765 0.5806947 0.46898025 0.44406104 0.44448745	0.9999999999710906
70112732_20000	988.0	20	17	775016.4 0.67297935 0.5435124 0.514633 0.5151272 0.25374818	775015.6 0.67297995 0.5435116 0.5146322 0.5151264 0.25374973	0.9999999999811735
70112732_20000	988.0	21	18	785991.6 0.535923 0.5074469 0.50793415 0.25020495 0.6984909	785990.8 0.5359223 0.5074461 0.50793344 0.2502065 0.69849163	0.9999999999817940
70112732_20000	988.0	22	19	797957.2 0.4998376 0.5003176 0.24645308 0.6880169 0.565375	797957.2 0.49983633 0.5003163 0.24645433 0.6880169 0.5653762	0.9999999999723510
70112732_20000	988.0	23	20	716872.4 0.5569081 0.27432916 0.76583785 0.629324 0.273601	716872.8 0.55690634 0.27433038 0.7658374 0.62932503 0.27360085	0.9999999999864860
70112732_20000	988.0	24	21	717938.8 0.27392167 0.7647003 0.6283892 0.27319458 0.55979425	717939.2 0.27392292 0.7646999 0.62839025 0.27319446 0.5597925	0.9999999999865512
70112732_7050	941.0	20	22	803813.2 0.6830045 0.56125605 0.24400944 0.4999893 0.5117408	803812.4 0.68300515 0.56125784 0.24400844 0.49998856 0.5117401	0.9999999999827576
70112732_7050	941.0	21	23	742206.4 0.60784304 0.26426342 0.5414909 0.5542178 0.53218484	742206.0 0.6078447 0.2642622 0.54148984 0.55421674 0.5321865	0.9999999999536320
70112732_7050	941.0	22	24	742326.4 0.2642207 0.54140335 0.5541282 0.5320988 0.60814893	742326.0 0.2642195 0.5414023 0.55412716 0.53210044 0.6081506	0.9999999999537178
70112732_7050	941.0	23	25	868262.0 0.4628764 0.47375563 0.45492145 0.519941 0.58850557	868261.6 0.46287546 0.47375467 0.4549228 0.51994234 0.5885047	0.9999999997528278
70112732_7050	941.0	24	26	786229.6 0.52318555 0.50238633 0.5741898 0.6499081 0.25033018	786229.2 0.5231846 0.5023879 0.57419133 0.6499072 0.25032905	0.9999999999595655
70112732_7050	941.0	25	27	952391.6 0.4147359 0.47401193 0.5365198 0.20665553 0.86807674	952391.2 0.41473714 0.4740132 0.53651905 0.20665458 0.8680761	0.9999999999890485
70112732_7050	941.0	26	28	1173270.0 0.38477504 0.43551525 0.16775082 0.7046537 0.8073052	1173268.8 0.3847763 0.43551487 0.16775014 0.70465356 0.8073052	0.9999999999958762
70112732_7050	941.0	27	29	1349930.0 0.3785211 0.14579792 0.61243844 0.7016564 0.66158617	1349928.0 0.37852094 0.1457974 0.61243856 0.7016567 0.6615864	1.0000000000000000
70112732_7050	941.0	28	30	1514440.0 0.12996025 0.5459107 0.62543714 0.58971965 0.6089723	1514437.6 0.12995979 0.5459109 0.62543744 0.5897199 0.60897195	0.9999999999990865
70112732_6500	969.0	28	31	1514040.8 0.54605335 0.6256014 0.5898738 0.6091329 0.12933865	1514040.8 0.546054 0.6256014 0.5898745 0.6091316 0.12933865	0.9999999999925814
70112732_6500	969.0	29	32	1514698.0 0.6253299 0.58961785 0.60886854 0.12928253 0.5469011	1514697.6 0.6253301 0.5896187 0.6088674 0.12928256 0.5469012	0.9999999999941465
70112732_6500	969.0	30	33	1454265.6 0.6141196 0.63417023 0.13465491 0.5696277 0.5474275	1454264.8 0.61412066 0.6341693 0.13465498 0.56962806 0.5474271	0.9999999999931624
70112732_6500	969.0	31	34	1448956.0 0.63649416 0.13514835 0.57171506 0.5494335 0.6072089	1448954.4 0.63649344 0.1351485 0.5717157 0.54943347 0.6072089	0.9999999999976028
70112732_6500	969.0	32	35	1451440.4 0.134917 0.5707365 0.5484931 0.6061696 0.6396839	1451439.6 0.13491708 0.57073677 0.54849267 0.6061692 0.6396842	0.9999999999985318
70112732_20000	988.0	48	46	1127919.6 0.5548356 0.62715995 0.6888558 0.45518845 0.17396009	1127918.4 0.5548363 0.6271598 0.6888548 0.45518985 0.17395939	0.9999999999882121
70112732_20000	988.0	49	47	1235281.6 0.5726516 0.6289853 0.41562667 0.1588407 0.72389567	1235280.8 0.5726512 0.62898415 0.41562778 0.15884 0.723897	0.9999999999881285
70112732_20000	988.0	50	48	1207082.8 0.64367914 0.4253362 0.1625514 0.7408067 0.52762663	1207082.8 0.6436775 0.42533705 0.16255058 0.74080753 0.52762747	0.9999999999867097
70112732_20000	988.0	51	49	1125540.8 0.45615053 0.17432776 0.7944759 0.56585157 0.5091944	1125541.6 0.45615107 0.17432673 0.79447615 0.56585205 0.50919396	0.9999999999977619
70112732_20000	988.0	52	50	998776.0 0.19645345 0.8953109 0.6376695 0.57382137 0.19674481	998777.6 0.19645214 0.8953104 0.63766944 0.5738204 0.1967475	0.9999999999879284
70112732_7050	941.0	50	51	1258584.0 0.7104929 0.5060353 0.4553665 0.15613261 0.67197263	1258585.6 0.7104928 0.5060363 0.4553675 0.1561332 0.6719702	0.9999999999850163
70112732_6500	969.0	50	52	1276872.4 0.49878988 0.4488444 0.15389714 0.66234887 0.73611975	1276871.2 0.49878952 0.44884634 0.15389727 0.66234714 0.7361196	0.9999999999851880
