ID	BITRATE	START_IDX	CAPTURE_START_IDX	KEY	CAPTURE_KEY	CORRELATION
70112732_15000	993.0	4	8	1067759.6 1.3599418 1.2575836	1067758.0 1.3599467 1.2575846	0.9999999999322395
70112732_15000	993.0	5	9	972605.4 1.813712 1.3077812	972605.6 1.8137115 1.3077757	0.9999999999195228
70112732_15000	993.0	6	10	993372.8 1.6819496 0.9196175	993372.8 1.6819446 0.9196205	0.9999999998948821
70112732_20000	988.0	15	12	969501.8 1.431593 1.2647785	969499.8 1.4315939 1.264777	0.9999999998833670
70112732_20000	988.0	16	13	982353.4 1.8071022 1.1367457	982351.0 1.8071026 1.1367464	0.9999999999190162
70112732_20000	988.0	17	14	1096526.6 1.4298158 0.9210301	1096525.8 1.4298159 0.9210281	0.9999999999470920
70112732_20000	988.0	18	15	1080479.8 1.1162366 1.3442491	1080479.2 1.1162343 1.3442498	0.9999999999473674
70112732_20000	988.0	19	16	970866.6 1.909976 1.4131159	970866.4 1.9099755 1.4131162	0.9999999999743203
70112732_20000	988.0	20	17	1059365.4 1.6833569 0.76841	1059364.6 1.6833581 0.7684106	0.9999999999783228
70112732_20000	988.0	21	18	1016443.0 1.1894617 1.32792	1016442.4 1.1894615 1.3279189	0.9999999999732193
70112732_20000	988.0	22	19	927699.2 1.9415755 1.360053	927699.4 1.9415761 1.3600527	0.9999999999312327
70112732_20000	988.0	23	20	1073036.6 1.6520368 0.7341679	1073037.4 1.6520356 0.73416734	0.9999999999445904
70112732_20000	988.0	24	21	1026776.2 0.9589276 1.3657787	1026777.2 0.95892763 1.3657793	0.9999999999610639
70112732_7050	941.0	20	22	1035691.6 2.1522815 1.3261341	1035690.8 2.1522822 1.3261342	0.9999999999860472
70112732_7050	941.0	21	23	1293756.6 1.7937323 0.6090373	1293755.6 1.793732 0.609037	0.9999999999920647
70112732_7050	941.0	22	24	1420029.8 1.1838069 1.1831386	1420028.0 1.1838069 1.1831393	0.9999999999954094
70112732_7050	941.0	23	25	1488331.6 1.7484974 1.2561098	1488330.0 1.7484974 1.2561092	0.9999999999951111
70112732_6500	969.0	23	26	1590224.0 1.2987667 0.9337691	1590223.8 1.2987663 0.9337692	0.9999999999943904
70112732_6500	969.0	24	27	1564342.0 1.4787636 1.4066259	1564341.6 1.4787639 1.4066262	0.9999999999945418
70112732_6500	969.0	25	28	1697427.2 1.7653475 0.9744082	1697426.8 1.7653475 0.97440785	0.9999999999938293
70112732_6500	969.0	26	29	1908462.8 1.3276685 1.0051545	1908461.6 1.3276683 1.0051551	0.9999999999945821
70112732_6500	969.0	27	30	1887505.0 1.5082148 1.348396	1887504.2 1.5082154 1.3483953	0.9999999999947452
70112732_20000	988.0	48	46	1566791.0 1.6733891 0.94251114	1566791.0 1.6733879 0.9425099	0.9999999999753779
