ID	BITRATE	START_IDX	CAPTURE_START_IDX	KEY	CAPTURE_KEY	CORRELATION
70112732_20000	988.0	15	12	812132.9 0.4654386 0.39744604 0.24119699 0.48273382 0.62129855 0.64222246 0.5186725 0.49111298 0.49158457 0.24215126 0.6760076 0.5555064 0.24150851 0.4948673 0.50649714 0.486365 0.55587333 0.6291778 0.24234335 1.017996	812132.4 0.46544012 0.39744136 0.2411959 0.48273042 0.6213002 0.6422229 0.51867163 0.49111205 0.49158365 0.24215265 0.67600805 0.55550796 0.24150866 0.49486637 0.5064975 0.48636407 0.5558774 0.6291782 0.24234472 1.0179965	0.9999999999484288
70112732_20000	988.0	16	13	869051.7 0.3714152 0.22539972 0.451117 0.58060646 0.60015994 0.4847019 0.4589474 0.4593881 0.2262915 0.6317323 0.5191233 0.22569083 0.4624558 0.47332397 0.45451036 0.5194662 0.58796966 0.22647099 0.951322 1.0899075	869051.1 0.37141082 0.2253987 0.45111385 0.58060795 0.6001603 0.48470107 0.45894653 0.45938724 0.22629279 0.6317327 0.5191248 0.22569098 0.46245494 0.47332427 0.4545095 0.51947004 0.58797 0.22647229 0.9513226 1.0899082	0.9999999999700815
70112732_20000	988.0	17	14	926083.3 0.21151876 0.42333555 0.5448505 0.5631999 0.45485216 0.4306837 0.43109727 0.21235563 0.59282786 0.4871538 0.21179196 0.43397608 0.44417495 0.42651993 0.48747557 0.5517603 0.21252407 0.8927361 1.022787 0.96437865	926083.0 0.21151775 0.42333245 0.54485184 0.56320006 0.45485124 0.43068278 0.43109635 0.21235678 0.5928281 0.48715505 0.21179204 0.43397513 0.4441751 0.426519 0.48747897 0.5517605 0.21252523 0.8927364 1.0227873 0.96437794	0.9999999999837498
70112732_20000	988.0	18	15	998720.1 0.39254642 0.50522363 0.5222384 0.4217708 0.39936012 0.39974362 0.19691102 0.5497116 0.45172316 0.19638835 0.40241304 0.41187015 0.3954992 0.45202154 0.51163083 0.19706722 0.8278075 0.94839984 0.8942395 0.9234339	998719.7 0.39254358 0.5052248 0.5222386 0.42177 0.39935932 0.39974278 0.19691211 0.5497118 0.45172435 0.19638844 0.4024122 0.41187033 0.39549837 0.45202473 0.5116311 0.1970683 0.82780784 0.94840026 0.8942389 0.9234323	0.9999999999850175
70112732_20000	988.0	19	16	979098.0 0.5153488 0.5327046 0.43022352 0.4073637 0.4077549 0.20085733 0.5607284 0.46077615 0.20032418 0.41047782 0.42012444 0.4034254 0.4610805 0.52188444 0.20101665 0.8443976 0.96740675 0.912161 0.9419404 0.20000347	979098.0 0.51534986 0.5327046 0.4302225 0.4073627 0.40775388 0.20085834 0.5607284 0.46077716 0.20032418 0.41047677 0.42012444 0.40342438 0.46108356 0.52188444 0.20101768 0.8443976 0.96740675 0.91216 0.9419384 0.20000449	0.9999999999902794
70112732_20000	988.0	20	17	1011478.9 0.5156509 0.41645062 0.39432263 0.39470127 0.19442719 0.54277754 0.44602513 0.19391112 0.39733702 0.40667483 0.39051038 0.44631976 0.50517714 0.19458142 0.8173656 0.9364368 0.8829596 0.9117857 0.19360068 0.818985	1011479.2 0.51565075 0.4164495 0.3943215 0.39470017 0.19442812 0.54277736 0.446026 0.19391106 0.39733592 0.4066747 0.39050928 0.4463226 0.50517696 0.19458236 0.8173653 0.9364365 0.88295835 0.91178346 0.19360161 0.8189887	0.9999999999837564
70112732_20000	988.0	21	18	1038932.3 0.40544605 0.3839028 0.3842714 0.18928953 0.5284348 0.43423906 0.18878709 0.3868375 0.3959286 0.38019127 0.4345259 0.491828 0.18943967 0.79576695 0.9116917 0.8596277 0.8876921 0.18848485 0.79734355 0.7662713	1038932.6 0.40544495 0.3839017 0.38427034 0.18929043 0.52843463 0.4342399 0.18878703 0.38683644 0.39592847 0.3801902 0.43452865 0.49182785 0.18944058 0.7957667 0.9116915 0.8596265 0.8876899 0.18848576 0.7973472 0.76627105	0.9999999999848014
70112732_20000	988.0	22	19	1084791.1 0.36767355 0.3680266 0.18128744 0.5060956 0.4158819 0.18080623 0.37048423 0.37919098 0.36411893 0.41615662 0.47103631 0.18143123 0.76212645 0.8731506 0.82328755 0.8501655 0.18051678 0.7636364 0.73387766 0.8110492	1084791.4 0.36767253 0.3680256 0.18128832 0.50609547 0.41588274 0.18080619 0.37048322 0.3791909 0.36411795 0.41615927 0.4710362 0.18143213 0.76212627 0.8731504 0.8232864 0.85016346 0.18051766 0.7636399 0.73387754 0.8110481	0.9999999999862552
70112732_20000	988.0	23	20	1137752.4 0.35089535 0.17284869 0.48253733 0.396523 0.17238988 0.35323855 0.36154002 0.34716958 0.39678493 0.44911003 0.17298579 0.7266502 0.8325063 0.7849643 0.81059116 0.1721139 0.72808987 0.6997164 0.7732957 0.8160493	1137752.9 0.3508943 0.17284949 0.48253712 0.3965237 0.1723898 0.3532375 0.36153984 0.34716853 0.3967874 0.44910982 0.1729866 0.7266499 0.83250594 0.7849631 0.810589 0.1721147 0.7280931 0.6997161 0.77329445 0.8160498	0.9999999999875075
