ID	BITRATE	START_IDX	CAPTURE_START_IDX	KEY	CAPTURE_KEY	CORRELATION
70112732_20000	988.0	15	12	960502.0 1.2412062 2.0304737 1.0478469 1.0241477 1.5669181	960501.6 1.2412077 2.0304682 1.0478451 1.024145 1.5669229	0.9999999999484288
70112732_20000	988.0	16	13	950470.0 2.051905 2.0554516 1.0349574 1.5834566 1.5610077	950469.4 2.0519 2.0554507 1.034955 1.5834619 1.5610098	0.9999999999700815
70112732_20000	988.0	17	14	1088832.8 1.7942563 1.7236724 1.3822398 1.3626436 0.7477576	1088832.2 1.7942553 1.7236695 1.3822441 1.3626451 0.747758	0.9999999999837498
70112732_20000	988.0	18	15	1174496.2 1.597954 2.0666564 1.2632574 0.6932189 1.3856962	1174495.8 1.5979513 2.0666587 1.2632587 0.6932192 1.3856951	0.9999999999850175
70112732_20000	988.0	19	16	1127572.8 2.1526594 1.489495 0.72206694 1.4433614 1.5588893	1127572.6 2.1526613 1.489497 0.722067 1.4433599 1.5588886	0.9999999999902794
70112732_20000	988.0	20	17	1203749.2 1.3952358 1.3645442 1.3520216 1.4602385 1.2334354	1203749.6 1.395237 1.364547 1.3520195 1.4602373 1.2334342	0.9999999999837564
70112732_20000	988.0	21	18	1154726.8 1.4224741 2.0988507 1.5222311 1.2857994 1.6650718	1154727.2 1.422477 2.098848 1.5222296 1.285798 1.665072	0.9999999999848014
70112732_20000	988.0	22	19	1206924.9 2.0080779 2.185372 1.23019 1.5930594 0.9594168	1206925.8 2.0080748 2.185369 1.2301884 1.5930591 0.95941776	0.9999999999862552
70112732_20000	988.0	23	20	1340227.4 1.9680094 1.8005967 1.4346095 0.8639907 0.91129166	1340227.8 1.9680073 1.8005962 1.4346099 0.863992 0.9112951	0.9999999999875075
