ID	BITRATE	START_IDX	CAPTURE_START_IDX	KEY	CAPTURE_KEY	CORRELATION
70112732_20000	988.0	15	12	1061147.9 2.0504937 3.2561927	1061147.2 2.050493 3.2561927	0.9999999999484288
70112732_20000	988.0	16	13	1048839.6 3.2944045 3.277275	1048838.8 3.2944055 3.277277	0.9999999999700815
70112732_20000	988.0	17	14	1239335.6 2.7735312 2.1713037	1239335.5 2.7735307 2.1713006	0.9999999999837498
70112732_20000	988.0	18	15	1322865.2 2.0342011 3.065146	1322864.9 2.0341988 3.0651467	0.9999999999850175
70112732_20000	988.0	19	16	1208991.0 3.3538504 2.8430939	1208990.9 3.3538508 2.843095	0.9999999999902794
70112732_20000	988.0	20	17	1366498.8 2.5153883 2.288561	1366498.9 2.5153887 2.2885633	0.9999999999837564
70112732_20000	988.0	21	18	1330502.8 2.350477 3.2666614	1330503.2 2.3504782 3.2666595	0.9999999999848014
70112732_20000	988.0	22	19	1355399.6 3.2066572 2.800299	1355400.2 3.206655 2.8002975	0.9999999999862552
70112732_20000	988.0	23	20	1532497.8 2.4766915 2.3716493	1532498.2 2.4766905 2.3716516	0.9999999999875075
