ID	BITRATE	START_IDX	CAPTURE_START_IDX	KEY	CAPTURE_KEY	CORRELATION
70112732_7050	941.0	15	13	1059365.6 1.4921345 0.9596309	1059365.4 1.4921348 0.9596302	0.9999999999505109
70112732_7050	941.0	16	14	975927.8 1.4464092 1.383049	975928.0 1.4464059 1.3830488	0.9999999999343581
70112732_7050	941.0	17	15	968213.4 1.8603348 1.093918	968219.2 1.8603556 1.0939134	0.9999999960741270
70112732_7050	941.0	18	16	1073037.0 1.4632515 0.92295045	1073049.6 1.463237 0.92293775	0.9999999965175675
70112732_7050	941.0	19	17	1067292.0 1.1123264 1.3139337	1067298.4 1.1123188 1.313955	0.9999999965238616
70112732_7050	941.0	20	18	1035691.6 2.1522815 1.3261341	1035696.4 2.1522977 1.326129	0.9999999984185417
70112732_7050	941.0	21	19	1293756.6 1.7937323 0.6090373	1293767.2 1.7937168 0.6090307	0.9999999991238502
70112732_7050	941.0	22	20	1420029.8 1.1838069 1.1831386	1420033.6 1.1838001 1.1831551	0.9999999993181657
70112732_7050	941.0	23	21	1488331.6 1.7484974 1.2561098	1488335.2 1.7485119 1.2561054	0.9999999993480287
70112732_7050	941.0	24	22	1716738.4 1.5715249 0.8649559	1716747.8 1.5715145 0.86494887	0.9999999993553291
