ID	BITRATE	START_IDX	CAPTURE_START_IDX	KEY	CAPTURE_KEY	CORRELATION
70112732_5500	997.0	4	6	512772.66 0.539276 0.5783557 0.3823683	512776.0 0.5392725 0.578352 0.38237554	0.9999999999477333
70112732_5500	997.0	5	7	480314.0 0.61743987 0.40820795 0.47435218	480318.0 0.6174347 0.408215 0.47435033	0.9999999996462122
70112732_5500	997.0	6	8	399242.66 0.49109983 0.5706755 0.4382247	399246.66 0.49110743 0.5706723 0.43822032	0.9999999950875498
70112732_5500	997.0	7	9	363996.66 0.6259343 0.48065826 0.39340746	363998.66 0.62593365 0.4806556 0.3934108	0.9999999997642157
70112732_7050	941.0	22	20	672920.0 0.29147297 0.59724486 0.61128217	672920.0 0.29147297 0.59724635 0.6112807	0.9999999999662443
70112732_7050	941.0	23	21	805488.7 0.4989493 0.5106763 0.49037436	805489.3 0.49895012 0.51067466 0.49037522	0.9999999982488749
70112732_7050	941.0	24	22	838520.0 0.49055955 0.47105733 0.5383831	838520.7 0.49055797 0.47105816 0.53838384	0.9999999992539098
70112732_7050	941.0	25	23	904942.0 0.43648213 0.49886623 0.56465167	904943.3 0.43648258 0.49886662 0.56465083	0.9999999999882651
70112732_7050	941.0	26	24	772826.0 0.5841483 0.6611799 0.2546718	772827.3 0.5841486 0.66117877 0.25467268	0.9999999999965160
70112732_7050	941.0	27	25	1023028.7 0.49947476 0.19238658 0.8081386	1023028.0 0.4994751 0.1923877 0.80813724	0.9999999999995864
70112732_7050	941.0	28	26	1313835.4 0.1498034 0.62926376 0.7209328	1313833.4 0.14980438 0.6292632 0.72093236	0.9999999999997937
70112732_7050	941.0	29	27	1778020.6 0.4649828 0.5327199 0.50229734	1778017.4 0.4649825 0.5327198 0.5022977	0.9999999999543553
70112732_7050	941.0	30	28	1841689.4 0.5143033 0.48493248 0.50076413	1841687.4 0.5143028 0.48493245 0.50076467	0.9999999994624890
70112732_6500	969.0	30	29	1340779.4 0.6660999 0.6878477 0.14605236	1340779.4 0.6661006 0.6878477 0.14605162	0.9999999999991683
70112732_6500	969.0	31	30	1297644.0 0.7107127 0.15090734 0.63838	1297643.4 0.71071297 0.15090664 0.63838035	0.9999999999999848
70112732_6500	969.0	32	31	1213546.0 0.16136512 0.6826194 0.6560155	1213544.6 0.16136448 0.68262017 0.65601546	0.9999999999990680
70112732_6500	969.0	33	32	1669542.6 0.49617782 0.47684017 0.52698207	1669539.4 0.49617878 0.4768405 0.5269807	0.9999999995724109
70112732_6500	969.0	34	33	1736258.0 0.4585177 0.5067329 0.53474945	1736253.4 0.45851833 0.5067319 0.5347497	0.9999999997963371
70112732_7050	941.0	39	37	1141543.4 0.53760725 0.4765198 0.4858729	1141561.4 0.5375979 0.47651052 0.48589152	0.9999998967116244
70112732_7050	941.0	40	38	1084460.0 0.50160265 0.5114481 0.48694927	1084479.4 0.50159186 0.5114666 0.4869415	0.9999996196427741
70112732_4800	991.0	39	39	968405.3 0.57274055 0.5453068 0.38195267	968426.7 0.5727589 0.54529476 0.3819463	0.9999999903634696
70112732_4200	922.0	41	40	1015869.3 0.5198267 0.36413738 0.61603594	1015849.3 0.5198389 0.364116 0.6160451	0.9999999978130915
70112732_6500	969.0	42	41	1135386.6 0.3257789 0.5511876 0.6230336	1135386.0 0.32578084 0.55118614 0.62303305	0.9999999999853115
70112732_5500	997.0	42	42	1231076.0 0.5083447 0.5746071 0.4170482	1231072.0 0.50834477 0.5746073 0.41704792	1.0000000000000000
70112732_4800	991.0	44	43	944525.3 0.7489296 0.54357255 0.20749788	944524.0 0.7489307 0.5435712 0.20749816	0.9999999999901884
70112732_4800	991.0	45	44	990918.0 0.5181236 0.19778326 0.78409314	990916.7 0.51812226 0.19778353 0.78409415	0.9999999999921448
70112732_4800	991.0	46	45	1244783.4 0.15744667 0.6241825 0.7183708	1244782.6 0.15744677 0.6241829 0.7183704	0.9999999999992804
70112732_4800	991.0	47	46	1496204.6 0.5192953 0.5976562 0.38304853	1496204.6 0.5192953 0.59765553 0.38304922	0.9999999999995516
