ID	BITRATE	START_IDX	CAPTURE_START_IDX	KEY	CAPTURE_KEY	CORRELATION
70112732_7050	941.0	15	13	1144290.0 1.8987267	1144289.4 1.8987286	0.9999999999505109
70112732_7050	941.0	16	14	1173321.6 1.512269	1173321.6 1.5122674	0.9999999999343581
70112732_7050	941.0	17	15	1131059.8 1.8090247	1131072.0 1.809006	0.9999999960741270
70112732_7050	941.0	18	16	1224215.2 1.4740807	1224222.0 1.474097	0.9999999965175675
70112732_7050	941.0	19	17	1153549.2 1.8709579	1153561.2 1.8709401	0.9999999965238616
70112732_7050	941.0	20	18	1395254.4 1.2934932	1395259.0 1.2935097	0.9999999984185417
70112732_7050	941.0	21	19	1398324.4 1.8491846	1398335.0 1.8491684	0.9999999991238502
70112732_7050	941.0	22	20	1651670.2 1.3337595	1651673.0 1.3337743	0.9999999993181657
70112732_7050	941.0	23	21	1777160.0 1.7036788	1777170.2 1.7036651	0.9999999993480287
70112732_7050	941.0	24	22	1967489.4 1.4887221	1967491.6 1.4887352	0.9999999993553291
