ID	BITRATE	START_IDX	CAPTURE_START_IDX	KEY	CAPTURE_KEY	CORRELATION
70112732_15000	993.0	4	8	877924.4 0.8365743 1.0989546 1.0811592 0.8174303 0.4305587	877923.0 0.83657795 1.098954 1.0811597 0.81743276 0.43056053	0.9999999999322395
70112732_15000	993.0	5	9	829077.0 1.1637025 1.1448587 0.86559147 0.9639961 0.3893233	829077.0 1.1637001 1.1448575 0.8655927 0.9639985 0.3893185	0.9999999999195228
70112732_15000	993.0	6	10	833527.4 1.138746 0.8609699 0.95884913 0.8657508 0.23500247	833527.0 1.1387453 0.8609715 0.95885193 0.8657464 0.23500499	0.9999999998948821
70112732_20000	988.0	15	12	850478.6 0.93974024 0.8484963 0.69974244 0.692202 0.5932859	850477.0 0.939742 0.8484921 0.6997414 0.69220096 0.59328824	0.9999999998833670
70112732_20000	988.0	16	13	864612.8 0.8346256 0.6883035 0.68088627 1.2185628 0.60324115	864610.8 0.8346218 0.68830276 0.68088555 1.2185668 0.6032425	0.9999999999190162
70112732_20000	988.0	17	14	885809.6 0.67183286 0.66459316 1.1894034 1.0981084 0.4755322	885808.6 0.67183137 0.6645916 1.1894059 1.0981108 0.4755316	0.9999999999470920
70112732_20000	988.0	18	15	885936.8 0.66449773 1.1892327 1.0979508 0.6968533 0.4502003	885936.0 0.66449606 1.1892349 1.0979528 0.6968528 0.45019957	0.9999999999473674
70112732_20000	988.0	19	16	847393.0 1.2433251 1.1478913 0.7285498 0.9449535 0.4711297	847393.0 1.2433263 1.1478925 0.72854865 0.9449512 0.4711285	0.9999999999743203
70112732_20000	988.0	20	17	899216.0 1.0817368 0.68656254 0.8904946 0.9014241 0.21870051	899215.6 1.0817384 0.6865617 0.89049274 0.9014234 0.21870172	0.9999999999783228
70112732_20000	988.0	21	18	854328.0 0.7226358 0.93728286 0.9487867 0.6925349 0.64261967	854327.6 0.722635 0.93728095 0.9487859 0.6925353 0.64261997	0.9999999999732193
70112732_20000	988.0	22	19	809368.8 0.98934746 1.0014902 0.7310042 1.2360879 0.5574035	809369.0 0.9893448 1.0014888 0.731004 1.2360914 0.5574046	0.9999999999312327
70112732_20000	988.0	23	20	872946.4 0.9285507 0.6777644 1.1460624 1.1021537 0.22468391	872946.6 0.92854935 0.67776424 1.1460655 1.1021545 0.22468384	0.9999999999445904
70112732_20000	988.0	24	21	834352.0 0.70911556 1.1990755 1.1531357 0.4709667 0.4816888	834352.8 0.7091149 1.1990778 1.1531357 0.47096744 0.48168713	0.9999999999610639
70112732_7050	941.0	20	22	957100.6 1.0452955 1.0052464 0.41056812 1.2837176 0.42978135	957100.2 1.045297 1.0052469 0.4105662 1.2837162 0.4297805	0.9999999999860472
70112732_7050	941.0	21	23	1048027.2 0.9180315 0.37494734 1.1723427 1.2962745 0.37689003	1048026.6 0.91803205 0.37494564 1.1723413 1.2962734 0.3768912	0.9999999999920647
70112732_7050	941.0	22	24	1148323.6 0.34219882 1.0699484 1.1830559 1.12171 0.39313394	1148322.2 0.3421975 1.069948 1.1830555 1.1217113 0.39313528	0.9999999999954094
70112732_7050	941.0	23	25	1230714.4 0.99832016 1.1038556 1.0466166 1.1161785 0.41518733	1230712.8 0.99831986 1.1038555 1.0466179 1.1161792 0.41518706	0.9999999999951111
70112732_6500	969.0	23	26	1315484.6 1.0327213 0.97917145 1.0442517 0.53729326 0.14961559	1315484.6 1.0327213 0.9791722 1.0442508 0.5372925 0.14961483	0.9999999999943904
70112732_6500	969.0	24	27	1422981.8 0.9052014 0.9653652 0.4967042 0.72046393 0.5809962	1422981.6 0.90520215 0.9653645 0.49670354 0.7204633 0.580997	0.9999999999945418
70112732_6500	969.0	25	28	1492385.8 0.9204705 0.47360477 0.68695843 1.0874213 0.6346791	1492385.6 0.9204699 0.47360414 0.68695784 1.0874213 0.63467914	0.9999999999938293
70112732_6500	969.0	26	29	1583892.4 0.44624308 0.6472706 1.0245974 1.1534907 0.56385964	1583891.2 0.44624275 0.64727044 1.0245981 1.1534908 0.56386065	0.9999999999945821
70112732_6500	969.0	27	30	1522104.0 0.67354596 1.06619 1.2003155 1.1967356 0.605906	1522103.4 0.6735456 1.0661904 1.2003154 1.1967367 0.605905	0.9999999999947452
70112732_20000	988.0	48	46	1372095.4 0.92027056 0.9332478 0.7094827 0.99056673 0.14300245	1372095.2 0.9202714 0.93324715 0.70948356 0.9905646 0.14300174	0.9999999999753779
