ID	BITRATE	START_IDX	CAPTURE_START_IDX	KEY	CAPTURE_KEY	CORRELATION
70112732_7050	941.0	19	19	874867.6 0.9078196 1.1435479 1.0997344 0.44915938 0.4593815	874867.6 0.90782076 1.143549 1.0997367 0.44915938 0.45937923	0.9999999999650644
70112732_7050	941.0	20	20	957100.6 1.0452955 1.0052464 0.41056812 1.2837176 0.42978135	957100.6 1.0452965 1.0052485 0.41056812 1.2837156 0.4297803	0.9999999999864246
70112732_7050	941.0	21	21	1048027.2 0.9180315 0.37494734 1.1723427 1.2962745 0.37689003	1048026.6 0.91803396 0.37494755 1.1723413 1.2962705 0.37689024	0.9999999999836464
70112732_7050	941.0	22	22	1148323.6 0.34219882 1.0699484 1.1830559 1.12171 0.39313394	1148322.8 0.3421991 1.0699475 1.1830524 1.1217108 0.39313513	0.9999999999869859
70112732_7050	941.0	23	23	1230714.4 0.99832016 1.1038556 1.0466166 1.1161785 0.41518733	1230713.2 0.99831945 1.1038526 1.0466175 1.1161796 0.41518852	0.9999999999869422
70112732_7050	941.0	24	24	1441999.0 0.94211644 0.8932641 0.9526338 0.9288259 0.136489	1441998.4 0.9421134 0.89326453 0.9526342 0.9288277 0.13648906	0.9999999999872248
70112732_20000	988.0	65	62	888119.0 0.7230123 0.94521904 0.98910284 0.9497973 0.46649042	888113.2 0.7230171 0.9452207 0.98910815 0.94977194 0.46649346	0.9999999937063947
70112732_20000	988.0	66	63	795118.6 1.0557758 1.1047924 1.0608895 0.7679043 0.5173656	795112.4 1.0557791 1.1047999 1.0608627 0.7679103 0.51737213	0.9999999957712633
70112732_20000	988.0	67	64	846814.6 1.0373474 0.99612474 0.7210256 1.0350872 0.23157962	846807.4 1.0373552 0.9961002 0.7210317 1.0350996 0.2315816	0.9999999959946128
70112732_20000	988.0	68	65	874672.0 0.9643992 0.69806165 1.0021209 0.7159884 0.4738302	874666.2 0.96437365 0.6980663 1.0021309 0.7159943 0.47382763	0.9999999960303667
