ID	BITRATE	START_IDX	CAPTURE_START_IDX	KEY	CAPTURE_KEY	CORRELATION
70112732_15000	993.0	4	4	1037282.0 0.51921076 0.552171 0.42861825	1037278.7 0.5192115 0.5521708 0.4286177	0.9999999999647149
70112732_15000	993.0	5	5	808951.3 0.7080241 0.549598 0.242378	808947.3 0.7080251 0.5495982 0.24237673	1.0000000000000000
70112732_15000	993.0	6	6	679112.0 0.65467554 0.2887182 0.5566063	679108.7 0.6546758 0.28871667 0.55660754	0.9999999999906036
70112732_15000	993.0	7	7	597899.3 0.3279348 0.63221014 0.5398551	597896.0 0.32793328 0.632212 0.53985476	0.9999999999911623
70112732_20000	988.0	15	8	597774.0 0.63234264 0.5399683 0.32768905	597772.0 0.6323431 0.53996676 0.32769015	0.9999999999691306
70112732_20000	988.0	16	9	607138.0 0.53164023 0.32263505 0.6457247	607136.0 0.5316387 0.32263613 0.6457252	0.9999999999700278
70112732_20000	988.0	17	10	728336.7 0.26894704 0.53827304 0.6927799	728334.0 0.26894805 0.53827363 0.6927783	0.9999999999945239
70112732_20000	988.0	18	11	945460.7 0.41465923 0.5336837 0.551657	945458.7 0.41465905 0.5336817 0.5516592	0.9999999996022430
70112732_7050	941.0	14	12	964918.0 0.52292114 0.540533 0.4365459	964914.0 0.5229212 0.5405363 0.43654254	0.9999999998015114
70112732_7050	941.0	15	13	894434.0 0.5831286 0.470947 0.44592446	894431.3 0.58313143 0.47094283 0.4459258	0.9999999990763772
70112732_7050	941.0	16	14	677825.3 0.62144476 0.58842593 0.29012933	677822.0 0.6214404 0.5884288 0.29013073	0.9999999998181411
70112732_7050	941.0	17	15	663158.7 0.6014398 0.29654592 0.6020143	663159.3 0.6014392 0.29654562 0.6020152	0.9999999999908619
70112732_7050	941.0	18	16	763264.0 0.25765267 0.5230576 0.7192898	763264.7 0.25765243 0.5230584 0.7192891	0.9999999999947097
70112732_7050	941.0	19	17	932922.7 0.42793578 0.5884818 0.4835824	932923.3 0.42793655 0.58848137 0.48358208	0.9999999999880729
70112732_6500	969.0	19	18	934700.0 0.5873617 0.4826629 0.4299754	934701.3 0.587362 0.4826622 0.42997587	0.9999999999713205
70112732_7050	941.0	24	22	838520.0 0.49055955 0.47105733 0.5383831	838520.7 0.49055678 0.47105935 0.53838384	0.9999999974321778
70112732_7050	941.0	30	28	1841689.4 0.5143033 0.48493248 0.50076413	1841688.0 0.51430374 0.48493284 0.5007634	0.9999999990923001
70112732_7050	941.0	31	29	1762490.6 0.5067233 0.5232663 0.47001043	1762487.4 0.5067242 0.52326614 0.4700096	0.9999999996320404
70112732_7050	941.0	32	30	1297642.0 0.71071374 0.6383802 0.15090603	1297640.0 0.71071327 0.6383789 0.1509078	0.9999999999979241
70112732_7050	941.0	33	31	1213543.4 0.68262 0.16136383 0.6560161	1213543.4 0.68261755 0.16136548 0.65601695	0.9999999999854854
70112732_7050	941.0	39	38	1141543.4 0.53760725 0.4765198 0.4858729	1141541.4 0.5376082 0.4765171 0.48587462	0.9999999980402999
70112732_10000	986.0	40	43	1019456.0 0.19224665 0.6138676 0.69388574	1019453.3 0.19224715 0.61386824 0.6938847	0.9999999999955733
70112732_5500	997.0	42	44	1231076.0 0.5083447 0.5746071 0.4170482	1231073.4 0.508345 0.5746067 0.41704825	0.9999999999941493
70112732_15000	993.0	43	45	944676.7 0.7488107 0.5434865 0.2077028	944674.7 0.7488112 0.5434855 0.20770325	0.9999999999953277
70112732_7050	941.0	47	46	991068.0 0.5180452 0.19797935 0.7839755	991068.0 0.5180442 0.19798036 0.7839755	0.9999999999958461
70112732_7050	941.0	48	47	1244932.6 0.15760772 0.6241085 0.71828383	1244934.0 0.15760836 0.6241078 0.71828383	0.9999999999989599
70112732_4800	991.0	47	48	1496204.6 0.5192953 0.5976562 0.38304853	1496205.4 0.5192957 0.5976559 0.38304836	0.9999999999938364
70112732_10000	986.0	46	49	1109226.6 0.8061608 0.5166807 0.17715856	1109228.6 0.8061602 0.5166825 0.17715734	0.9999999999883686
70112732_10000	986.0	47	50	937676.0 0.611209 0.20957026 0.67922074	937677.3 0.61121136 0.2095689 0.6792198	0.9999999999750887
70112732_10000	986.0	48	51	1119422.0 0.17554505 0.5689445 0.75551045	1119421.4 0.17554426 0.5689448 0.75551087	0.9999999999998493
70112732_4200	922.0	50	52	1503813.4 0.42351732 0.56239295 0.5140897	1503814.6 0.42351562 0.5623931 0.5140913	0.9999999998667798
70112732_4200	922.0	57	59	1211759.4 0.61685187 0.5150742 0.3680739	1211759.4 0.6168502 0.51507586 0.3680739	0.9999999999273422
70112732_10000	986.0	59	62	666118.0 0.29533356 0.63805664 0.5666098	666117.3 0.29533687 0.6380573 0.5666059	0.9999999998795061
70112732_7050	941.0	63	63	775038.0 0.54838604 0.48698 0.464634	775036.7 0.54838824 0.48697823 0.4646335	0.9999999996764959
70112732_5500	997.0	60	64	767888.0 0.49151438 0.46895772 0.5395279	767887.3 0.4915122 0.46895942 0.53952837	0.9999999985017536
70112732_10000	986.0	62	65	792565.3 0.45435625 0.5227304 0.5229134	792567.3 0.45435637 0.52272785 0.52291584	0.9999999979623440
70112732_20000	988.0	79	73	862714.0 0.22756904 0.5919447 0.68048626	862712.7 0.22756822 0.5919433 0.6804884	0.9999999999764583
70112732_7050	941.0	76	74	1120677.4 0.45571634 0.52384925 0.5204343	1120654.0 0.4556955 0.52386016 0.52044433	0.9999999999648741
