ID	BITRATE	START_IDX	CAPTURE_START_IDX	KEY	CAPTURE_KEY	CORRELATION
80217312_7050	2034.0	10	2	397524.0 0.49387962 0.4910848 0.51503557	397538.0 0.49417666 0.4894249 0.51639843	0.9982685740522368
70112732_5500	997.0	4	8	512772.66 0.539276 0.5783557 0.3823683	512774.66 0.5392661 0.57835734 0.38237655	0.9999999977107659
70112732_5500	997.0	5	9	480314.0 0.61743987 0.40820795 0.47435218	480316.66 0.6174406 0.40821612 0.47434333	0.9999999969946597
70112732_5500	997.0	6	10	399242.66 0.49109983 0.5706755 0.4382247	399243.34 0.49111152 0.57066697 0.43822145	0.9999999892724267
70112732_5500	997.0	7	11	363996.66 0.6259343 0.48065826 0.39340746	363994.66 0.62592953 0.48065814 0.39341238	0.9999999999777509
60026145_3500	999.0	50	13	377094.0 0.38670465 0.5932791 0.52001625	377075.34 0.37976494 0.6007553 0.51947975	0.9998908803247565
70112732_7050	941.0	15	16	894434.0 0.5831286 0.470947 0.44592446	894434.7 0.5831292 0.47094664 0.44592413	0.9999999999988561
70112732_20000	988.0	21	17	812874.7 0.5181992 0.4906648 0.49113598	812875.3 0.5181988 0.49066564 0.4911356	0.9999999992518395
70112732_7050	941.0	19	19	932922.7 0.42793578 0.5884818 0.4835824	932924.0 0.42793626 0.58848095 0.4835828	0.9999999999966436
70112732_7050	941.0	20	20	797527.3 0.6883877 0.56567967 0.24593264	797528.0 0.6883871 0.56568044 0.24593243	0.9999999999952894
70112732_7050	941.0	21	21	699454.0 0.6449959 0.28041586 0.5745882	699453.3 0.644998 0.28041613 0.57458586	0.9999999999362458
70112732_7050	941.0	22	22	672920.0 0.29147297 0.59724486 0.61128217	672918.0 0.29147384 0.59724367 0.6112825	0.9999999999903866
70112732_7050	941.0	23	23	805488.7 0.4989493 0.5106763 0.49037436	805486.7 0.49894804 0.5106763 0.49037558	0.9999999938931444
70112732_7050	941.0	24	24	838520.0 0.49055955 0.47105733 0.5383831	838520.0 0.49055836 0.47105733 0.5383843	0.9999999996897757
70112732_7050	941.0	25	25	904942.0 0.43648213 0.49886623 0.56465167	904943.3 0.43648148 0.49886662 0.56465197	0.9999999999869510
70112732_7050	941.0	26	26	772826.0 0.5841483 0.6611799 0.2546718	772827.3 0.5841486 0.66118 0.2546714	0.9999999999998096
70112732_7050	941.0	27	27	1023028.7 0.49947476 0.19238658 0.8081386	1023029.3 0.49947542 0.19238648 0.80813813	0.9999999999983199
70112732_7050	941.0	28	28	1313835.4 0.1498034 0.62926376 0.7209328	1313832.6 0.14980371 0.62926507 0.72093123	0.9999999999899689
70112732_7050	941.0	29	29	1778020.6 0.4649828 0.5327199 0.50229734	1778018.0 0.4649835 0.5327185 0.50229806	0.9999999997783642
70112732_7050	941.0	30	30	1841689.4 0.5143033 0.48493248 0.50076413	1841686.0 0.51430213 0.48493338 0.5007645	0.9999999996966541
70112732_7050	941.0	31	31	1762490.6 0.5067233 0.5232663 0.47001043	1762490.6 0.5067233 0.5232658 0.470011	0.9999999999901137
70112732_5500	997.0	30	32	1697828.0 0.5431946 0.48791045 0.46889496	1697831.4 0.5431935 0.48791066 0.4688958	0.9999999999980611
70112732_6500	969.0	36	37	1390754.6 0.6675966 0.44127268 0.39113083	1390752.0 0.66759783 0.44127277 0.3911294	0.9999999999925852
70112732_7050	941.0	39	38	1141543.4 0.53760725 0.4765198 0.4858729	1141540.6 0.53760767 0.47651744 0.48587495	0.9999999979010765
70112732_7050	941.0	40	39	1084460.0 0.50160265 0.5114481 0.48694927	1084457.4 0.50160015 0.51145023 0.48694953	0.9999999837898824
70112732_7050	941.0	41	40	852978.0 0.65024537 0.619098 0.2306566	852978.0 0.65024656 0.6190969 0.2306566	0.9999999999874813
70112732_7050	941.0	42	41	729804.7 0.72358674 0.26958582 0.50682735	729805.3 0.7235848 0.2695856 0.5068297	0.9999999999614099
70112732_7050	941.0	43	42	794959.3 0.24749066 0.46528795 0.78722143	794961.3 0.24749003 0.4652893 0.7872207	0.9999999999909952
70112732_6500	969.0	42	43	1135386.6 0.3257789 0.5511876 0.6230336	1135388.0 0.32578027 0.551186 0.6230337	0.9999999999751973
70112732_5500	997.0	42	44	1231076.0 0.5083447 0.5746071 0.4170482	1231076.0 0.50834394 0.5746071 0.417049	0.9999999999648361
70112732_4800	991.0	44	45	944525.3 0.7489296 0.54357255 0.20749788	944527.3 0.74893016 0.5435724 0.20749745	0.9999999999998570
70112732_4800	991.0	45	46	990918.0 0.5181236 0.19778326 0.78409314	990919.3 0.5181239 0.19778301 0.7840931	0.9999999999995959
70112732_4800	991.0	46	47	1244783.4 0.15744667 0.6241825 0.7183708	1244784.6 0.15744652 0.6241827 0.71837085	0.9999999999999707
70112732_4800	991.0	47	48	1496204.6 0.5192953 0.5976562 0.38304853	1496206.6 0.5192953 0.5976561 0.38304868	1.0000000000000000
70112732_4200	922.0	48	49	1402816.6 0.63744324 0.40854806 0.45400873	1402817.4 0.6374436 0.40854925 0.45400706	0.9999999999256610
70112732_15000	993.0	48	50	937677.3 0.6112103 0.6792219 0.20956783	937678.7 0.6112115 0.6792188 0.20956966	0.9999999999705252
70112732_10000	986.0	52	56	1669268.6 0.56308013 0.5266019 0.41031802	1669288.0 0.5630724 0.52659696 0.41033062	0.9999999999002508
70112732_20000	988.0	61	57	1540965.4 0.5704482 0.44448176 0.48506996	1540984.0 0.570442 0.4444952 0.48506278	0.9999999921288708
70112732_7050	941.0	62	62	832308.0 0.53587615 0.5106523 0.45347154	832310.7 0.5358768 0.5106531 0.45347008	0.9999999999518382
70112732_7050	941.0	63	63	775038.0 0.54838604 0.48698 0.464634	775038.0 0.5483886 0.48698 0.4646314	0.9999999998803369
70112732_5500	997.0	60	64	767888.0 0.49151438 0.46895772 0.5395279	767889.3 0.49151355 0.46895692 0.53952956	0.9999999999147838
70112732_20000	988.0	68	65	790535.3 0.45556092 0.524074 0.5203651	790516.7 0.4555337 0.52408636 0.5203799	0.9999999981371933
70112732_20000	988.0	69	66	681180.7 0.6082072 0.60390294 0.28788984	681182.0 0.60820603 0.60390466 0.28788927	0.9999999999676411
70112732_20000	988.0	70	67	681278.7 0.60381603 0.28784844 0.6083355	681276.7 0.60382074 0.28784928 0.60832995	0.9999999996115543
70112732_20000	988.0	71	68	741042.0 0.26463413 0.5592746 0.67609125	741038.7 0.2646353 0.5592704 0.67609423	0.9999999998411249
70112732_6500	969.0	67	69	932569.3 0.44441307 0.53723514 0.5183518	932567.3 0.44440868 0.5372395 0.51835185	0.9999999995988784
70112732_20000	988.0	73	70	787122.7 0.63651067 0.61413044 0.24935883	787124.0 0.6365096 0.6141319 0.24935843	0.9999999999819330
70112732_20000	988.0	74	71	763221.3 0.6333628 0.25716788 0.60946935	763223.3 0.6333638 0.2571672 0.60946906	0.9999999999960810
70112732_20000	988.0	75	72	727724.0 0.26971215 0.63919836 0.5910895	727725.3 0.26971164 0.6391986 0.5910898	0.9999999999998881
