ID	BITRATE	START_IDX	CAPTURE_START_IDX	KEY	CAPTURE_KEY	CORRELATION
70112732_7050	941.0	15	13	899216.0 1.0817368 0.6865636 0.8904957 0.6761457 0.44397676	899215.6 1.0817361 0.6865617 0.8904972 0.67614704 0.44397804	0.9999999999505109
70112732_7050	941.0	16	14	854327.6 0.7226373 0.93728447 0.71167195 0.9296457 0.64261997	854327.6 0.722635 0.9372856 0.71167314 0.9296445 0.64261883	0.9999999999343581
70112732_7050	941.0	17	15	809369.0 0.9893485 0.7512037 0.9812854 1.2360901 0.5574034	809375.0 0.9893424 0.75119936 0.9812769 1.236118 0.55740047	0.9999999960741270
70112732_7050	941.0	18	16	872946.4 0.69649297 0.90981764 1.1460646 1.1021547 0.22468504	872953.0 0.6964888 0.9098096 1.1460904 1.1021487 0.2246822	0.9999999965175675
70112732_7050	941.0	19	17	874867.6 0.9078196 1.1435479 1.0997344 0.44915938 0.4593815	874873.6 0.90781224 1.1435744 1.0997291 0.4491563 0.4593795	0.9999999965238616
70112732_7050	941.0	20	18	957100.6 1.0452955 1.0052464 0.41056812 1.2837176 0.42978135	957105.4 1.0453217 1.0052435 0.4105661 1.2837082 0.4297782	0.9999999984185417
70112732_7050	941.0	21	19	1048027.2 0.9180315 0.37494734 1.1723427 1.2962745 0.37689003	1048038.4 0.91802365 0.37494335 1.1723273 1.2962579 0.3768841	0.9999999991238502
70112732_7050	941.0	22	20	1148323.6 0.34219882 1.0699484 1.1830559 1.12171 0.39313394	1148328.0 0.34219754 1.0699416 1.1830487 1.1217012 0.39315945	0.9999999993181657
70112732_7050	941.0	23	21	1230714.4 0.99832016 1.1038556 1.0466166 1.1161785 0.41518733	1230719.0 0.998314 1.103849 1.0466086 1.1161996 0.41518658	0.9999999993480287
70112732_7050	941.0	24	22	1441999.0 0.94211644 0.8932641 0.9526338 0.9288259 0.136489	1442002.2 0.94211227 0.8932587 0.95265317 0.92882377 0.13648939	0.9999999993553291
