ID	BITRATE	START_IDX	CAPTURE_START_IDX	KEY	CAPTURE_KEY	CORRELATION
70123542_5500	1008.0	9	4	569099.3 0.53516144 0.6206228 0.34421584	569099.3 0.53515965 0.620621 0.34421936	0.9999999999789155
70123542_5500	1008.0	10	5	544368.7 0.6488176 0.35985354 0.49132878	544369.3 0.64881504 0.3598568 0.4913282	0.9999999999891931
70123542_5500	1008.0	11	6	495243.34 0.39554897 0.5400658 0.5643852	495243.34 0.39555302 0.5400658 0.5643811	0.9999999998585153
70123542_5500	1008.0	12	7	582516.0 0.45915306 0.4798289 0.56101805	582516.0 0.45915306 0.47982544 0.5610215	0.9999999991226479
70123542_4800	1034.0	12	8	534898.7 0.5225401 0.6109643 0.36649558	534898.7 0.5225401 0.6109643 0.36649558	1.0000000000000000
70123542_2000	501.0	28	28	381538.66 0.35893872 0.36568248 0.7753788	381537.34 0.35893998 0.3656785 0.7753815	0.9999999999386444
70123542_5500	1008.0	48	42	1139772.6 0.4751816 0.645219 0.3795994	1139771.4 0.4751804 0.64522064 0.37959895	0.9999999999795736
70123542_4800	1034.0	47	46	1185508.6 0.43917435 0.45246318 0.6083625	1185528.0 0.4391908 0.45245495 0.6083543	0.9999999921265119
70123542_7050	1046.0	54	47	1200346.0 0.4468695 0.6008434 0.45228708	1200346.6 0.44686925 0.60084397 0.45228687	0.9999999999999855
70123542_6500	1045.0	55	51	1383292.6 0.41376278 0.6140841 0.47215316	1383294.6 0.41376436 0.61408323 0.4721525	0.9999999999649548
70123542_6500	1045.0	56	52	1341069.4 0.6334184 0.4870188 0.37956277	1341072.0 0.6334171 0.48701784 0.379565	0.9999999999698643
70123542_7050	1046.0	60	53	1105342.0 0.59088135 0.4605136 0.44860506	1105340.6 0.5908821 0.46051323 0.4486047	0.9999999999998753
70123542_7050	1046.0	71	66	1685854.0 0.63956606 0.53685373 0.3235802	1685851.4 0.6395665 0.5368534 0.32358012	0.9999999999978313
