ID	BITRATE	START_IDX	CAPTURE_START_IDX	KEY	CAPTURE_KEY	CORRELATION
80097391_6500	511.0	44	0	388562.0 0.49551937 0.5044806	388570.0 0.4956044 0.5043956	1.0000000000000000
80206300_800	376.0	1	1	392957.0 0.49928617 0.5007138	392944.0 0.498781 0.501219	1.0000000000000000
80217312_3500	933.0	5	2	391280.0 0.5010862 0.49891382	391262.0 0.5033737 0.4966263	1.0000000000000000
81074663_3500	1160.0	4	3	590149.0 0.33644044 0.66355956	590151.0 0.32925642 0.6707436	1.0000000000000000
70112732_2000	583.0	21	7	331716.0 0.50143194 0.49856806	331736.0 0.501459 0.498541	1.0000000000000000
70123542_7050	1046.0	10	9	1404742.0 0.46019483 0.5398052	1404744.0 0.46019417 0.5398058	1.0000000000000000
70123542_7050	1046.0	11	10	954182.0 0.7946985 0.20530151	954184.0 0.79469895 0.20530108	1.0000000000000000
70123542_7050	1046.0	12	11	810137.0 0.24180478 0.7581952	810136.0 0.24180508 0.7581949	1.0000000000000000
70123542_7050	1046.0	13	12	1217076.0 0.50468665 0.49531335	1217073.0 0.5046871 0.49531293	1.0000000000000000
70208599_5500	833.0	73	13	798879.0 0.75061804 0.24938194	798870.0 0.7546059 0.24539413	1.0000000000000000
70123542_7050	1046.0	16	14	909337.0 0.21558234 0.7844176	909338.0 0.2155832 0.7844168	1.0000000000000000
70123542_7050	1046.0	19	17	1229786.0 0.61027855 0.38972145	1229788.0 0.61027753 0.38972247	1.0000000000000000
70123542_7050	1046.0	20	18	1170220.0 0.4095589 0.5904411	1170221.0 0.40956023 0.59043974	1.0000000000000000
70123542_7050	1046.0	21	19	1535667.0 0.4499322 0.55006784	1535666.0 0.44993183 0.5500682	1.0000000000000000
70123542_7050	1046.0	22	20	1421683.0 0.59416974 0.40583026	1421684.0 0.5941693 0.40583068	1.0000000000000000
70123542_7050	1046.0	23	21	773050.0 0.746345 0.25365502	773052.0 0.7463444 0.25365564	1.0000000000000000
70208599_6500	877.0	17	22	568654.0 0.3503079 0.64969206	568679.0 0.34481493 0.6551851	1.0000000000000000
70123542_6500	1045.0	27	26	602618.0 0.6740373 0.32596272	602620.0 0.6740367 0.3259633	1.0000000000000000
70220028_3500	1013.0	39	27	532733.0 0.36920184 0.63079816	532743.0 0.36871812 0.63128185	1.0000000000000000
70123542_7050	1046.0	33	28	582262.0 0.5775922 0.42240778	582265.0 0.57759094 0.42240903	1.0000000000000000
70167075_5500	1101.0	15	29	442016.0 0.5551926 0.44480744	442031.0 0.556418 0.443582	1.0000000000000000
70123542_20000	1085.0	42	32	487452.0 0.5975419 0.4024581	487455.0 0.59753823 0.40246177	1.0000000000000000
80000643_15000	4515.0	3	33	780195.0 0.2513141 0.7486859	780185.0 0.25145575 0.7485443	1.0000000000000000
70123542_4200	1079.0	32	34	1209612.0 0.48280275 0.51719725	1209612.0 0.4828019 0.5171981	1.0000000000000000
70123542_7050	1046.0	39	35	1284768.0 0.4869416 0.51305836	1284772.0 0.48694167 0.51305836	1.0000000000000000
70123542_7050	1046.0	40	36	1347670.0 0.48911157 0.5108884	1347669.0 0.48911342 0.51088655	1.0000000000000000
80081770_6500	1435.0	82	37	1060538.0 0.64260685 0.35739315	1060546.0 0.64919955 0.35080042	1.0000000000000000
70123542_7050	1046.0	42	38	908474.0 0.4095241 0.5904759	908473.0 0.40952235 0.59047765	1.0000000000000000
70123542_7050	1046.0	43	39	733028.0 0.7318029 0.26819712	733026.0 0.7318062 0.26819375	1.0000000000000000
70123542_20000	1085.0	52	43	967115.0 0.36096224 0.6390377	967116.0 0.3609629 0.6390371	1.0000000000000000
328438_7050	1081.0	40	47	796491.0 0.7538855 0.24611452	796495.0 0.7535603 0.24643971	1.0000000000000000
70123542_10000	1118.0	51	48	716934.0 0.2737909 0.7262091	716934.0 0.2737881 0.7262119	0.9999999999999999
70123542_6500	1045.0	49	49	1057042.0 0.49254996 0.50745004	1057046.0 0.4925481 0.5074519	1.0000000000000000
70123542_7050	1046.0	54	50	1257618.0 0.42651904 0.57348096	1257621.0 0.4265196 0.5734804	1.0000000000000000
70123542_7050	1046.0	55	51	1264121.0 0.57053083 0.42946917	1264123.0 0.5705307 0.4294693	1.0000000000000000
70123542_4200	1079.0	50	52	1115258.0 0.48679408 0.5132059	1115260.0 0.4867941 0.5132059	1.0000000000000000
70123542_7050	1046.0	58	53	768626.0 0.7446495 0.25535047	768628.0 0.74464893 0.2553511	1.0000000000000000
80075563_4800	1258.0	1	54	1045725.0 0.19014941 0.8098506	1045729.0 0.18768725 0.8123127	1.0000000000000000
70123542_6500	1045.0	56	55	1502584.0 0.56533146 0.43466854	1502583.0 0.5653325 0.4346675	1.0000000000000000
70123542_7050	1046.0	60	56	1162151.0 0.56199753 0.43800247	1162148.0 0.5619973 0.43800274	1.0000000000000000
70104894_10000	1075.0	13	57	705813.0 0.71842116 0.28157884	705816.0 0.72118515 0.27881488	1.0000000000000000
80097391_3500	518.0	10	58	692664.0 0.2831474 0.7168526	692650.0 0.28411463 0.71588534	1.0000000000000000
70123542_5500	1008.0	60	59	1015336.0 0.48837233 0.5116277	1015333.0 0.48836982 0.5116302	1.0000000000000000
70123542_5500	1008.0	61	60	840532.0 0.61803 0.38197	840531.0 0.6180319 0.38196805	1.0000000000000000
70123542_5500	1008.0	62	61	603476.0 0.53201455 0.46798548	603478.0 0.5320094 0.46799055	1.0000000000000000
70123542_4200	1079.0	62	63	2069525.0 0.553759 0.44624105	2069524.0 0.55375874 0.44624126	1.0000000000000000
70123542_6500	1045.0	69	68	1352679.0 0.40328047 0.59671956	1352679.0 0.40328047 0.59671956	1.0000000000000000
