ID	BITRATE	START_IDX	CAPTURE_START_IDX	KEY	CAPTURE_KEY	CORRELATION
80200961_5500	1017.0	49	2	506874.0 0.3924723 0.60752773	506883.0 0.38824147 0.61175853	1.0000000000000000
70123542_5500	1008.0	9	4	657756.0 0.46302885 0.53697115	657754.0 0.46302873 0.5369713	1.0000000000000000
70123542_5500	1008.0	10	5	549089.0 0.64324 0.35676003	549090.0 0.643237 0.356763	1.0000000000000000
70123542_5500	1008.0	11	6	463357.0 0.42276904 0.57723093	463359.0 0.42277154 0.5772284	1.0000000000000000
70123542_5500	1008.0	12	7	546972.0 0.4889903 0.5110097	546970.0 0.4889921 0.5110079	1.0000000000000000
70123542_5500	1008.0	13	8	606310.0 0.4609985 0.5390015	606310.0 0.4609952 0.5390048	1.0000000000000000
70297757_20000	703.0	62	9	522819.0 0.62510735 0.37489265	522842.0 0.62505305 0.37494692	1.0000000000000000
70123542_3500	1015.0	12	10	531854.0 0.36858612 0.6314139	531858.0 0.36859086 0.6314091	1.0000000000000000
80202920_15000	3217.0	0	12	602159.0 0.51606303 0.48393697	602153.0 0.5208062 0.47919384	1.0000000000000000
80239639_20000	1643.0	94	15	554079.0 0.64147353 0.3585265	554083.0 0.6448529 0.35514715	1.0000000000000000
80023001_2000	610.0	16	27	255723.0 0.46388867 0.53611135	255748.0 0.46451586 0.53548414	1.0000000000000000
70123542_2000	501.0	28	28	276471.0 0.4953467 0.5046533	276469.0 0.4953503 0.5046497	1.0000000000000000
80031611_3500	981.0	11	29	435381.0 0.31727383 0.68272614	435357.0 0.32047263 0.6795274	1.0000000000000000
70123542_2000	501.0	32	32	686117.0 0.49272063 0.5072794	686117.0 0.49272063 0.5072794	0.9999999999999999
70112732_5500	997.0	12	33	874784.0 0.4037751 0.5962249	874794.0 0.3978685 0.6021315	1.0000000000000000
80183328_5500	1400.0	47	36	586764.0 0.66846293 0.33153704	586768.0 0.6649579 0.33504212	1.0000000000000000
70123542_7050	1046.0	48	42	1277000.0 0.42411748 0.57588255	1277001.0 0.42411634 0.5758836	1.0000000000000000
70123542_5500	1008.0	49	43	1168060.0 0.6295935 0.37040648	1168060.0 0.6295944 0.37040564	1.0000000000000000
70123542_3500	1015.0	47	46	1057073.0 0.4925639 0.5074361	1057071.0 0.492562 0.507438	1.0000000000000000
70123542_7050	1046.0	54	47	1257618.0 0.42651904 0.57348096	1257619.0 0.42651868 0.5734813	1.0000000000000000
70123542_7050	1046.0	55	48	1264121.0 0.57053083 0.42946917	1264122.0 0.5705312 0.42946884	1.0000000000000000
80081770_5500	1426.0	39	50	768640.0 0.2553393 0.7446607	768644.0 0.2553666 0.7446334	1.0000000000000000
70123542_6500	1045.0	55	51	1421813.0 0.40255293 0.59744704	1421816.0 0.40255418 0.5974458	1.0000000000000000
70123542_6500	1045.0	56	52	1502584.0 0.56533146 0.43466854	1502584.0 0.56533146 0.43466854	1.0000000000000000
70123542_7050	1046.0	60	53	1162151.0 0.56199753 0.43800247	1162150.0 0.561998 0.438002	1.0000000000000000
70123542_7050	1046.0	61	54	1004887.0 0.5065495 0.4934505	1004885.0 0.5065495 0.4934505	1.0000000000000000
70295915_3500	548.0	59	56	419788.0 0.4721812 0.5278188	419784.0 0.46754998 0.53245	1.0000000000000000
70123542_5500	1008.0	62	59	603476.0 0.53201455 0.46798548	603481.0 0.5320118 0.46798822	1.0000000000000000
70123542_5500	1008.0	65	61	2102339.0 0.5451138 0.4548862	2102342.0 0.54511446 0.45488554	1.0000000000000000
70305893_3500	1139.0	25	62	1153094.0 0.82978404 0.17021596	1153118.0 0.8293384 0.17066163	1.0000000000000000
80075563_15000	2053.0	12	63	387943.0 0.5126501 0.48734996	387925.0 0.5072965 0.4927035	1.0000000000000000
70123542_7050	1046.0	71	66	1983272.0 0.5436546 0.45634538	1983269.0 0.5436549 0.45634505	1.0000000000000000
70123542_7050	1046.0	72	67	1450566.0 0.6239337 0.3760663	1450563.0 0.6239336 0.3760664	1.0000000000000000
70021636_4200	1146.0	4	76	559062.0 0.4313797 0.5686203	559066.0 0.43634024 0.5636597	1.0000000000000000
