ID	BITRATE	START_IDX	CAPTURE_START_IDX	KEY	CAPTURE_KEY	CORRELATION
70123920_4200	1045.0	9	9	665973.2 0.23531727 0.35566598 0.6708108 0.67218924 0.5660168	665971.6 0.23531634 0.3556653 0.67081386 0.6721893 0.5660151	0.9999999999684860
70123920_4800	1377.0	12	11	1131588.0 0.39479122 0.39560157 0.3331177 0.5106682 0.8658213	1131588.0 0.39479297 0.39560246 0.33311594 0.51066643 0.8658222	0.9999999999717780
70123920_4800	1377.0	13	12	1152204.0 0.38852322 0.32715735 0.501531 0.85032946 0.432459	1152203.2 0.38852432 0.32715583 0.5015296 0.8503309 0.4324593	0.9999999999839967
70123920_4800	1377.0	14	13	1051693.2 0.3584239 0.5494625 0.9315958 0.4737893 0.1867284	1051692.0 0.35842243 0.54946125 0.9315978 0.47378984 0.18672863	0.9999999999912305
70123920_5500	1360.0	16	14	1078344.8 0.5358815 0.9085731 0.4620795 0.18211152 0.41135454	1078345.6 0.53588015 0.9085714 0.4620791 0.18211323 0.41135606	0.9999999999945617
70123920_7050	1329.0	25	21	1029655.2 0.19069296 0.68196326 0.69597477 0.4772423 0.45412678	1029653.2 0.19069333 0.6819636 0.69597703 0.47724223 0.4541238	0.9999999999619112
70123920_4200	1045.0	25	27	1573439.6 0.4076782 0.38838288 0.50685453 0.59459543 0.60248893	1573438.8 0.40767714 0.38838372 0.50685483 0.59459573 0.60248864	0.9999999999741639
70123920_7050	1329.0	32	28	1650383.2 0.37027583 0.48322412 0.566875 0.5743987 0.5052263	1650383.6 0.37027633 0.483224 0.56687427 0.5743992 0.5052262	0.9999999999847848
70123920_15000	1603.0	26	29	1484376.4 0.53726536 0.6302707 0.6386365 0.56172884 0.13209857	1484378.0 0.5372654 0.6302707 0.6386372 0.56172824 0.13209842	0.9999999999978423
70123920_15000	1603.0	27	30	1513116.0 0.6182996 0.6265065 0.55105954 0.12958954 0.57454485	1513128.4 0.6182952 0.6265027 0.551055 0.12958847 0.5745587	0.9999999992997336
70123920_15000	1603.0	28	31	1605510.8 0.59045196 0.5193469 0.122131854 0.54148066 0.7265887	1605522.4 0.590449 0.51934314 0.12213097 0.5414942 0.7265828	0.9999999994166590
70123920_4200	1045.0	54	47	1515160.4 0.5894921 0.46442676 0.6860125 0.3567081 0.4033606	1515160.0 0.58949286 0.46442553 0.6860114 0.3567082 0.40336204	0.9999999999687550
70123920_4200	1045.0	55	48	1472786.4 0.47778893 0.70575 0.36697108 0.4149658 0.5345242	1472786.4 0.47778755 0.7057487 0.36697108 0.41496718 0.5345256	0.9999999999571315
70123920_4800	1377.0	47	49	1452769.6 0.71547407 0.37202665 0.42068335 0.5418898 0.4499261	1452770.8 0.71547216 0.37202704 0.4206844 0.54189 0.44992647	0.9999999999934753
