ID	BITRATE	START_IDX	CAPTURE_START_IDX	KEY	CAPTURE_KEY	CORRELATION
70123542_3500	1015.0	0	1	598230.8 0.5395911 0.5718395 0.51834506 0.32912883 0.5410955	598230.4 0.5395931 0.5718416 0.51834214 0.32913074 0.5410926	0.9999999996332497
70123542_3500	1015.0	1	2	584796.4 0.58497626 0.53025293 0.33668983 0.553526 0.49455506	584796.0 0.58497834 0.5302499 0.33669177 0.55352294 0.49455708	0.9999999996461467
70123542_20000	1085.0	30	23	1136132.4 0.507829 0.32794946 0.5540358 0.66401416 0.4461716	1136131.2 0.50783044 0.32794803 0.5540372 0.6640131 0.44617116	0.9999999999446002
70123542_20000	1085.0	37	30	566523.6 0.59363985 0.6442662 0.43414605 0.34610736 0.48184046	566521.2 0.5936424 0.64426714 0.4341444 0.3461071 0.481839	0.9999999999393534
70123542_20000	1085.0	38	31	548508.4 0.6654265 0.44840518 0.35747495 0.49766606 0.53102744	548506.8 0.66542655 0.44840282 0.35747415 0.49766383 0.5310326	0.9999999996638386
70123542_7050	1046.0	35	34	788014.8 0.34640592 0.3696301 0.7411028 0.24895851 0.7939026	788015.6 0.34640428 0.369631 0.7411046 0.24895953 0.7939005	0.9999999999766549
70123542_7050	1046.0	36	35	942490.0 0.3090473 0.6196352 0.20815393 0.66378105 0.6993825	942491.6 0.30904785 0.6196363 0.20815463 0.66377884 0.69938236	0.9999999999872528
70123542_7050	1046.0	37	36	1101384.0 0.53024197 0.17812407 0.568019 0.5984843 0.6251308	1101385.2 0.53024316 0.17812477 0.5680174 0.5984845 0.62513006	0.9999999999852793
70123542_7050	1046.0	38	37	1016600.8 0.19297938 0.615391 0.6483971 0.6772658 0.36596665	1016601.2 0.1929803 0.6153898 0.6483978 0.6772656 0.36596653	0.9999999999935653
70123542_7050	1046.0	39	38	1152700.4 0.54273164 0.5718407 0.59730095 0.3227569 0.46536985	1152700.4 0.5427308 0.5718416 0.59730095 0.3227569 0.46536985	0.9999999999847946
70123542_3500	1015.0	34	39	1198862.0 0.54982394 0.57430047 0.31032845 0.447451 0.6180962	1198862.8 0.54982275 0.5743018 0.3103291 0.44745073 0.61809576	0.9999999999709717
