ID	BITRATE	START_IDX	CAPTURE_START_IDX	KEY	CAPTURE_KEY	CORRELATION
80174429_20000	3414.0	73	0	392837.0 0.4999198 0.50008017	392851.0 0.49866742 0.5013326	1.0000000000000000
70123920_7050	1329.0	48	3	1906864.0 0.46585125 0.53414875	1906862.0 0.46585175 0.5341483	1.0000000000000000
60020801_15000	1185.0	64	4	1215351.0 0.83893704 0.16106294	1215351.0 0.8380682 0.16193183	1.0000000000000000
70123920_20000	1578.0	5	6	1909923.0 0.4676686 0.5323314	1909927.0 0.46766865 0.53233135	1.0000000000000000
80239639_4800	1329.0	31	8	574675.0 0.6539975 0.34600252	574665.0 0.6584654 0.34153464	1.0000000000000000
70123920_20000	1578.0	8	9	1122135.0 0.17490855 0.8250915	1122135.0 0.17490587 0.8250941	1.0000000000000000
70123920_20000	1578.0	9	10	2448262.0 0.37817195 0.6218281	2448265.0 0.3781727 0.6218273	1.0000000000000000
70123920_15000	1603.0	10	13	2772095.0 0.55647117 0.4435288	2772095.0 0.55647117 0.4435288	1.0000000000000000
70123920_20000	1578.0	13	14	2593274.0 0.47411305 0.52588695	2593273.0 0.47411284 0.5258872	1.0000000000000000
70123920_20000	1578.0	14	15	2784204.0 0.48982367 0.51017636	2784204.0 0.48982367 0.51017636	1.0000000000000000
70123920_20000	1578.0	15	16	2140241.0 0.66367996 0.33632007	2140243.0 0.6636793 0.3363207	1.0000000000000000
70123920_15000	1603.0	14	17	1353846.0 0.5316757 0.4683243	1353842.0 0.531678 0.468322	1.0000000000000000
70123920_6500	1448.0	19	18	1063258.0 0.5963144 0.40368566	1063255.0 0.59631413 0.40368584	1.0000000000000000
70123920_15000	1603.0	18	19	1131408.0 0.3793689 0.6206311	1131407.0 0.37936923 0.6206308	1.0000000000000000
70123920_7050	1329.0	29	25	1109054.0 0.42161518 0.5783848	1109052.0 0.42161414 0.5783859	1.0000000000000000
70123920_4800	1377.0	24	26	1252555.0 0.5121204 0.48787957	1252557.0 0.5121204 0.4878796	1.0000000000000000
70123920_4800	1377.0	25	27	807651.0 0.75663376 0.24336626	807655.0 0.75663126 0.24336876	1.0000000000000000
70123920_4800	1377.0	26	28	994089.0 0.19772375 0.80227625	994065.0 0.19773154 0.80226845	1.0000000000000000
70123920_7050	1329.0	33	29	1733066.0 0.46017 0.53982997	1733068.0 0.46017063 0.5398294	1.0000000000000000
70123920_7050	1329.0	34	30	1883539.0 0.4967038 0.5032962	1883540.0 0.49670354 0.50329643	1.0000000000000000
70216224_15000	1432.0	22	31	1781806.0 0.53913444 0.46086556	1781795.0 0.53203595 0.46796405	1.0000000000000000
70123920_15000	1603.0	29	32	1029901.0 0.8096089 0.19039111	1029900.0 0.8096087 0.1903913	0.9999999999999999
70123920_15000	1603.0	30	33	1065437.0 0.18404092 0.8159591	1065437.0 0.18404092 0.8159591	1.0000000000000000
70123920_7050	1329.0	37	34	2035896.0 0.427012 0.57298803	2035898.0 0.42701206 0.5729879	1.0000000000000000
70123920_15000	1603.0	32	35	1362741.0 0.85602915 0.14397086	1362740.0 0.85602903 0.14397097	1.0000000000000000
70123920_10000	1374.0	42	44	902794.0 0.21671611 0.7832839	902793.0 0.21671745 0.7832825	1.0000000000000000
70123920_7050	1329.0	47	45	1595459.0 0.4432229 0.55677706	1595457.0 0.44322222 0.5567778	1.0000000000000000
70123920_4800	1377.0	41	46	1539453.0 0.57703286 0.4229671	1539454.0 0.5770325 0.4229675	1.0000000000000000
70123920_6500	1448.0	48	47	1544310.0 0.42163685 0.5783632	1544314.0 0.4216364 0.5783636	1.0000000000000000
70123920_5500	1360.0	49	50	1743095.0 0.40369457 0.59630543	1743101.0 0.4036955 0.59630454	1.0000000000000000
80013870_20000	1108.0	6	59	873068.0 0.775675 0.22432503	873051.0 0.7744943 0.22550572	1.0000000000000000
70123920_10000	1374.0	59	60	783636.0 0.2512378 0.7487622	783638.0 0.2512359 0.7487641	1.0000000000000000
70123920_7050	1329.0	67	62	1615784.0 0.5462178 0.4537822	1615809.0 0.5462075 0.45379248	1.0000000000000000
80096067_4800	1064.0	79	64	1019247.0 0.81156677 0.18843323	1019267.0 0.8074577 0.19254228	1.0000000000000000
70264803_20000	1514.0	10	65	1064126.0 0.18690738 0.81309265	1064123.0 0.18442605 0.81557393	1.0000000000000000
70123920_20000	1578.0	66	66	2328723.0 0.3726815 0.6273185	2328723.0 0.37268108 0.6273189	1.0000000000000000
70123920_6500	1448.0	69	67	2917360.0 0.5007435 0.49925652	2917363.0 0.500744 0.499256	1.0000000000000000
70123920_6500	1448.0	71	70	2707577.0 0.5522295 0.44777045	2707579.0 0.5522295 0.4477705	1.0000000000000000
70123920_7050	1329.0	76	71	2150943.0 0.5636472 0.4363528	2150946.0 0.56364685 0.43635312	1.0000000000000000
70123920_5500	1360.0	72	72	1134473.0 0.8273163 0.1726837	1134479.0 0.82731545 0.17268455	1.0000000000000000
70123920_4800	1377.0	69	73	1835568.0 0.10672773 0.8932723	1835569.0 0.10672821 0.8932718	1.0000000000000000
70123920_7050	1329.0	79	74	3147779.0 0.5208949 0.47910511	3147777.0 0.52089524 0.4791048	1.0000000000000000
