ID	BITRATE	START_IDX	CAPTURE_START_IDX	KEY	CAPTURE_KEY	CORRELATION
70123920_20000	1578.0	5	3	1423638.0 0.6274144 0.7141647 0.37020436 0.13786581 0.65035075	1423639.6 0.6274158 0.71416456 0.37020254 0.13786565 0.6503514	0.9999999999904051
70123920_20000	1578.0	6	4	1675312.8 0.60687894 0.31459022 0.117154844 0.55265146 0.90872467	1675313.2 0.60687935 0.31458893 0.11715481 0.5526525 0.90872437	0.9999999999961333
70123920_15000	1603.0	5	5	1347000.4 0.3912664 0.14570895 0.6873547 1.1302128 0.14545727	1346999.6 0.3912659 0.14570977 0.6873543 1.1302141 0.14545587	0.9999999999976147
70123920_15000	1603.0	6	6	1753222.4 0.11194815 0.5280945 0.8683422 0.11175479 0.87986046	1753222.0 0.11194874 0.528094 0.868343 0.11175367 0.87986064	0.9999999999983545
70123920_15000	1603.0	7	7	2166516.0 0.42735294 0.70269364 0.09043598 0.7120146 0.56750286	2166515.5 0.42735258 0.70269424 0.09043508 0.71201473 0.56750345	0.9999999999993218
70123920_15000	1603.0	8	8	2341676.8 0.65013117 0.08367124 0.6587549 0.52505285 0.58238995	2341677.2 0.65013146 0.08367037 0.65875477 0.52505314 0.58239025	0.9999999999993625
70123920_15000	1603.0	9	9	2300892.0 0.08515437 0.67043173 0.5343597 0.5927132 0.61734104	2300890.5 0.08515355 0.67043215 0.5343605 0.592714 0.6173397	0.9999999999925421
70123920_15000	1603.0	21	21	963240.0 0.510147 0.48543873 0.6659399 0.6344172 0.20405714	963239.6 0.5101451 0.48543787 0.66593814 0.6344195 0.2040593	0.9999999999453820
70123920_4800	1377.0	23	22	1085694.4 0.43068475 0.59082836 0.5628619 0.18104082 0.7345843	1085685.2 0.43068928 0.59083235 0.5628685 0.1810451 0.73456466	0.9999999991105837
70123920_15000	1603.0	23	23	1272870.0 0.5039478 0.48009303 0.15441954 0.62654 0.73499966	1272871.6 0.5039455 0.480094 0.15442091 0.6265408 0.7349987	0.9999999999813215
70123920_15000	1603.0	30	30	1446387.6 0.13556808 0.6010512 0.80652374 0.13564482 0.8212121	1446385.2 0.13556692 0.6010508 0.80652374 0.13564505 0.8212134	0.9999999999975820
70123920_7050	1329.0	40	34	2252111.5 0.5274126 0.57037765 0.5854031 0.5084384 0.30836838	2252111.2 0.52741224 0.5703768 0.58540356 0.50843805 0.3083693	0.9999999999875687
70123920_4200	1045.0	62	55	1294950.8 0.39186046 0.5221612 0.45311376 0.45131832 0.6815464	1294949.6 0.3918608 0.5221593 0.4531157 0.45131794 0.6815462	0.9999999999311938
70123920_6500	1448.0	61	56	1385260.4 0.48811907 0.42357236 0.4218954 0.6371163 0.5292969	1385259.6 0.48811787 0.42357546 0.4218949 0.6371138 0.5292979	0.9999999998298172
