ID	BITRATE	START_IDX	CAPTURE_START_IDX	KEY	CAPTURE_KEY	CORRELATION
80135164_4200	1203.0	5	0	396058.0 0.5052745 0.49472553	396073.0 0.5025008 0.4974992	1.0000000000000000
81110498_10000	4009.0	6	1	397281.0 0.49985528 0.5001447	397293.0 0.4959715 0.5040285	1.0000000000000000
70084788_7050	951.0	70	5	879461.0 0.5130927 0.48690733	879486.0 0.5156944 0.48430562	1.0000000000000000
70251894_7050	938.0	38	6	621982.0 0.6806258 0.3193742	621967.0 0.6848273 0.31517267	1.0000000000000000
70123920_5500	1360.0	7	8	557298.0 0.48005554 0.5199444	557293.0 0.48005447 0.5199455	1.0000000000000000
70123920_5500	1360.0	11	12	683604.0 0.34649155 0.6535085	683604.0 0.34649155 0.6535085	1.0000000000000000
81080637_3500	1011.0	55	13	642695.0 0.6909685 0.3090315	642673.0 0.6951296 0.30487043	1.0000000000000000
70123920_5500	1360.0	13	14	643590.0 0.3044345 0.6955655	643589.0 0.30443653 0.6955635	1.0000000000000000
70123920_5500	1360.0	14	15	1003342.0 0.44616792 0.5538321	1003337.0 0.44616812 0.5538319	1.0000000000000000
70123920_4800	1377.0	19	19	828677.0 0.23694274 0.76305723	828679.0 0.23694217 0.7630578	1.0000000000000000
70123920_7050	1329.0	29	24	1109054.0 0.42161518 0.5783848	1109053.0 0.42161557 0.57838446	1.0000000000000000
70123920_4800	1377.0	24	25	1252555.0 0.5121204 0.48787957	1252556.0 0.51212 0.48788	1.0000000000000000
70123920_7050	1329.0	32	26	1408602.0 0.43383226 0.5661677	1408604.0 0.43383166 0.56616837	1.0000000000000000
70123920_6500	1448.0	32	29	1144063.0 0.8286073 0.17139266	1144064.0 0.8286075 0.17139252	1.0000000000000000
70123920_6500	1448.0	33	30	1029899.0 0.19039148 0.8096085	1029899.0 0.19039148 0.8096085	1.0000000000000000
70123920_7050	1329.0	36	31	1703169.0 0.48956797 0.510432	1703169.0 0.4895668 0.5104332	1.0000000000000000
70123920_7050	1329.0	43	37	1839540.0 0.62247086 0.37752917	1839537.0 0.62247074 0.37752923	1.0000000000000000
70123920_5500	1360.0	41	38	1598504.0 0.43445748 0.5655425	1598503.0 0.43445587 0.5655441	1.0000000000000000
80023001_5500	1566.0	18	39	1100727.0 0.8192422 0.1807578	1100713.0 0.82130766 0.17869236	1.0000000000000000
70251894_7050	938.0	58	40	903846.0 0.2205265 0.7794735	903833.0 0.21761653 0.78238344	1.0000000000000000
70123920_7050	1329.0	49	42	1214201.0 0.8388636 0.16113642	1214200.0 0.8388651 0.1611349	1.0000000000000000
70123920_7050	1329.0	53	45	1596853.0 0.5593345 0.44066548	1596857.0 0.5593331 0.44066688	1.0000000000000000
70123920_5500	1360.0	49	46	1743095.0 0.40369457 0.59630543	1743100.0 0.4036957 0.5963043	0.9999999999999999
70123920_6500	1448.0	52	47	1579888.0 0.6579068 0.34209323	1579887.0 0.65790653 0.34209347	0.9999999999999999
70123920_7050	1329.0	58	48	1327713.0 0.40706915 0.59293085	1327711.0 0.40706825 0.59293175	1.0000000000000000
70123920_5500	1360.0	56	52	1140354.0 0.5550154 0.4449846	1140352.0 0.5550146 0.44498542	1.0000000000000000
70123920_20000	1578.0	57	53	703337.0 0.7214749 0.27852508	703340.0 0.72147185 0.27852815	1.0000000000000000
70123920_20000	1578.0	58	54	872068.0 0.224635 0.775365	872070.0 0.22463793 0.7753621	1.0000000000000000
80013870_20000	1108.0	6	55	873068.0 0.775675 0.22432503	873049.0 0.7744926 0.2255074	1.0000000000000000
70123920_7050	1329.0	65	56	781313.0 0.2519848 0.7480152	781313.0 0.2519848 0.7480152	1.0000000000000000
70123920_7050	1329.0	66	57	1467004.0 0.3983861 0.6016139	1467006.0 0.39838555 0.6016144	1.0000000000000000
70123920_7050	1329.0	67	58	1615784.0 0.5462178 0.4537822	1615785.0 0.5462187 0.45378128	1.0000000000000000
70123920_5500	1360.0	17	63	1478036.0 0.66287625 0.33712372	1478036.0 0.6628756 0.3371244	1.0000000000000000
70123920_7050	1329.0	76	67	2150943.0 0.5636472 0.4363528	2150943.0 0.5636472 0.4363528	1.0000000000000000
70123920_7050	1329.0	79	71	3147779.0 0.5208949 0.47910511	3147778.0 0.52089506 0.47910494	1.0000000000000000
