ID	BITRATE	START_IDX	CAPTURE_START_IDX	KEY	CAPTURE_KEY	CORRELATION
70103763_5500	1609.0	5	6	463793.0 0.5713195 0.42868048	463803.0 0.5768203 0.42317966	1.0000000000000000
80202920_3500	981.0	12	7	486012.0 0.40858045 0.5914196	486036.0 0.40382195 0.59617805	1.0000000000000000
70123920_5500	1360.0	10	9	393575.0 0.3981757 0.6018243	393577.0 0.39817876 0.60182124	1.0000000000000000
70123920_5500	1360.0	11	10	683604.0 0.34649155 0.6535085	683606.0 0.34649053 0.6535095	1.0000000000000000
70123920_4800	1377.0	13	12	824610.0 0.54287237 0.4571276	824609.0 0.5428743 0.45712575	1.0000000000000000
70123920_4800	1377.0	14	13	954818.0 0.39478937 0.6052106	954814.0 0.39478892 0.6052111	1.0000000000000000
70123920_5500	1360.0	16	14	1557620.0 0.37099227 0.6290077	1557618.0 0.37099212 0.6290079	1.0000000000000000
70123920_5500	1360.0	17	15	1478036.0 0.66287625 0.33712372	1478035.0 0.66287607 0.33712396	1.0000000000000000
70123920_5500	1360.0	18	16	694660.0 0.71730196 0.282698	694662.0 0.71729994 0.28270006	1.0000000000000000
70123920_5500	1360.0	19	17	639961.0 0.3068609 0.69313914	639965.0 0.3068621 0.6931379	1.0000000000000000
70123920_4800	1377.0	28	18	732653.0 0.60544896 0.39455104	732653.0 0.60544896 0.39455104	1.0000000000000000
70123920_4200	1045.0	20	20	653801.0 0.6996808 0.30031922	653801.0 0.6996823 0.30031767	1.0000000000000000
70123920_7050	1329.0	25	21	898535.0 0.21852015 0.78147984	898534.0 0.21852039 0.7814796	1.0000000000000000
70123920_7050	1329.0	26	22	1418801.0 0.49491578 0.5050842	1418801.0 0.49491507 0.50508493	1.0000000000000000
70123920_7050	1329.0	27	23	1208009.0 0.5932191 0.4067809	1208009.0 0.59321994 0.4067801	1.0000000000000000
70123920_7050	1329.0	28	24	958989.0 0.51240945 0.48759058	958984.0 0.51241106 0.48758894	1.0000000000000000
70123920_4800	1377.0	24	27	1252555.0 0.5121204 0.48787957	1252553.0 0.51211804 0.48788196	1.0000000000000000
70123920_7050	1329.0	32	28	1408602.0 0.43383226 0.5661677	1408603.0 0.43383268 0.56616735	1.0000000000000000
70123920_7050	1329.0	33	29	1733066.0 0.46017 0.53982997	1733065.0 0.46017027 0.53982973	1.0000000000000000
70123920_7050	1329.0	34	30	1883539.0 0.4967038 0.5032962	1883539.0 0.49670327 0.50329673	1.0000000000000000
70216224_15000	1432.0	22	31	1781806.0 0.53913444 0.46086556	1781796.0 0.53203565 0.46796435	1.0000000000000000
70123920_15000	1603.0	29	32	1029901.0 0.8096089 0.19039111	1029901.0 0.8096089 0.19039111	1.0000000000000000
70123920_6500	1448.0	36	35	2354336.0 0.49548748 0.50451255	2354337.0 0.4954877 0.5045123	1.0000000000000000
70123920_7050	1329.0	40	36	2472346.0 0.48043114 0.51956886	2472347.0 0.48043093 0.51956904	1.0000000000000000
70123920_7050	1329.0	46	41	1611167.0 0.5610983 0.43890175	1611168.0 0.5610985 0.43890145	1.0000000000000000
70123920_7050	1329.0	47	42	1595459.0 0.4432229 0.55677706	1595460.0 0.44322264 0.55677736	1.0000000000000000
70123920_7050	1329.0	48	43	1906864.0 0.46585125 0.53414875	1906865.0 0.46585155 0.53414845	1.0000000000000000
70123920_6500	1448.0	48	46	1544310.0 0.42163685 0.5783632	1544315.0 0.42163613 0.5783639	1.0000000000000000
70123920_7050	1329.0	53	47	1596853.0 0.5593345 0.44066548	1596855.0 0.55933446 0.44066557	1.0000000000000000
70123920_5500	1360.0	49	48	1743095.0 0.40369457 0.59630543	1743096.0 0.40369493 0.5963051	1.0000000000000000
70123920_6500	1448.0	52	49	1579888.0 0.6579068 0.34209323	1579887.0 0.65790594 0.3420941	1.0000000000000000
70123920_6500	1448.0	53	50	1151626.0 0.46930948 0.5306905	1151628.0 0.46930954 0.5306905	1.0000000000000000
70123920_4800	1377.0	49	51	1398397.0 0.43704042 0.5629596	1398400.0 0.4370409 0.5629591	1.0000000000000000
70123920_4800	1377.0	50	52	1440880.0 0.54636127 0.45363876	1440882.0 0.5463612 0.45363882	1.0000000000000000
80200961_6500	1346.0	105	54	1015374.0 0.3801082 0.61989176	1015378.0 0.37667352 0.6233265	1.0000000000000000
80031715_7050	1477.0	23	55	828856.0 0.75957704 0.24042295	828845.0 0.7636072 0.23639281	1.0000000000000000
70243464_2000	585.0	59	56	703390.0 0.2794623 0.72053766	703374.0 0.27856162 0.7214384	1.0000000000000000
70123920_5500	1360.0	57	57	1183612.0 0.42872158 0.57127845	1183612.0 0.4287224 0.57127756	1.0000000000000000
70084788_15000	951.0	82	59	782676.0 0.25444755 0.7455524	782658.0 0.25029707 0.74970293	1.0000000000000000
70123920_6500	1448.0	62	60	1171193.0 0.5009917 0.49900827	1171196.0 0.500993 0.499007	1.0000000000000000
70123920_20000	1578.0	66	65	2328723.0 0.3726815 0.6273185	2328723.0 0.37268195 0.6273181	1.0000000000000000
70123920_6500	1448.0	69	66	2917360.0 0.5007435 0.49925652	2917361.0 0.5007436 0.49925634	1.0000000000000000
70123920_6500	1448.0	70	67	2951715.0 0.49344566 0.5065543	2951715.0 0.49344566 0.5065543	1.0000000000000000
70123920_7050	1329.0	76	70	2150943.0 0.5636472 0.4363528	2150945.0 0.56364715 0.43635285	1.0000000000000000
70123920_7050	1329.0	77	71	2112424.0 0.44430947 0.5556905	2112427.0 0.44430932 0.5556907	1.0000000000000000
70123920_4800	1377.0	68	72	1369761.0 0.85697794 0.14302203	1369759.0 0.85697997 0.14302005	1.0000000000000000
