ID	BITRATE	START_IDX	CAPTURE_START_IDX	KEY	CAPTURE_KEY	CORRELATION
70130445_4200	763.0	12	17	958813.6 0.26941732 0.20058225 0.6901644 1.1353625 0.20447353	958814.0 0.26941723 0.20058635 0.690162 1.1353599 0.20447448	0.9999999999918463
70130445_4200	763.0	13	18	1090587.6 0.17634621 0.6067729 0.99817836 0.17976731 0.5389351	1090587.6 0.17634988 0.60677105 0.9981766 0.17976822 0.53893423	0.9999999999923782
70130445_5500	726.0	36	35	384745.6 0.57705146 0.67952955 0.51094544 0.44714484 0.2853288	384744.4 0.577048 0.67953163 0.5109444 0.4471462 0.28532967	0.9999999998881068
70130445_20000	702.0	54	38	562798.8 0.30568472 0.19505727 0.7518371 0.8988505 0.34857038	562798.4 0.3056814 0.1950592 0.7518359 0.898853 0.34857064	0.9999999999720591
70130445_20000	702.0	55	39	565012.4 0.1942931 0.74889153 0.89532906 0.34720477 0.3142816	565002.4 0.1942983 0.74890304 0.8953467 0.34721094 0.31424117	0.9999999979020693
70130445_20000	702.0	56	40	621160.0 0.68119806 0.8143989 0.3158204 0.2858732 0.40270945	621149.2 0.6812083 0.8144147 0.3158259 0.2858363 0.40271485	0.9999999977650416
70130445_20000	702.0	57	41	530508.0 0.9535615 0.36978707 0.33472258 0.47152352 0.37040535	530497.2 0.9535828 0.3697946 0.33468038 0.47153124 0.370411	0.9999999970580962
70130445_6500	762.0	44	44	786336.4 0.31811324 0.24989687 0.15015203 0.18218921 1.5996487	786338.0 0.31811512 0.24989508 0.15015045 0.1821901 1.5996493	0.9999999999968110
70130445_6500	762.0	45	45	806358.8 0.24369176 0.14642365 0.17766532 1.5599284 0.37229085	806358.8 0.24369052 0.14642242 0.17766656 1.5599321 0.37228835	0.9999999999966022
70130445_6500	762.0	46	46	806284.8 0.1464371 0.17768162 1.5600716 0.372325 0.24348468	806286.0 0.14643563 0.17768261 1.560073 0.372322 0.2434868	0.9999999999940395
70130445_7050	701.0	50	47	804532.0 0.17806998 1.5634729 0.37313494 0.2440139 0.14130823	804532.8 0.1780698 1.5634726 0.37313333 0.24401739 0.14130685	0.9999999999942379
70130445_6500	762.0	48	48	1087130.8 1.1570476 0.27613974 0.18058361 0.10457436 0.78165483	1087132.8 1.1570482 0.27613738 0.18058512 0.104574166 0.78165525	0.9999999999951994
70130445_6500	762.0	54	55	800726.0 0.1573497 0.3597123 0.24552843 1.0701675 0.667242	800728.0 0.15735056 0.35971266 0.24553032 1.0701661 0.6672403	0.9999999999976398
70130445_7050	701.0	62	57	1395880.0 0.1408452 0.6138866 0.37947172 0.3827521 0.9830444	1395880.4 0.14084516 0.6138864 0.38275343 0.37947163 0.98304343	0.9999733241497760
70130445_7050	701.0	63	58	1843338.0 0.4648697 0.2873575 0.2898416 0.7444169 0.71351427	1843338.8 0.46486953 0.28984255 0.2873574 0.74441606 0.71351457	0.9999684945096067
