ID	BITRATE	START_IDX	CAPTURE_START_IDX	KEY	CAPTURE_KEY	CORRELATION
80109295_5500	1594.0	3	4	320815.0 0.38094229 0.6190577	320814.0 0.38921928 0.6107807	1.0000000000000000
896970_800	431.0	18	7	485282.0 0.59013313 0.40986684	485282.0 0.59572166 0.40427834	1.0000000000000000
80232502_4800	1104.0	39	8	712977.0 0.27855176 0.72144824	712985.0 0.27516568 0.7248343	1.0000000000000000
70130445_1200	627.0	11	9	1003457.0 0.5150136 0.4849864	1003458.0 0.51501507 0.48498493	1.0000000000000000
60000870_2000	515.0	18	11	343871.0 0.5705977 0.4294023	343870.0 0.5710588 0.42894116	1.0000000000000000
80198592_4800	1174.0	5	13	350467.0 0.48900467 0.5109953	350468.0 0.4917653 0.5082347	1.0000000000000000
70130445_800	480.0	15	14	375433.0 0.47443885 0.52556115	375433.0 0.47443885 0.52556115	1.0000000000000000
80163052_2000	417.0	42	20	253829.0 0.5120534 0.4879466	253834.0 0.50529087 0.49470913	1.0000000000000000
80081155_3500	980.0	65	23	538101.0 0.6340427 0.36595732	538123.0 0.6356595 0.36434048	1.0000000000000000
70208599_1200	370.0	50	27	253747.0 0.50755674 0.49244326	253771.0 0.51218224 0.48781776	1.0000000000000000
70216224_800	413.0	6	28	375548.0 0.33460435 0.6653956	375538.0 0.3296444 0.6703556	1.0000000000000000
80169469_7050	2037.0	26	35	416246.0 0.47686225 0.52313775	416235.0 0.47092628 0.5290737	1.0000000000000000
70130445_7050	701.0	65	41	1906488.0 0.28024095 0.71975905	1906486.0 0.28024125 0.71975875	1.0000000000000000
70130445_6500	762.0	61	44	1707136.0 0.7704424 0.22955757	1707141.0 0.77044076 0.22955924	1.0000000000000000
