ID	BITRATE	START_IDX	CAPTURE_START_IDX	KEY	CAPTURE_KEY	CORRELATION
70295915_4800	541.0	13	0	442145.0 0.4498185 0.5501815	442130.0 0.44347817 0.55652183	1.0000000000000000
80102952_20000	5139.0	2	2	493761.0 0.5968414 0.4031586	493758.0 0.60205406 0.39794597	1.0000000000000000
70104894_6500	987.0	57	3	643776.0 0.3087114 0.6912886	643751.0 0.30522516 0.69477487	1.0000000000000000
70130445_4200	763.0	4	4	643447.0 0.6951 0.30490002	643449.0 0.6951009 0.30489907	1.0000000000000000
70130445_4200	763.0	5	5	979275.0 0.20033902 0.799661	979275.0 0.20033902 0.799661	1.0000000000000000
80075563_20000	2169.0	73	6	1529023.0 0.5106215 0.4893785	1529010.0 0.5121536 0.48784637	1.0000000000000000
81075239_6500	1610.0	51	7	942285.0 0.78939706 0.21060295	942294.0 0.7916022 0.2083978	1.0000000000000000
80169469_2000	504.0	32	11	450662.0 0.42365453 0.57634544	450646.0 0.426774 0.573226	1.0000000000000000
70130445_7050	701.0	21	14	1750336.0 0.3780634 0.62193656	1750340.0 0.37806368 0.6219363	1.0000000000000000
70130445_4800	728.0	23	17	784315.0 0.74938893 0.25061104	784312.0 0.749388 0.250612	1.0000000000000000
80031611_10000	2308.0	62	18	659670.0 0.301284 0.69871604	659666.0 0.29796594 0.70203406	1.0000000000000000
70130445_20000	702.0	6	20	647862.0 0.36418712 0.6358129	647860.0 0.36418363 0.6358164	1.0000000000000000
70130445_7050	701.0	29	21	753172.0 0.54691494 0.4530851	753171.0 0.54691434 0.4530857	1.0000000000000000
70130445_7050	701.0	30	22	522316.0 0.653342 0.34665796	522316.0 0.653342 0.34665796	1.0000000000000000
70130445_7050	701.0	31	23	352337.0 0.5138972 0.4861028	352338.0 0.51389575 0.48610425	1.0000000000000000
70130445_7050	701.0	32	24	274739.0 0.62339896 0.37660107	274741.0 0.62339807 0.37660196	1.0000000000000000
70130445_7050	701.0	33	25	299544.0 0.34541503 0.65458494	299546.0 0.34541607 0.65458393	1.0000000000000000
70130445_5500	726.0	31	26	410937.0 0.47714856 0.5228514	410937.0 0.47714856 0.5228514	1.0000000000000000
70130445_5500	726.0	32	27	425020.0 0.5055268 0.4944732	425019.0 0.505528 0.494472	1.0000000000000000
80109295_3500	831.0	4	28	406212.0 0.5107653 0.4892347	406219.0 0.5173564 0.4826436	1.0000000000000000
70130445_7050	701.0	36	29	652097.0 0.3006562 0.6993438	652100.0 0.30065787 0.69934213	1.0000000000000000
70130445_7050	701.0	37	30	610824.0 0.74659806 0.25340196	610824.0 0.7465997 0.25340033	1.0000000000000000
70130445_10000	697.0	7	31	376801.0 0.41078714 0.5892129	376800.0 0.4107829 0.58921707	1.0000000000000000
70130445_7050	701.0	41	32	483461.0 0.45922214 0.54077786	483461.0 0.45922422 0.5407758	0.9999999999999999
70130445_7050	701.0	42	33	433483.0 0.6031263 0.39687368	433481.0 0.60312676 0.3968732	1.0000000000000000
81056132_5500	505.0	4	34	368617.0 0.46001405 0.53998595	368622.0 0.46670303 0.533297	1.0000000000000000
80081155_20000	4026.0	1	36	307978.0 0.36214274 0.63785726	307953.0 0.35648298 0.643517	0.9999999999999999
80121387_5500	2014.0	15	37	665448.0 0.29865295 0.70134705	665457.0 0.29779986 0.7022001	1.0000000000000000
70130445_5500	726.0	7	40	373721.0 0.47507632 0.5249237	373718.0 0.4750748 0.52492523	1.0000000000000000
70130445_7050	701.0	52	45	496516.0 0.6046109 0.39538908	496517.0 0.60461175 0.39538828	1.0000000000000000
70130445_4200	763.0	45	46	802014.0 0.24478501 0.755215	802011.0 0.24478093 0.75521904	1.0000000000000000
70130445_7050	701.0	56	47	1455455.0 0.4161551 0.5838449	1455456.0 0.41615412 0.5838459	1.0000000000000000
80031715_1200	401.0	12	49	309687.0 0.35831663 0.6416834	309702.0 0.36707544 0.63292456	1.0000000000000000
80199806_4200	1016.0	18	50	484026.0 0.41051513 0.5894849	484050.0 0.40495405 0.595046	1.0000000000000000
70130445_20000	702.0	70	51	414025.0 0.69568264 0.30431738	414026.0 0.6956858 0.30431423	0.9999999999999999
70130445_7050	701.0	60	52	292970.0 0.43005428 0.56994575	292970.0 0.43005767 0.5699423	0.9999999999999999
70130445_4200	763.0	55	56	1568812.0 0.12531967 0.87468034	1568815.0 0.12531944 0.8746806	1.0000000000000000
70130445_15000	680.0	75	57	1901906.0 0.721492 0.27850798	1901909.0 0.72149193 0.27850807	1.0000000000000000
70130445_7050	701.0	64	58	1063973.0 0.49784815 0.50215185	1063974.0 0.4978477 0.5021523	1.0000000000000000
81006261_4800	1211.0	47	59	730564.0 0.7313281 0.26867187	730563.0 0.7313223 0.2686777	1.0000000000000000
70130445_20000	702.0	78	60	1511537.0 0.12985855 0.87014145	1511537.0 0.12985855 0.87014145	1.0000000000000000
70130445_6500	762.0	61	61	1707136.0 0.7704424 0.22955757	1707140.0 0.77044123 0.2295588	1.0000000000000000
70130445_7050	701.0	69	62	587583.0 0.6669509 0.33304912	587581.0 0.66695315 0.33304685	1.0000000000000000
70130445_7050	701.0	70	63	738645.0 0.26493648 0.73506355	738640.0 0.26493555 0.73506445	1.0000000000000000
