ID	BITRATE	START_IDX	CAPTURE_START_IDX	KEY	CAPTURE_KEY	CORRELATION
70130445_7050	701.0	30	6	397252.8 0.85902727 0.45579287 0.43114105 0.2604563 0.4935824	397272.4 0.8589849 0.4557729 0.43112484 0.26044598 0.49367133	0.9999999745863071
70130445_7050	701.0	31	7	344816.8 0.5251049 0.4967043 0.30006367 0.56864107 0.6094859	344836.8 0.52507734 0.4966813 0.3000492 0.5687386 0.6094535	0.9999998992768905
70130445_5500	726.0	30	9	472240.8 0.21909796 0.41520765 0.45497763 0.44502932 0.9656874	472260.4 0.21909098 0.4152836 0.44501296 0.45495662 0.9656558	0.9996788032579949
70130445_4800	728.0	31	10	492768.0 0.39790937 0.43602467 0.42649278 0.9254619 0.3141113	492786.8 0.3979855 0.4264765 0.43600598 0.9254326 0.3140993	0.9996142405061398
70130445_15000	680.0	20	20	1166838.4 0.094083294 0.4951097 0.16813725 0.89478457 0.8478852	1166839.2 0.09408151 0.49511018 0.16813885 0.8947848 0.8478846	0.9999999999942262
70130445_7050	701.0	11	21	1201475.2 0.4808372 0.16329092 0.86899 0.8234402 0.16344157	1201476.8 0.4808366 0.16329154 0.86898893 0.8234408 0.1634422	0.9999999999979279
70130445_7050	701.0	12	22	1088672.4 0.18021032 0.9590305 0.908761 0.18037657 0.27162167	1088674.0 0.18021098 0.9590291 0.9087615 0.18037723 0.27162126	0.9999999999981712
70130445_4800	728.0	11	23	1088706.4 0.9590005 0.90873265 0.18037187 0.27161318 0.18028185	1088707.2 0.95899975 0.9087337 0.18037172 0.27161297 0.1802817	0.9999999999985725
70130445_4800	728.0	19	32	1118891.6 0.5914237 0.9729271 0.23512554 0.17522073 0.5253029	1118890.8 0.59142417 0.9729261 0.23512661 0.17521997 0.5253033	0.9999999999967940
70130445_20000	702.0	33	33	984530.8 1.1057034 0.26721156 0.19913343 0.59699094 0.3309607	984530.8 1.1057023 0.2672146 0.19913241 0.59699196 0.33095866	0.9999999999855333
70130445_20000	702.0	34	34	643468.4 0.40884373 0.30468163 0.91341865 0.5063823 0.3666738	643469.6 0.40884757 0.30467948 0.9134184 0.50637823 0.3666762	0.9999999999117550
70130445_20000	702.0	35	35	616860.8 0.31782374 0.95281786 0.5282245 0.38248986 0.31864402	616860.0 0.31782252 0.9528207 0.52822196 0.3824936 0.3186412	0.9999999999473241
70130445_6500	762.0	21	36	703204.4 0.83582103 0.46336317 0.33552265 0.2795176 0.5857757	703206.8 0.83582383 0.46336156 0.33552718 0.2795152 0.5857722	0.9999999998800422
70130445_6500	762.0	22	37	604602.0 0.53893137 0.39024183 0.32510313 0.6813077 0.56441593	604604.4 0.5389293 0.39024693 0.32510018 0.6813034 0.56442034	0.9999999995557182
70130445_20000	702.0	38	38	552698.0 0.42689317 0.35563543 0.74528766 0.61742216 0.35476154	552698.8 0.42689615 0.3556313 0.7452866 0.6174267 0.35475922	0.9999999998134018
70130445_20000	702.0	39	39	530747.2 0.37034392 0.7761115 0.6429577 0.36943388 0.341153	530747.2 0.37034017 0.7761115 0.64296335 0.369432 0.341153	0.9999999998895092
70130445_3500	785.0	28	46	492761.6 0.43603033 0.42649832 0.39788005 0.92548 0.31411132	492761.6 0.4360283 0.42649832 0.397878 0.92548 0.31411538	0.9999999999491096
70130445_7050	701.0	62	73	1395880.0 0.1408452 0.6138866 0.37947172 0.3827521 0.9830444	1395877.6 0.14084329 0.61388403 0.38275418 0.3794731 0.98304534	0.9999733299728283
