ID	BITRATE	START_IDX	CAPTURE_START_IDX	KEY	CAPTURE_KEY	CORRELATION
70130445_10000	697.0	5	7	537848.0 0.36431482 0.8478994 0.28778577	537852.0 0.36432886 0.84788936 0.28778177	0.9999999994542563
70130445_10000	697.0	11	14	630972.0 0.27265552 0.31175235 0.91559213	630960.0 0.27265912 0.31172976 0.91561115	0.9999999992486835
70130445_10000	697.0	12	15	647073.3 0.30399492 0.8928092 0.30319592	647061.3 0.30397275 0.8928273 0.3032	0.9999999992532445
70130445_7050	701.0	11	16	1211982.6 0.47666854 0.16187526 0.8614562	1211980.6 0.47666934 0.1618747 0.86145604	0.9999999999980632
70130445_7050	701.0	12	17	1486402.0 0.13198987 0.7024143 0.6655958	1486400.0 0.13198937 0.70241386 0.6655967	0.9999999999977868
70130445_7050	701.0	13	18	1486522.6 0.7023573 0.6655418 0.13210091	1486522.0 0.7023562 0.6655421 0.13210164	0.9999999999980714
70130445_7050	701.0	14	19	987614.0 1.0017507 0.19883375 0.29941556	987615.3 1.0017494 0.19883451 0.29941618	0.9999999999999882
70130445_7050	701.0	15	20	454284.0 0.43226483 0.6509298 0.41680536	454285.34 0.43226576 0.6509301 0.4168041	0.9999999999671578
70130445_4200	763.0	12	24	741587.3 0.34833524 0.25933695 0.89232785	741591.3 0.34833607 0.25934094 0.892323	0.9999999999954495
70130445_6500	762.0	16	25	1295107.4 0.1485012 0.510953 0.8405458	1295108.6 0.14850105 0.51095253 0.8405465	0.9999999999990908
70130445_6500	762.0	17	26	1297592.6 0.50997436 0.83893585 0.15108979	1297593.4 0.50997406 0.8389369 0.15108894	0.9999999999997329
70130445_6500	762.0	18	27	1031820.7 1.0550253 0.19000685 0.25496775	1031821.3 1.0550267 0.19000576 0.2549676	0.9999999999996737
70130445_6500	762.0	19	28	697924.7 0.28090852 0.37694755 0.8421439	697924.7 0.2809071 0.37694755 0.8421453	0.9999999999985641
70130445_6500	762.0	20	29	784448.7 0.33537057 0.74925613 0.41537324	784450.7 0.3353697 0.74925554 0.41537473	0.9999999999837009
70130445_6500	762.0	21	30	766355.3 0.76694584 0.42518008 0.30787417	766359.3 0.7669431 0.42518046 0.30787647	0.9999999999988953
70130445_6500	762.0	22	31	505558.66 0.6445128 0.4666936 0.38879365	505562.0 0.6445124 0.46669647 0.38879108	0.9999999997935677
70130445_6500	762.0	23	32	562946.0 0.41911834 0.3491596 0.73172206	562948.0 0.4191222 0.34915835 0.73171943	0.9999999998994186
70130445_15000	680.0	41	36	462392.66 0.3915828 0.7380113 0.37040597	462393.34 0.3915822 0.738008 0.37040976	0.9999999999515491
70130445_15000	680.0	42	37	484922.0 0.7037235 0.353197 0.4430795	484923.34 0.7037195 0.35320017 0.44308034	0.9999999999989450
70130445_15000	680.0	43	38	397528.0 0.4308451 0.5404877 0.52866715	397530.66 0.4308473 0.54048663 0.52866614	0.9999999999971911
70130445_3500	785.0	28	39	414054.0 0.5189154 0.50757146 0.47351313	414054.0 0.5189178 0.5075691 0.47351313	0.9999999950777438
70130445_7050	701.0	35	40	574838.7 0.36559996 0.3410644 0.7933356	574840.0 0.36559913 0.3410688 0.79333204	0.9999999999522553
70130445_7050	701.0	36	41	537920.7 0.36447194 0.84778297 0.28774503	537922.0 0.36447662 0.84777904 0.2877443	0.9999999999477015
70130445_7050	701.0	4	42	480402.0 0.9492883 0.32219684 0.22851487	480401.34 0.94928753 0.32219726 0.22851518	0.9999999999999328
70130445_7050	701.0	5	43	324386.0 0.47715992 0.3384209 0.68441916	324386.66 0.47715896 0.3384202 0.6844209	0.9999999999917093
70130445_6500	762.0	36	45	453364.66 0.48970956 0.4336112 0.5766793	453366.0 0.4897081 0.43361214 0.57667977	0.9999999998463444
70130445_6500	762.0	37	46	420046.0 0.4680059 0.6224223 0.4095718	420046.0 0.46800828 0.62242466 0.40956706	0.9999999996535363
70130445_3500	785.0	36	47	357966.66 0.7303669 0.48059505 0.2890381	357965.34 0.73036957 0.4805968 0.28903356	0.9999999999661711
70130445_3500	785.0	37	48	465756.0 0.3693715 0.22214636 0.90848213	465755.34 0.36937204 0.22214238 0.90848553	0.9999999999902337
70130445_15000	680.0	53	49	688314.0 0.15031947 0.6147354 0.7349451	688311.3 0.1503157 0.6147393 0.73494506	0.9999999999660044
70130445_4800	728.0	43	50	737719.3 0.5735664 0.6857242 0.24070944	737699.3 0.5735833 0.6857415 0.2406753	0.9999999995422273
70130445_4800	728.0	44	51	622395.3 0.81278247 0.28531063 0.40190694	622374.7 0.8128078 0.28527188 0.40192026	0.9999999971749878
70130445_5500	726.0	44	52	363858.0 0.48795408 0.68756217 0.32448372	363841.34 0.48797643 0.6875112 0.32451233	0.9999999956056520
70130445_10000	697.0	51	53	376479.34 0.66443485 0.31361347 0.5219516	376478.0 0.66443455 0.3136199 0.5219455	0.9999999996132585
70130445_7050	701.0	48	54	305224.66 0.38682982 0.6438012 0.46936902	305224.0 0.38683394 0.64379275 0.46937332	0.9999999998354259
70130445_10000	697.0	55	58	1045244.0 0.1878193 1.2034166 0.108764075	1045247.3 0.18782254 1.2034137 0.10876373	0.9999999999949233
70130445_10000	697.0	56	59	1114498.6 1.1286366 0.10200551 0.2693579	1114498.0 1.1286381 0.10200556 0.26935625	0.9999999999982029
70130445_5500	726.0	53	62	775202.7 0.25285903 1.0961818 0.15095922	775202.0 0.25286055 1.0961814 0.15095808	0.9999999999965801
70130445_5500	726.0	54	63	1048320.7 0.8105945 0.11162996 0.5777755	1048319.3 0.8105946 0.11162916 0.57777625	0.9999999999988455
70130445_5500	726.0	55	64	565807.3 0.2068266 1.0704951 0.22267829	565807.3 0.20682482 1.0704951 0.22268005	0.9999999999936048
70130445_5500	726.0	56	65	679812.7 0.8909719 0.18533488 0.42369318	679814.0 0.8909702 0.185336 0.42369384	0.9999999999996914
70130445_6500	762.0	54	66	407084.0 0.3095037 0.70754683 0.48294947	407086.66 0.30950168 0.7075471 0.48295122	0.9999999999680176
70130445_6500	762.0	55	67	894362.0 0.3220519 0.21982262 0.9581255	894364.7 0.3220532 0.2198242 0.95812255	0.9999999999999150
70130445_6500	762.0	56	68	1058526.6 0.1857308 0.8095318 0.50473744	1058527.4 0.18573256 0.8095313 0.5047361	0.9999999999940246
70130445_20000	702.0	74	69	1038775.3 0.82492334 0.51433355 0.16074313	1038776.7 0.8249232 0.5143329 0.16074388	0.9999999999986033
70130445_20000	702.0	75	70	1382310.0 0.38651025 0.1207949 0.99269485	1382310.0 0.38651025 0.12079562 0.99269414	0.9999999999999366
70130445_20000	702.0	76	71	1156982.6 0.14432023 1.1860265 0.16965337	1156983.4 0.144321 1.1860248 0.16965412	0.9999999999999993
70130445_20000	702.0	77	72	1922499.4 0.7137646 0.10209938 0.684136	1922499.4 0.7137641 0.1020999 0.684136	0.9999999999997569
