ID	BITRATE	START_IDX	CAPTURE_START_IDX	KEY	CAPTURE_KEY	CORRELATION
70130445_4200	763.0	14	15	1192216.4 0.5550494 0.9130901 0.1644433 0.4929944 0.37442282	1192214.0 0.55504966 0.9130903 0.16444363 0.49299538 0.37442103	0.9999999999930628
70130445_4200	763.0	15	16	1021910.0 1.0652611 0.19184859 0.57515436 0.43682224 0.23091368	1021896.0 1.0652738 0.19185123 0.57516223 0.43682528 0.23088749	0.9999999994546478
70130445_4200	763.0	35	35	621147.6 0.8144183 0.31582507 0.68121004 0.28583384 0.40271264	621148.0 0.8144162 0.3158281 0.6812064 0.28583205 0.40271723	0.9999999999232022
70130445_4200	763.0	36	36	466026.0 0.42095077 0.9079579 0.3809766 0.53675973 0.25335497	466027.2 0.420954 0.9079513 0.3809735 0.5367648 0.25335646	0.9999999998774715
70130445_7050	701.0	50	42	804532.0 0.17806998 1.5634729 0.37313494 0.2440139 0.14130823	804533.6 0.17807087 1.563471 0.37313542 0.24401715 0.14130546	0.9999999999932745
70130445_7050	701.0	51	43	791138.4 1.5899419 0.37945196 0.24814495 0.14370053 0.1387608	791139.2 1.5899415 0.37945282 0.2481485 0.14369784 0.1387594	0.9999999999925999
70130445_7050	701.0	52	44	530270.8 0.56612396 0.37022027 0.21439423 0.20702441 1.1422371	530270.4 0.5661263 0.37022623 0.21439064 0.2070227 1.1422343	0.9999999999471051
70130445_7050	701.0	53	45	750095.2 0.26172277 0.15156344 0.14635342 0.8074908 1.1328696	750095.6 0.26172662 0.15156068 0.14635201 0.8074877 1.1328729	0.9999999999738236
70130445_7050	701.0	54	46	718378.0 0.15825513 0.15281509 0.84314245 1.182887 0.16290031	718377.6 0.15825242 0.15281378 0.8431401 1.1828918 0.16290179	0.9999999999852042
