ID	BITRATE	START_IDX	CAPTURE_START_IDX	KEY	CAPTURE_KEY	CORRELATION
70167075_10000	1099.0	12	12	655970.7 0.5110091 0.69018173 0.29880908	655969.3 0.5110087 0.6901817 0.2988097	0.9999999999978901
70167075_20000	1145.0	14	16	1763068.6 0.3906093 0.58842236 0.5209684	1763065.4 0.39060944 0.5884223 0.5209682	0.9999999999994036
70167075_20000	1145.0	15	17	1970803.4 0.526399 0.46605512 0.5075458	1970802.0 0.52639836 0.46605444 0.5075472	0.9999999993119035
70167075_20000	1145.0	16	18	1410258.6 0.6513011 0.70928335 0.13941556	1410257.4 0.65130025 0.70928544 0.13941427	0.9999999999909208
70167075_20000	1145.0	17	19	1451490.6 0.689135 0.13545524 0.6754098	1451490.6 0.6891364 0.13545385 0.6754098	0.9999999999977969
70167075_20000	1145.0	18	20	1310501.4 0.15002808 0.7480732 0.60189867	1310500.6 0.15002663 0.74807364 0.60189974	0.9999999999979641
70167075_20000	1145.0	19	21	1641580.6 0.59719944 0.4805058 0.42229483	1641581.4 0.59719914 0.48050618 0.42229462	0.9999999999924837
70167075_4800	1059.0	19	22	1406317.4 0.56089115 0.49293852 0.44617027	1406320.6 0.5608892 0.4929395 0.44617137	0.9999999999334115
70167075_4800	1059.0	20	23	1270907.4 0.5454591 0.4937079 0.46083295	1270911.4 0.54545975 0.4937087 0.4608315	0.9999999998123118
70167075_7050	1107.0	21	24	1160137.4 0.54084975 0.5048342 0.45431602	1160136.6 0.5408501 0.50483364 0.45431632	0.9999999999350730
70167075_7050	1107.0	22	25	1060274.0 0.5523827 0.4971064 0.45051092	1060272.6 0.55238247 0.49710706 0.45051056	0.9999999999431324
70167075_7050	1107.0	23	26	918520.7 0.57382375 0.5200373 0.40613893	918519.3 0.57382464 0.520037 0.40613845	0.9999999999880778
70167075_7050	1107.0	27	30	830182.0 0.50294876 0.61307883 0.38397244	830185.3 0.50295275 0.6130752 0.3839721	0.9999999995326024
70167075_7050	1107.0	28	31	1223346.6 0.4160448 0.26056966 0.8233856	1223346.0 0.4160442 0.2605706 0.8233852	0.9999999999974106
70167075_6500	1035.0	30	32	1329498.6 0.23976557 0.75764424 0.50259024	1329497.4 0.2397658 0.75764346 0.5025907	0.9999999999985515
70167075_5500	1101.0	30	33	1247890.6 0.80719095 0.53545636 0.15735273	1247890.6 0.8071901 0.53545797 0.15735193	0.9999999999910367
70167075_5500	1101.0	31	34	1144940.6 0.5836032 0.17150147 0.7448954	1144940.6 0.58360493 0.1715006 0.7448945	0.9999999999876980
70167075_5500	1101.0	32	35	1124341.4 0.17464358 0.7585428 0.5668136	1124339.4 0.174643 0.7585432 0.5668137	1.0000000000000000
70167075_20000	1145.0	35	36	1124101.4 0.7587047 0.56693375 0.1743615	1124098.6 0.7587057 0.5669351 0.17435926	0.9999999999960759
70167075_20000	1145.0	36	37	1058966.0 0.601805 0.1850862 0.71310884	1058964.6 0.60180575 0.18508361 0.7131107	0.9999999999999576
70167075_20000	1145.0	37	38	1044926.0 0.18757309 0.7226904 0.5897365	1044926.0 0.18757021 0.72269136 0.5897384	0.9999999999927913
70167075_5500	1101.0	35	39	1422266.0 0.5309541 0.4332741 0.5357718	1422270.0 0.53095335 0.43327427 0.5357724	0.9999999999262351
70167075_7050	1107.0	41	46	1266486.6 0.51227623 0.4908003 0.49692354	1266487.4 0.51227593 0.49080157 0.49692243	0.9999999952785049
70167075_15000	1087.0	46	47	964700.7 0.6443387 0.6523744 0.20328689	964701.3 0.6443383 0.65237397 0.2032878	0.9999999999999993
70167075_15000	1087.0	47	48	1123808.6 0.56001174 0.1745057 0.76548266	1123810.0 0.560011 0.17450637 0.7654826	0.9999999999985779
70167075_4800	1059.0	50	52	1505164.0 0.48775882 0.4462424 0.5659988	1505164.0 0.4877608 0.4462404 0.5659988	0.9999999995254462
70167075_4800	1059.0	51	53	1476537.4 0.454894 0.5769722 0.46813378	1476535.4 0.45489258 0.57697296 0.4681344	0.9999999998988151
1151721_20000	931.0	16	58	1036724.7 0.6834804 0.62759674 0.18892287	1036742.0 0.69251174 0.61819816 0.1892901	0.9994264626656425
