ID	BITRATE	START_IDX	CAPTURE_START_IDX	KEY	CAPTURE_KEY	CORRELATION
70167075_7050	1107.0	8	7	423542.66 0.5100053 0.5270992 0.4628955	423541.34 0.5100069 0.5270985 0.4628946	0.9999999992167453
70167075_7050	1107.0	9	8	443955.34 0.50286365 0.44161198 0.55552435	443954.0 0.50286293 0.44161108 0.555526	0.9999999999249207
70167075_3500	1000.0	9	9	393188.0 0.49862406 0.62724954 0.37412637	393190.66 0.4986258 0.62724787 0.37412637	0.9999999999327074
70167075_3500	1000.0	10	10	397716.0 0.6201083 0.36986694 0.5100247	397717.34 0.6201087 0.36986822 0.510023	0.9999999999333388
70167075_7050	1107.0	22	23	1060274.0 0.5523827 0.4971064 0.45051092	1060274.0 0.55238175 0.49710828 0.45050997	0.9999999994881900
70167075_7050	1107.0	23	24	918520.7 0.57382375 0.5200373 0.40613893	918521.3 0.57382554 0.52003586 0.40613866	0.9999999998562632
70167075_15000	1087.0	28	25	845498.7 0.56494826 0.4412118 0.49383992	845502.0 0.5649472 0.4412136 0.49383917	0.9999999999207180
70167075_10000	1099.0	27	26	866369.3 0.43058658 0.4819446 0.58746886	866370.7 0.4305859 0.48194382 0.58747023	0.9999999999856904
70167075_7050	1107.0	27	27	830182.0 0.50294876 0.61307883 0.38397244	830184.7 0.5029507 0.6130768 0.3839724	0.9999999998831518
70167075_7050	1107.0	28	28	1223346.6 0.4160448 0.26056966 0.8233856	1223347.4 0.41604453 0.26057032 0.8233851	0.9999999999993526
70167075_6500	1035.0	30	29	1329498.6 0.23976557 0.75764424 0.50259024	1329497.4 0.2397658 0.75764424 0.50258994	0.9999999999996591
70167075_7050	1107.0	40	41	1364050.0 0.5686683 0.4756358 0.4556959	1364050.6 0.5686673 0.47563556 0.45569715	0.9999999999532493
70167075_7050	1107.0	41	42	1266486.6 0.51227623 0.4908003 0.49692354	1266487.4 0.51227593 0.49080157 0.49692243	0.9999999952785049
70167075_4800	1059.0	44	43	1407464.6 0.44164094 0.447148 0.6112111	1407464.0 0.44164112 0.44714892 0.6112099	0.9999999999920409
70167075_4800	1059.0	50	50	1505164.0 0.48775882 0.4462424 0.5659988	1505164.6 0.48775926 0.4462422 0.56599855	0.9999999999807098
70167075_4800	1059.0	51	51	1476537.4 0.454894 0.5769722 0.46813378	1476538.0 0.4548938 0.57697195 0.46813425	0.9999999999858552
70167075_3500	1000.0	49	52	1481140.6 0.5751783 0.46667886 0.45814285	1481142.6 0.5751782 0.4666789 0.4581429	1.0000000000000000
70167075_7050	1107.0	54	54	1358295.4 0.49957764 0.4718495 0.5285728	1358292.0 0.4995796 0.4718492 0.5285712	0.9999999982236358
70167075_4200	1027.0	58	59	1013442.7 0.19364193 0.6287588 0.67759925	1013444.7 0.19364056 0.6287595 0.6775999	0.9999999999998271
70167075_3500	1000.0	58	60	1156918.6 0.5507872 0.59356636 0.35564646	1156918.6 0.55078465 0.5935681 0.35564733	0.9999999998417726
70167075_3500	1000.0	59	61	1067375.4 0.6433613 0.385482 0.47115666	1067376.0 0.64336276 0.38548273 0.47115448	0.9999999999092380
70167075_6500	1035.0	66	65	1819436.0 0.4620168 0.55699295 0.48099026	1819436.6 0.46201718 0.55699277 0.4809901	0.9999999999886064
70167075_6500	1035.0	67	66	1569032.6 0.645884 0.55775195 0.29636413	1569032.0 0.6458842 0.5577522 0.29636362	0.9999999999998797
