ID	BITRATE	START_IDX	CAPTURE_START_IDX	KEY	CAPTURE_KEY	CORRELATION
70167075_20000	1145.0	14	16	1536595.2 0.44817984 0.6751479 0.5977521 0.6509671 0.12795302	1536593.2 0.44817975 0.6751474 0.59775156 0.65096927 0.12795189	0.9999999999890999
70167075_20000	1145.0	15	17	1653267.2 0.6275023 0.5555684 0.60502803 0.1189233 0.59297794	1653265.6 0.6275017 0.55556774 0.6050298 0.11892221 0.59297854	0.9999999999892705
70167075_20000	1145.0	16	18	1553811.2 0.59112906 0.6437545 0.12653531 0.6309331 0.5076479	1553810.8 0.591128 0.64375603 0.12653407 0.63093334 0.5076487	0.9999999999901635
70167075_20000	1145.0	17	19	1463702.4 0.6833855 0.13432512 0.66977483 0.53889984 0.47361472	1463702.8 0.6833867 0.13432372 0.66977465 0.5389004 0.4736146	0.9999999999973139
70167075_4800	1059.0	19	22	1288888.8 0.6119931 0.53784937 0.48682013 0.45440385 0.40893367	1288890.4 0.6119915 0.53785104 0.48682186 0.45440328 0.4089324	0.9999999997951995
70167075_4800	1059.0	20	23	1164438.4 0.5953325 0.5388495 0.50296867 0.4526388 0.41021064	1164440.0 0.59533423 0.5388513 0.50296795 0.4526373 0.4102092	0.9999999999493705
70167075_7050	1107.0	21	24	1036367.2 0.6054418 0.565125 0.5085736 0.46090326 0.35995638	1036366.0 0.60544246 0.5651247 0.5085742 0.4609028 0.35995585	0.9999999999892500
70167075_6500	1035.0	28	30	1168301.6 0.35739145 0.4356452 0.27284735 0.8621806 0.57193536	1168302.4 0.35739377 0.4356458 0.27284718 0.8621783 0.571935	0.9999999999892513
70167075_5500	1101.0	28	31	1079828.0 0.4713408 0.29520163 0.9328208 0.6187939 0.18184285	1079828.0 0.47133988 0.29520258 0.93281984 0.61879575 0.18184192	0.9999999999900793
70167075_5500	1101.0	29	32	1217385.6 0.26184553 0.8274174 0.5488737 0.16129565 0.70056766	1217385.6 0.26184636 0.82741654 0.5488754 0.16129482 0.7005668	0.9999999999919539
70167075_5500	1101.0	30	33	1344795.6 0.74902534 0.49687177 0.146014 0.6341938 0.47389504	1344794.8 0.7490251 0.4968736 0.14601336 0.6341934 0.47389463	0.9999999999903383
70167075_20000	1145.0	35	36	1223016.4 0.6973423 0.5210813 0.1602595 0.61745536 0.5038616	1223016.0 0.6973417 0.5210815 0.1602571 0.6174564 0.5038634	0.9999999999812051
70167075_20000	1145.0	36	37	1186676.8 0.5370384 0.16516714 0.6363637 0.5192914 0.6421395	1186677.2 0.5370382 0.16516455 0.6363643 0.51929283 0.64214003	0.9999999999921880
