ID	BITRATE	START_IDX	CAPTURE_START_IDX	KEY	CAPTURE_KEY	CORRELATION
70104894_5500	1016.0	2	4	370704.0 0.5131722 0.48682776	370690.0 0.5204295 0.47957054	1.0000000000000000
70167075_4800	1059.0	6	8	680650.0 0.5205583 0.4794417	680651.0 0.520559 0.47944102	1.0000000000000000
70167075_4800	1059.0	7	9	522387.0 0.62469393 0.37530604	522387.0 0.62469393 0.37530604	0.9999999999999999
70167075_4800	1059.0	8	10	515118.0 0.38060212 0.6193979	515117.0 0.38060287 0.61939716	0.9999999999999999
70167075_4800	1059.0	9	11	544346.0 0.58614004 0.41385993	544346.0 0.58613825 0.41386178	1.0000000000000000
70167075_7050	1107.0	12	12	534260.0 0.42167857 0.5783214	534262.0 0.42167327 0.57832676	1.0000000000000000
70167075_4800	1059.0	11	13	554380.0 0.55733615 0.44266388	554382.0 0.5573377 0.44266227	1.0000000000000000
70167075_4200	1027.0	14	14	526835.0 0.46580428 0.5341957	526838.0 0.46580544 0.5341946	1.0000000000000000
70167075_4200	1027.0	15	15	767393.0 0.36673906 0.6332609	767394.0 0.3667399 0.6332601	1.0000000000000000
80031715_4800	1166.0	81	21	781731.0 0.2540516 0.74594843	781734.0 0.25080013 0.74919987	1.0000000000000000
70167075_7050	1107.0	26	25	614139.0 0.32012296 0.67987704	614140.0 0.32011592 0.6798841	1.0000000000000000
70167075_7050	1107.0	27	26	926506.0 0.45065978 0.5493402	926508.0 0.45066422 0.5493358	1.0000000000000000
70167075_7050	1107.0	28	27	827734.0 0.614892 0.38510802	827732.0 0.61488986 0.38511017	1.0000000000000000
60000870_15000	2623.0	35	32	1022046.0 0.80802035 0.19197962	1022036.0 0.8082279 0.1917721	1.0000000000000000
70167075_20000	1145.0	37	33	951158.0 0.20606461 0.7939354	951153.0 0.20606358 0.79393643	1.0000000000000000
70167075_5500	1101.0	35	34	1371389.0 0.5506519 0.44934806	1371388.0 0.5506501 0.44934985	1.0000000000000000
70167075_6500	1035.0	37	35	1378238.0 0.44711217 0.5528878	1378243.0 0.4471149 0.5528851	1.0000000000000000
70167075_6500	1035.0	38	36	1883489.0 0.40457416 0.59542584	1883491.0 0.4045732 0.5954268	1.0000000000000000
70167075_7050	1107.0	37	37	1994078.0 0.56240475 0.43759522	1994078.0 0.56240577 0.4375942	1.0000000000000000
70167075_7050	1107.0	41	40	1270383.0 0.51070505 0.48929495	1270384.0 0.51070464 0.48929536	1.0000000000000000
70167075_7050	1107.0	42	41	1250939.0 0.49690032 0.5030997	1250938.0 0.4969015 0.5030985	1.0000000000000000
70167075_7050	1107.0	45	44	1540715.0 0.55834985 0.44165015	1540713.0 0.5583499 0.44165006	1.0000000000000000
70167075_4200	1027.0	47	47	1130733.0 0.82656384 0.17343616	1130734.0 0.8265622 0.17343779	1.0000000000000000
70167075_4800	1059.0	51	49	1523589.0 0.44084594 0.5591541	1523589.0 0.44084594 0.5591541	1.0000000000000000
70167075_6500	1035.0	52	50	1543139.0 0.55207014 0.44792983	1543137.0 0.55207086 0.4479291	1.0000000000000000
70167075_7050	1107.0	53	52	875208.0 0.22467117 0.7753288	875213.0 0.2246756 0.7753244	1.0000000000000000
70167075_7050	1107.0	54	53	1319485.0 0.51427186 0.48572814	1319487.0 0.5142711 0.48572892	1.0000000000000000
70167075_4800	1059.0	55	54	837157.0 0.7655816 0.23441839	837157.0 0.7655828 0.2344172	1.0000000000000000
70167075_7050	1107.0	56	56	1574174.0 0.45608553 0.54391444	1574172.0 0.45608547 0.5439145	1.0000000000000000
70167075_7050	1107.0	57	57	1411600.0 0.6065571 0.3934429	1411600.0 0.6065564 0.3934436	1.0000000000000000
70167075_6500	1035.0	66	62	1854023.0 0.45339784 0.5466022	1854027.0 0.45339793 0.5466021	1.0000000000000000
70167075_20000	1145.0	74	66	661001.0 0.70348454 0.29651543	661004.0 0.7034844 0.2965156	1.0000000000000000
70167075_7050	1107.0	68	69	849502.0 0.552187 0.44781294	849503.0 0.55218756 0.44781244	1.0000000000000000
70167075_6500	1035.0	73	70	836555.0 0.45474356 0.54525644	836555.0 0.45474356 0.54525644	1.0000000000000000
80198592_7050	1819.0	29	73	664202.0 0.29938483 0.70061517	664211.0 0.29636967 0.7036303	1.0000000000000000
70167075_4200	1027.0	74	74	913243.0 0.51175755 0.48824245	913242.0 0.5117581 0.48824188	0.9999999999999999
