ID	BITRATE	START_IDX	CAPTURE_START_IDX	KEY	CAPTURE_KEY	CORRELATION
70297757_7050	806.0	24	2	573484.0 0.34575158 0.6542484	573484.0 0.342299 0.657701	1.0000000000000000
70167075_6500	1035.0	5	4	740827.0 0.51940334 0.4805967	740827.0 0.51940465 0.48059532	1.0000000000000000
70296965_15000	2473.0	1	6	412050.0 0.47543743 0.52456254	412035.0 0.47575083 0.52424914	1.0000000000000000
70167075_7050	1107.0	8	7	439258.0 0.49175882 0.5082412	439260.0 0.4917566 0.5082434	1.0000000000000000
70167075_7050	1107.0	9	8	419305.0 0.5324263 0.46757373	419306.0 0.53242975 0.46757022	1.0000000000000000
70167075_7050	1107.0	10	9	442684.0 0.44288024 0.5571197	442681.0 0.442881 0.557119	1.0000000000000000
70167075_7050	1107.0	11	10	471914.0 0.52261215 0.47738782	471913.0 0.52260906 0.47739094	1.0000000000000000
70167075_7050	1107.0	12	11	534260.0 0.42167857 0.5783214	534264.0 0.4216773 0.5783227	1.0000000000000000
70167075_4800	1059.0	11	12	554380.0 0.55733615 0.44266388	554381.0 0.5573369 0.44266307	1.0000000000000000
70167075_5500	1101.0	15	13	442016.0 0.5551926 0.44480744	442015.0 0.55519384 0.44480616	1.0000000000000000
70167075_7050	1107.0	14	15	1114515.0 0.17586933 0.82413065	1114514.0 0.17587037 0.82412964	1.0000000000000000
80199806_6500	1765.0	3	21	650688.0 0.6944757 0.30552432	650664.0 0.6986801 0.3013199	1.0000000000000000
80206300_10000	1095.0	1	22	392655.0 0.49942315 0.50057685	392658.0 0.49930984 0.50069016	1.0000000000000000
70167075_15000	1087.0	29	26	790585.0 0.47185817 0.5281418	790587.0 0.47185826 0.52814174	1.0000000000000000
70167075_4800	1059.0	8	28	515118.0 0.38060212 0.6193979	515128.0 0.3811868 0.6188132	1.0000000000000000
70167075_7050	1107.0	29	29	1326053.0 0.24038783 0.75961214	1326053.0 0.24038859 0.7596114	1.0000000000000000
70167075_7050	1107.0	32	32	1521051.0 0.4392956 0.5607044	1521055.0 0.43929574 0.56070423	1.0000000000000000
70167075_7050	1107.0	33	33	1490151.0 0.57233125 0.42766875	1490154.0 0.5723314 0.42766854	1.0000000000000000
70167075_20000	1145.0	36	34	833291.0 0.76478803 0.23521195	833291.0 0.7647892 0.23521075	1.0000000000000000
70167075_20000	1145.0	37	35	951158.0 0.20606461 0.7939354	951157.0 0.20606378 0.79393625	1.0000000000000000
70167075_5500	1101.0	35	36	1371389.0 0.5506519 0.44934806	1371390.0 0.55065155 0.44934848	1.0000000000000000
70167075_6500	1035.0	37	37	1378238.0 0.44711217 0.5528878	1378245.0 0.44711354 0.5528865	1.0000000000000000
70167075_6500	1035.0	38	38	1883489.0 0.40457416 0.59542584	1883494.0 0.40457416 0.59542584	1.0000000000000000
70167075_7050	1107.0	37	39	1994078.0 0.56240475 0.43759522	1994080.0 0.5624052 0.43759477	1.0000000000000000
70167075_6500	1035.0	40	40	1069158.0 0.81615156 0.18384841	1069162.0 0.8161523 0.18384773	1.0000000000000000
80198592_4200	1104.0	52	41	972265.0 0.20521875 0.79478127	972253.0 0.20217268 0.7978273	1.0000000000000000
70167075_7050	1107.0	40	42	1424483.0 0.54454285 0.45545718	1424482.0 0.5445418 0.4554582	1.0000000000000000
70167075_7050	1107.0	41	43	1270383.0 0.51070505 0.48929495	1270386.0 0.51070464 0.4892954	1.0000000000000000
70167075_7050	1107.0	42	44	1250939.0 0.49690032 0.5030997	1250940.0 0.49690154 0.5030985	1.0000000000000000
80183328_4800	1161.0	33	45	825283.0 0.7624488 0.23755124	825294.0 0.7625719 0.23742811	1.0000000000000000
70167075_7050	1107.0	44	46	1056207.0 0.1855214 0.8144786	1056206.0 0.18552063 0.81447935	1.0000000000000000
70167075_7050	1107.0	47	48	1130733.0 0.17343616 0.82656384	1130732.0 0.17343721 0.8265628	1.0000000000000000
70167075_7050	1107.0	48	49	1668780.0 0.56006366 0.43993637	1668781.0 0.5600621 0.4399379	1.0000000000000000
70167075_7050	1107.0	49	50	1405825.0 0.522225 0.47777498	1405826.0 0.5222268 0.47777322	1.0000000000000000
70167075_6500	1035.0	52	53	1543139.0 0.55207014 0.44792983	1543137.0 0.55207026 0.44792977	1.0000000000000000
70167075_7050	1107.0	55	57	1358869.0 0.47165033 0.5283497	1358870.0 0.47165072 0.5283493	1.0000000000000000
70167075_7050	1107.0	56	58	1574174.0 0.45608553 0.54391444	1574172.0 0.45608613 0.5439139	1.0000000000000000
70167075_15000	1087.0	61	59	1052542.0 0.8134744 0.18652557	1052539.0 0.81347483 0.18652515	1.0000000000000000
70167075_7050	1107.0	58	61	1192599.0 0.46569216 0.53430784	1192597.0 0.46569294 0.53430706	1.0000000000000000
80093138_4800	1489.0	54	62	1323921.0 0.48152947 0.5184705	1323922.0 0.48130706 0.518693	1.0000000000000000
70167075_5500	1101.0	58	63	1098165.0 0.62532496 0.37467504	1098162.0 0.6253258 0.37467423	1.0000000000000000
70167075_7050	1107.0	62	64	1252064.0 0.32862058 0.67137945	1252065.0 0.3286195 0.67138046	1.0000000000000000
70167075_6500	1035.0	67	67	1888544.0 0.5366107 0.46338925	1888547.0 0.53661203 0.463388	1.0000000000000000
70167075_7050	1107.0	67	70	907905.0 0.48333362 0.5166664	907905.0 0.48333472 0.5166653	1.0000000000000000
70167075_20000	1145.0	73	71	934088.0 0.502184 0.49781606	934088.0 0.5021829 0.49781713	1.0000000000000000
70052701_7050	1562.0	50	73	1015098.0 0.5459532 0.45404682	1015083.0 0.55064166 0.4493583	1.0000000000000000
70167075_7050	1107.0	71	74	923497.0 0.49392363 0.50607634	923497.0 0.49392256 0.50607747	0.9999999999999999
