ID	BITRATE	START_IDX	CAPTURE_START_IDX	KEY	CAPTURE_KEY	CORRELATION
70167075_7050	1107.0	8	7	442891.2 0.48772475 0.5040719 0.44267306 0.55685914 0.5086712	442891.2 0.48772475 0.5040764 0.44267082 0.5568546 0.5086735	0.9999999963174595
70167075_7050	1107.0	9	8	480077.2 0.4650273 0.40838432 0.5137257 0.46927038 0.64359236	480078.4 0.46503028 0.40838122 0.5137203 0.46927127 0.64359695	0.9999999991532064
70167075_20000	1145.0	34	32	1243800.4 0.53721726 0.6856896 0.51237404 0.15758155 0.6071376	1243801.6 0.53721833 0.68568975 0.5123743 0.1575806 0.607137	0.9999999999943014
70167075_20000	1145.0	35	33	1223016.4 0.6973423 0.5210813 0.1602595 0.61745536 0.5038616	1223017.2 0.6973426 0.52108175 0.16025858 0.6174549 0.5038621	0.9999999999973699
70167075_20000	1145.0	36	34	1186676.8 0.5370384 0.16516714 0.6363637 0.5192914 0.6421395	1186677.6 0.53703886 0.16516617 0.6363632 0.5192918 0.64213985	0.9999999999968904
70167075_20000	1145.0	37	35	1380352.8 0.14199269 0.5470761 0.4464301 0.5520415 0.8124597	1380353.2 0.14199191 0.5470759 0.44643065 0.552042 0.8124594	0.9999999999974657
70167075_5500	1101.0	35	36	1650991.2 0.45739672 0.3732491 0.46154696 0.67927676 0.52853036	1650993.2 0.45739618 0.37324926 0.4615482 0.6792765 0.5285297	0.9999999999792261
70167075_6500	1035.0	37	37	1427549.6 0.43166766 0.5337895 0.7855965 0.6112537 0.13769259	1427555.2 0.43166944 0.5337888 0.78559554 0.6112541 0.13769205	0.9999999999891376
70167075_6500	1035.0	38	38	1491335.2 0.5109589 0.7519959 0.5851099 0.13180336 0.5201319	1491338.4 0.51095915 0.75199634 0.5851113 0.13180308 0.5201301	0.9999999999876432
70167075_6500	1035.0	39	39	1446048.0 0.77554685 0.6034343 0.13593118 0.53642136 0.4486663	1446050.0 0.77554786 0.60343623 0.13593099 0.5364199 0.448665	0.9999999999839922
70167075_6500	1035.0	40	40	1246094.0 0.70026416 0.15774332 0.622498 0.52066135 0.49883315	1246095.2 0.7002667 0.15774316 0.62249655 0.52066004 0.49883345	0.9999999999725835
70167075_6500	1035.0	41	41	1148794.4 0.17110373 0.6752218 0.5647599 0.5410829 0.5478317	1148794.0 0.17110379 0.67522115 0.5647592 0.54108393 0.5478319	0.9999999999934789
70167075_7050	1107.0	40	42	1148548.4 0.6753673 0.5648791 0.54119796 0.5479499 0.1706058	1148548.0 0.67536575 0.5648802 0.54119986 0.54794925 0.17060497	0.9999999999723458
70167075_7050	1107.0	41	43	1182374.8 0.5487186 0.5257149 0.5322737 0.16572495 0.727568	1182375.2 0.5487192 0.52571636 0.53227264 0.16572404 0.7275677	0.9999999999875483
