ID	BITRATE	START_IDX	CAPTURE_START_IDX	KEY	CAPTURE_KEY	CORRELATION
70208599_4800	853.0	14	18	1262200.4 1.6438372	1262201.8 1.6438315	0.9999999999022338
70208599_6500	877.0	18	19	1311961.4 1.6144401	1311961.0 1.614439	0.9999999999560116
70208599_6500	877.0	19	20	1223336.4 1.8154141	1223336.8 1.8154135	0.9999999999406639
70208599_6500	877.0	20	21	1373552.0 1.4181553	1373551.4 1.4181566	0.9999999999339518
70208599_6500	877.0	21	22	1292276.2 1.9035597	1292277.4 1.9035565	0.9999999999561695
70208599_6500	877.0	22	23	1423591.2 1.405409	1423578.8 1.4054242	0.9999999982352407
70208599_6500	877.0	23	24	1438348.8 1.7788551	1438345.4 1.7788364	0.9999999974027449
70208599_6500	877.0	24	25	1549299.4 1.4952339	1549287.8 1.4952503	0.9999999975482899
70208599_6500	877.0	25	26	1441717.6 1.8831469	1441713.8 1.883129	0.9999999974745740
70208599_6500	877.0	26	27	1503935.4 1.4939545	1503924.8 1.4939697	0.9999999970024765
70208599_6500	877.0	27	28	1417006.6 1.8605651	1417004.6 1.8605465	0.9999999968700622
