ID	BITRATE	START_IDX	CAPTURE_START_IDX	KEY	CAPTURE_KEY	CORRELATION
70208599_4200	826.0	7	10	327878.0 0.33967513 0.5543708 0.60595405	327876.66 0.33967957 0.554367 0.60595345	0.9999999998669860
70208599_4200	826.0	8	11	416576.0 0.43633336 0.4769334 0.5867333	416574.66 0.43632996 0.47693253 0.5867376	0.9999999999946422
70208599_4200	826.0	9	12	455993.34 0.43570593 0.5360144 0.52827966	455993.34 0.43570372 0.5360166 0.52827966	0.9999999998513909
70208599_4200	826.0	10	13	456037.34 0.5359627 0.5282287 0.4358086	456037.34 0.5359649 0.5282287 0.43580642	0.9999999998510094
70208599_10000	866.0	15	15	783872.7 0.2535386 0.2541293 0.99233204	783874.0 0.25354075 0.25412884 0.9923304	0.9999999999955275
70208599_5500	833.0	13	16	909630.7 0.21899547 0.85513824 0.42586625	909630.7 0.21899547 0.85514045 0.42586404	0.9999999999870878
70208599_7050	872.0	15	17	1023127.3 0.7602788 0.37862346 0.36109778	1023128.7 0.76027775 0.37862197 0.36110023	0.9999999999633462
70208599_7050	872.0	16	18	673146.7 0.57547635 0.5488388 0.37568483	673146.7 0.57547486 0.5488432 0.37568185	0.9999999995472130
70208599_7050	872.0	17	19	662311.3 0.55781776 0.38183102 0.5603513	662310.7 0.5578228 0.38182837 0.5603488	0.9999999993102502
70208599_6500	877.0	19	20	609377.3 0.41499412 0.6090283 0.4759777	609376.7 0.41499618 0.6090239 0.4759798	0.9999999999311106
70208599_6500	877.0	20	21	573256.0 0.6474036 0.5059694 0.346627	573254.0 0.6474006 0.5059729 0.34662646	0.9999999997905794
70208599_6500	877.0	21	22	621793.3 0.46647334 0.3195692 0.7139575	621794.0 0.4664744 0.31956726 0.7139583	0.9999999999832722
70208599_7050	872.0	21	23	811518.0 0.24485716 0.5470439 0.7080989	811516.7 0.24485633 0.54704356 0.7081	0.9999999999981114
70208599_7050	872.0	22	24	1146109.4 0.38734174 0.50137883 0.61127937	1146108.6 0.3873411 0.5013792 0.6112797	0.9999999999975631
70208599_7050	872.0	23	25	1252927.4 0.45863393 0.5591649 0.48220113	1252928.0 0.4586337 0.5591646 0.4822017	0.9999999999648930
70208599_6500	877.0	25	26	1225436.6 0.5717105 0.4930202 0.43526936	1225434.0 0.5717101 0.49302045 0.43526947	0.9999999999957939
70208599_6500	877.0	26	27	891224.7 0.67790425 0.5984967 0.22359906	891226.7 0.6779016 0.5984942 0.22360417	0.9999999999965643
70208599_6500	877.0	27	28	816415.3 0.65333784 0.24408779 0.60257447	816417.3 0.653335 0.2440933 0.6025717	0.9999999999976580
70208599_6500	877.0	28	29	743449.3 0.26804382 0.66171426 0.570242	743452.0 0.2680496 0.6617105 0.5702399	0.9999999999989925
70208599_6500	877.0	29	30	869757.3 0.5656187 0.4874302 0.44695112	869736.7 0.565631 0.48744178 0.44692722	0.9999999763294211
70208599_6500	877.0	30	31	884818.7 0.4791332 0.43934312 0.58152366	884800.7 0.47914293 0.43931815 0.58153886	0.9999999839823948
70208599_6500	877.0	31	32	1002378.7 0.38781652 0.513322 0.5988615	1002361.3 0.3877933 0.51333386 0.5988729	0.9999999969150773
70208599_6500	877.0	32	33	1079806.0 0.4765143 0.55592024 0.46756548	1079808.6 0.47651592 0.5559198 0.46756434	0.9999999995810233
70208599_7050	872.0	32	34	1151486.6 0.52131563 0.43845928 0.54022515	1151486.6 0.5213148 0.43845928 0.540226	0.9999999998752188
70208599_6500	877.0	34	35	1139064.0 0.44324112 0.5461168 0.51064205	1139066.0 0.44324034 0.5461167 0.51064295	0.9999999999175735
70208599_6500	877.0	42	42	1053969.4 0.59673935 0.18869524 0.71456534	1053973.4 0.596739 0.18869452 0.7145664	0.9999999999978211
70208599_6500	877.0	43	43	1130560.6 0.17591184 0.66615623 0.657932	1130564.0 0.17591132 0.6661578 0.6579309	0.9999999999891444
70208599_5500	833.0	41	44	1412762.6 0.53309095 0.5265088 0.44040024	1412766.0 0.53309184 0.5265083 0.4403999	0.9999999999134692
70208599_4800	853.0	42	45	1324286.6 0.5616813 0.46982503 0.46849373	1324289.4 0.56168467 0.4698233 0.46849203	0.9999999999997466
70208599_10000	866.0	51	52	679192.0 0.29334858 0.6859857 0.5206657	679192.0 0.29335004 0.68598425 0.5206657	0.9999999999997701
70208599_4800	853.0	50	53	769726.7 0.6052993 0.45942152 0.4352792	769708.7 0.6053134 0.45943615 0.43525037	0.9999999765545153
70208599_6500	877.0	62	64	540200.0 0.5424158 0.5897816 0.36780268	540198.0 0.5424159 0.58978003 0.36780402	0.9999999999876240
70208599_7050	872.0	66	69	515883.34 0.52677023 0.38611054 0.58711916	515902.66 0.5267525 0.38609803 0.5871495	0.9999999815063124
70208599_7050	872.0	67	70	554069.3 0.35950014 0.5466554 0.5938445	554088.7 0.35948938 0.54668504 0.5938255	0.9999999786515403
80091879_7050	1337.0	4	71	554767.3 0.5547605 0.59103155 0.35420796	554775.3 0.5460084 0.59309053 0.36090106	0.9987338184400821
70208599_6500	877.0	70	72	646874.7 0.5086472 0.30951744 0.6818353	646876.0 0.50864774 0.30951682 0.6818355	0.9999999999975212
