ID	BITRATE	START_IDX	CAPTURE_START_IDX	KEY	CAPTURE_KEY	CORRELATION
70208599_15000	881.0	6	16	936404.8 0.4704258 1.0614223 0.7827181 1.0613946 0.5720112	936404.2 0.47042933 1.0614241 0.7827133 1.0613942 0.5720126	0.9999999999416147
70208599_4200	826.0	18	28	937944.4 0.9593319 1.0398133 0.8779284 0.42431834 0.47330737	937944.0 0.9593291 1.0398158 0.87792873 0.42431745 0.47330543	0.9999999999691941
70208599_6500	877.0	20	29	1021686.0 0.95459175 0.8059668 0.38953555 0.9160202 0.562437	1021686.0 0.9545878 0.8059697 0.38953847 0.9160192 0.562436	0.9999999999270912
70208599_6500	877.0	21	30	1012963.6 0.8129068 0.39288974 0.9239078 0.98580045 0.691629	1012963.6 0.8129097 0.3928927 0.9239068 0.9857995 0.691629	0.9999999999379444
70208599_6500	877.0	22	31	1018547.4 0.39073586 0.91884285 0.9803962 1.0694976 0.5931634	1018541.4 0.3907411 0.9188473 0.98040104 1.0694754 0.5931649	0.9999999983734715
70208599_6500	877.0	23	32	1014891.2 0.92215306 0.98392814 1.0733505 1.1022935 0.52556866	1014887.4 0.9221555 0.9839308 1.073326 1.1022997 0.52557063	0.9999999975577563
70208599_4200	826.0	23	33	1024367.0 0.9748244 1.0633923 1.0920969 0.71465206 0.19454063	1024368.4 0.97482413 1.0633919 1.0920974 0.7146511 0.19454135	0.9999999999922997
70208599_4200	826.0	24	34	1015897.4 1.0722579 1.1012018 0.7206102 0.78705585 0.4842507	1015898.4 1.0722579 1.1012027 0.7206095 0.7870561 0.4842512	0.9999999999915957
70208599_4200	826.0	25	35	969707.6 1.1536549 0.7549348 0.82454544 1.0279696 0.43718952	969707.4 1.1536573 0.75493497 0.8245467 1.0279658 0.4371896	0.9999999999201903
70208599_20000	871.0	26	36	913850.0 0.80107677 0.87494665 1.0908027 0.68171364 0.42535427	913850.0 0.801079 0.8749456 1.0907983 0.6817147 0.42535427	0.9999999999522725
70208599_20000	871.0	27	37	868408.8 0.92072994 1.147881 0.71738565 1.1639379 0.5925159	868408.4 0.9207293 1.147877 0.71738714 1.1639374 0.5925173	0.9999999999648794
