ID	BITRATE	START_IDX	CAPTURE_START_IDX	KEY	CAPTURE_KEY	CORRELATION
70208599_7050	872.0	8	8	434412.0 0.37510014 0.6675483 0.45735154	434408.66 0.3750961 0.6675535 0.45735046	0.9999999999991089
70208599_7050	872.0	9	9	421102.0 0.68864787 0.4718073 0.3395448	421101.34 0.68864894 0.47180328 0.33954772	0.9999999997961178
70208599_6500	877.0	10	10	360272.0 0.55146664 0.39688623 0.55164707	360270.66 0.5514659 0.3968794 0.5516547	0.9999999989161763
70208599_6500	877.0	11	11	601384.7 0.23776296 0.33047566 0.9317613	601384.0 0.23775823 0.33047935 0.9317624	0.9999999999417599
70208599_15000	881.0	17	16	547697.3 0.6745514 0.36371368 0.46173498	547696.7 0.67455035 0.3637141 0.4617355	0.9999999999979073
70208599_20000	871.0	17	17	548812.0 0.36297128 0.46079713 0.67623156	548815.3 0.36297274 0.46079436 0.67623293	0.9999999998899867
70208599_6500	877.0	19	18	609377.3 0.41499412 0.6090283 0.4759777	609377.3 0.41499904 0.6090266 0.4759744	0.9999999993894048
70208599_7050	872.0	22	21	1146109.4 0.38734174 0.50137883 0.61127937	1146106.0 0.387342 0.5013777 0.61128026	0.9999999999595272
70208599_7050	872.0	23	22	1252927.4 0.45863393 0.5591649 0.48220113	1252926.0 0.45863202 0.5591647 0.48220325	0.9999999992792173
70208599_6500	877.0	25	23	1225436.6 0.5717105 0.4930202 0.43526936	1225434.0 0.5717093 0.49302125 0.43526947	0.9999999999199488
70208599_6500	877.0	29	27	869757.3 0.5656187 0.4874302 0.44695112	869738.0 0.5656324 0.4874399 0.4469277	0.9999999815209479
70208599_6500	877.0	30	28	884818.7 0.4791332 0.43934312 0.58152366	884801.3 0.47914147 0.43931895 0.5815396	0.9999999869194518
70208599_6500	877.0	31	29	1002378.7 0.38781652 0.513322 0.5988615	1002360.7 0.38779452 0.51333517 0.5988703	0.9999999958249718
70208599_6500	877.0	32	30	1079806.0 0.4765143 0.55592024 0.46756548	1079806.6 0.47651774 0.55591804 0.46756428	0.9999999987023308
70208599_7050	872.0	32	31	1151486.6 0.52131563 0.43845928 0.54022515	1151484.0 0.52131337 0.43845943 0.54022723	0.9999999991878389
70208599_6500	877.0	34	32	1139064.0 0.44324112 0.5461168 0.51064205	1139065.4 0.44323972 0.546117 0.5106432	0.9999999998698862
70208599_5500	833.0	40	42	1417274.0 0.44377303 0.53139406 0.5248329	1417273.4 0.44377184 0.52483314 0.531395	0.9909623575757784
70208599_5500	833.0	41	43	1412762.6 0.53309095 0.5265088 0.44040024	1412764.6 0.5265081 0.53309095 0.44040105	0.9919007802757466
70208599_4800	853.0	49	50	769862.7 0.43546727 0.60519236 0.45934036	769864.7 0.43546483 0.60519207 0.45934305	0.9999999996070068
70208599_4800	853.0	50	51	769726.7 0.6052993 0.45942152 0.4352792	769709.3 0.60531425 0.4594358 0.43525	0.9999999767859937
70208599_3500	706.0	55	52	591925.3 0.5974233 0.5659768 0.3365999	591926.7 0.59742534 0.5659755 0.3365991	0.9999999999390998
70208599_3500	706.0	56	53	831059.3 0.40311924 0.23974462 0.8571362	831060.0 0.4031189 0.23974442 0.85713667	0.9999999999998462
70208599_20000	871.0	56	54	1116636.0 0.17842878 0.6379223 0.68364894	1116640.6 0.17842983 0.63792413 0.6836461	0.9999999999675084
70208599_6500	877.0	55	55	1356709.4 0.5250432 0.56267613 0.41228062	1356708.6 0.5250442 0.5626757 0.4122801	0.9999999999454092
70208599_6500	877.0	62	62	540200.0 0.5424158 0.5897816 0.36780268	540198.7 0.5424134 0.589783 0.36780357	0.9999999998493535
70208599_6500	877.0	63	63	546096.7 0.5834132 0.36383116 0.5527556	546094.7 0.5834153 0.3638325 0.55275214	0.9999999996968149
70208599_10000	866.0	64	64	514865.34 0.38590285 0.5862834 0.52781373	514863.34 0.3859024 0.5862818 0.52781576	0.9999999998366614
70208599_7050	872.0	64	65	562055.3 0.53705925 0.4794439 0.4834969	562052.0 0.53705883 0.48350152 0.47943962	0.9920403632998207
70208599_6500	877.0	66	66	654643.3 0.4116333 0.4151146 0.6732521	654642.0 0.41511697 0.41162956 0.6732535	0.9997303926760197
70208599_6500	877.0	68	68	715104.0 0.6163299 0.42355376 0.4601163	715102.7 0.61633104 0.42355317 0.46011573	0.9999999999990089
80091879_7050	1337.0	4	69	554767.3 0.5547605 0.59103155 0.35420796	554754.0 0.54597896 0.5931097 0.3609113	0.9987233066393297
70208599_6500	877.0	70	70	646874.7 0.5086472 0.30951744 0.6818353	646872.7 0.5086472 0.3095153 0.68183744	0.9999999999999444
