ID	BITRATE	START_IDX	CAPTURE_START_IDX	KEY	CAPTURE_KEY	CORRELATION
80163052_2000	417.0	39	0	251923.0 0.45000258 0.54999745	251911.0 0.44453397 0.555466	1.0000000000000000
80199806_1200	389.0	33	2	410614.0 0.48315692 0.5168431	410603.0 0.48474318 0.5152568	1.0000000000000000
70208599_5500	833.0	8	7	310052.0 0.6407925 0.35920748	310050.0 0.64079344 0.3592066	1.0000000000000000
70208599_4200	826.0	7	8	293138.0 0.37993026 0.62006974	293137.0 0.37993157 0.62006843	1.0000000000000000
70052701_4200	861.0	50	10	405891.0 0.6035586 0.3964414	405888.0 0.60217845 0.39782158	1.0000000000000000
70084788_7050	951.0	42	12	478868.0 0.58384985 0.41615018	478878.0 0.5849799 0.4150201	1.0000000000000000
70208599_3500	706.0	14	14	619053.0 0.41445562 0.58554435	619053.0 0.41445562 0.58554435	1.0000000000000000
70208599_3500	706.0	15	15	632278.0 0.57329684 0.42670313	632277.0 0.5732978 0.42670223	1.0000000000000000
70208599_3500	706.0	16	16	530807.0 0.50827324 0.49172676	530808.0 0.5082704 0.4917296	1.0000000000000000
80216541_2000	891.0	10	17	460202.0 0.568433 0.431567	460220.0 0.5671505 0.4328495	0.9999999999999999
80121387_4200	1386.0	59	18	369713.0 0.5380011 0.4619989	369698.0 0.5388344 0.4611656	1.0000000000000000
70208599_7050	872.0	23	24	1275228.0 0.45061353 0.54938644	1275227.0 0.4506139 0.5493861	1.0000000000000000
70208599_7050	872.0	24	25	1304756.0 0.5369533 0.46304673	1304757.0 0.5369521 0.46304792	1.0000000000000000
70208599_6500	877.0	26	26	1137560.0 0.53110605 0.46889395	1137559.0 0.53110653 0.46889347	1.0000000000000000
70123542_6500	1045.0	50	27	732686.0 0.73209536 0.26790467	732676.0 0.72800803 0.271992	1.0000000000000000
70208599_6500	877.0	28	28	691228.0 0.28829417 0.71170586	691233.0 0.28829932 0.7117007	1.0000000000000000
70208599_6500	877.0	29	29	915897.0 0.5371248 0.4628752	915897.0 0.5371248 0.4628752	1.0000000000000000
70208599_4800	853.0	27	30	812658.0 0.52167946 0.4783205	812656.0 0.5216795 0.47832048	1.0000000000000000
70208599_4800	853.0	28	31	903257.0 0.43034375 0.56965625	903253.0 0.43034455 0.5696555	1.0000000000000000
80096067_7050	1219.0	30	32	713219.0 0.7213591 0.27864093	713212.0 0.72144467 0.27855533	1.0000000000000000
70208599_4800	853.0	30	33	798957.0 0.24866295 0.75133705	798955.0 0.24866106 0.75133896	1.0000000000000000
70208599_7050	872.0	32	34	1105168.0 0.5431645 0.4568355	1105164.0 0.5431646 0.45683536	1.0000000000000000
70208599_7050	872.0	33	35	1126942.0 0.44800887 0.55199116	1126941.0 0.4480075 0.55199254	1.0000000000000000
70208599_7050	872.0	34	36	821100.0 0.7575959 0.24240409	821098.0 0.757599 0.24240103	1.0000000000000000
70104894_20000	1065.0	75	37	780698.0 0.25435317 0.74564683	780690.0 0.25494754 0.74505246	1.0000000000000000
70208599_5500	833.0	34	38	1362200.0 0.4269953 0.5730047	1362201.0 0.42699647 0.57300353	1.0000000000000000
70208599_6500	877.0	38	39	1491765.0 0.5232372 0.47676277	1491764.0 0.52323693 0.47676307	1.0000000000000000
70208599_7050	872.0	38	40	1387680.0 0.5125209 0.4874791	1387682.0 0.51252234 0.4874777	1.0000000000000000
70208599_6500	877.0	40	41	1417500.0 0.47722328 0.5227767	1417500.0 0.47722328 0.5227767	1.0000000000000000
70208599_6500	877.0	41	42	1369981.0 0.5409097 0.45909032	1369982.0 0.5409093 0.4590907	1.0000000000000000
70208599_6500	877.0	42	43	827824.0 0.7597569 0.24024309	827826.0 0.75975627 0.24024372	1.0000000000000000
70208599_6500	877.0	43	44	952009.0 0.20890453 0.79109544	952012.0 0.20890494 0.7910951	1.0000000000000000
70208599_7050	872.0	54	59	1322732.0 0.5771298 0.42287025	1322733.0 0.5771286 0.42287144	1.0000000000000000
70208599_4200	826.0	60	60	997234.0 0.56089747 0.43910256	997236.0 0.56089634 0.4391037	1.0000000000000000
70208599_20000	871.0	59	61	636726.0 0.68772125 0.31227875	636726.0 0.68772125 0.31227875	1.0000000000000000
70208599_6500	877.0	58	62	818038.0 0.24306329 0.7569367	818041.0 0.24306361 0.7569364	1.0000000000000000
70052701_10000	2266.0	3	63	818387.0 0.7653189 0.23468114	818393.0 0.7566108 0.24338917	1.0000000000000000
70123542_3500	1015.0	3	64	520595.0 0.37821147 0.6217885	520599.0 0.3826131 0.6173869	0.9999999999999999
70208599_2000	502.0	18	65	614434.0 0.52204466 0.4779553	614422.0 0.52311116 0.47688884	1.0000000000000000
60033314_7050	468.0	35	70	468169.0 0.5814866 0.4185134	468160.0 0.5756002 0.42439976	1.0000000000000000
70039177_20000	783.0	11	76	798189.0 0.2467398 0.7532602	798165.0 0.24871674 0.7512832	1.0000000000000000
