ID	BITRATE	START_IDX	CAPTURE_START_IDX	KEY	CAPTURE_KEY	CORRELATION
70208599_20000	871.0	6	16	650276.4 0.37179267 0.6667534 0.305527 0.3322203 0.8237067	650274.8 0.37179205 0.666755 0.30552775 0.33221954 0.8237056	0.9999999999877601
70208599_15000	881.0	7	17	750594.4 0.5776422 0.26469555 0.2878199 0.71361315 0.65622926	750592.4 0.57764244 0.2646936 0.287818 0.7136164 0.6562297	0.9999999999916312
70208599_15000	881.0	8	18	656660.8 0.30255955 0.32899177 0.81569356 0.7501011 0.30265397	656660.8 0.3025565 0.32898873 0.8156951 0.7500996 0.30266005	0.9999999998880879
70208599_15000	881.0	9	19	801327.6 0.2695976 0.6684332 0.61468244 0.24801466 0.69927204	801329.2 0.26959458 0.6684331 0.61468 0.24801917 0.69927317	0.9999999999104299
70208599_15000	881.0	10	20	928618.0 0.5768077 0.5304248 0.21401803 0.6034193 0.5753302	928619.2 0.57680804 0.53042305 0.21402207 0.6034207 0.57532626	0.9999999999043288
70208599_15000	881.0	11	21	1025508.0 0.48031023 0.1937976 0.54640824 0.520973 0.7585109	1025509.2 0.4803087 0.19380128 0.54640955 0.5209695 0.758511	0.9999999999300587
70208599_4200	826.0	18	28	601210.8 0.33134136 0.6172976 0.48244807 0.3305097 0.7384032	601207.6 0.33133644 0.61730087 0.48245063 0.3305081 0.7384038	0.9999999999033350
70208599_6500	877.0	20	29	751380.8 0.493928 0.38602263 0.26445445 0.59082425 0.7647707	751380.0 0.49392584 0.38602704 0.26445207 0.5908249 0.76477015	0.9999999998969040
70208599_6500	877.0	21	30	883167.6 0.3284201 0.2249924 0.5026611 0.6506511 0.79327524	883167.6 0.3284235 0.22499013 0.5026611 0.65064996 0.79327524	0.9999999999582069
70208599_7050	872.0	21	31	1008813.2 0.19697006 0.4400577 0.5696149 0.6944725 0.59888494	1008811.6 0.19696839 0.44005638 0.56961375 0.69447553 0.59888583	0.9999999999788606
70208599_6500	877.0	23	32	1142689.2 0.38849932 0.5028786 0.6131107 0.52872205 0.4667892	1142688.0 0.38849974 0.5028783 0.6131114 0.52872086 0.46678972	0.9999999999567764
70208599_6500	877.0	24	33	1044826.4 0.5499804 0.67053723 0.5782444 0.5105107 0.19072738	1044827.2 0.549979 0.6705367 0.57824206 0.51051027 0.19073202	0.9999999999787934
70208599_6500	877.0	25	34	1011753.2 0.6924564 0.59714663 0.52719873 0.19696207 0.48623618	1011754.0 0.6924559 0.5971442 0.5271983 0.19696686 0.48623478	0.9999999999700104
70208599_6500	877.0	26	35	901093.6 0.6704797 0.59194183 0.22115016 0.5459488 0.4704794	901094.4 0.6704769 0.59194136 0.22115552 0.54594725 0.470479	0.9999999999876450
70208599_6500	877.0	27	36	814923.2 0.6545341 0.2445347 0.60367775 0.52022815 0.47702533	814913.2 0.6545421 0.24454384 0.60368395 0.5202346 0.4769956	0.9999999944971792
70208599_6500	877.0	28	37	807382.4 0.24681862 0.609316 0.525087 0.48148066 0.6372978	807374.0 0.24682736 0.60932106 0.5250925 0.48144972 0.6373094	0.9999999936482058
70208599_4200	826.0	28	38	807129.2 0.60950464 0.52525175 0.48159575 0.6375027 0.24614523	807129.6 0.6095056 0.52525145 0.48159552 0.6375023 0.2461451	0.9999999999946173
70208599_4800	853.0	27	39	850464.4 0.49848884 0.45705736 0.6050177 0.23360297 0.7058332	850464.4 0.49848765 0.4570562 0.60501885 0.23360297 0.7058344	0.9999999999835696
70208599_4800	853.0	28	40	882837.6 0.44029728 0.582832 0.22503684 0.67995065 0.5718832	882836.4 0.44029677 0.58283395 0.22503717 0.67995274 0.57187945	0.9999999999107640
70208599_20000	871.0	31	41	806968.4 0.63762844 0.24619304 0.74388045 0.6256503 0.24664783	806968.0 0.63763 0.24619439 0.74387956 0.62564564 0.24665043	0.9999999999504312
70208599_20000	871.0	32	42	849975.6 0.23373611 0.7062414 0.5939935 0.23416789 0.731861	849974.4 0.23373763 0.7062413 0.5939897 0.23417059 0.7318609	0.9999999999700757
