ID	BITRATE	START_IDX	CAPTURE_START_IDX	KEY	CAPTURE_KEY	CORRELATION
70208599_4200	826.0	7	10	390851.2 0.28494734 0.46505168 0.5083239 0.62535053 0.61632663	390850.8 0.28495017 0.465047 0.5083218 0.6253537 0.6163272	0.9999999997105767
70208599_4200	826.0	8	11	425800.4 0.42688075 0.46660125 0.5740225 0.5657392 0.46675625	425799.2 0.4268773 0.46660024 0.57402647 0.5657409 0.46675524	0.9999999999268658
70208599_7050	872.0	15	17	863483.6 0.90084165 0.4486246 0.4278587 0.29287297 0.429802	863482.8 0.9008425 0.44862387 0.42786258 0.2928709 0.4298001	0.9999999999488611
70208599_4800	853.0	14	18	668358.8 0.57960033 0.55276746 0.3783746 0.55527955 0.43397796	668358.4 0.5795977 0.5527753 0.37837335 0.5552784 0.43397525	0.9999999988613992
70208599_6500	877.0	18	19	592888.8 0.6231354 0.42653528 0.6259656 0.48921484 0.33514884	592888.8 0.6231388 0.42653698 0.6259605 0.4892165 0.33514714	0.9999999996437412
70208599_6500	877.0	19	20	622682.4 0.4061268 0.5960149 0.46580732 0.31911293 0.71293813	622682.0 0.40612864 0.5960105 0.4658092 0.31911153 0.71294016	0.9999999998303607
70208599_6500	877.0	20	21	751380.8 0.493928 0.38602263 0.26445445 0.59082425 0.7647707	751380.4 0.49392426 0.38602418 0.26445326 0.5908259 0.7647724	0.9999999999328888
70208599_6500	877.0	21	22	883167.6 0.3284201 0.2249924 0.5026611 0.6506511 0.79327524	883167.6 0.32842124 0.22499126 0.50266224 0.6506522 0.793273	0.9999999999775372
70208599_7050	872.0	21	23	1008813.2 0.19697006 0.4400577 0.5696149 0.6944725 0.59888494	1008812.8 0.19696915 0.44005686 0.56961507 0.69447273 0.59888613	0.9999999999954897
70208599_6500	877.0	23	24	1142689.2 0.38849932 0.5028786 0.6131107 0.52872205 0.4667892	1142688.4 0.38850048 0.50287986 0.6131094 0.5287216 0.46678868	0.9999999999551380
70208599_6500	877.0	24	25	1044826.4 0.5499804 0.67053723 0.5782444 0.5105107 0.19072738	1044827.2 0.5499809 0.6705348 0.578243 0.5105093 0.19073202	0.9999999999883319
70208599_6500	877.0	25	26	1011753.2 0.6924564 0.59714663 0.52719873 0.19696207 0.48623618	1011753.2 0.69245446 0.5971456 0.5271977 0.196967 0.4862352	0.9999999999896001
70208599_6500	877.0	26	27	901093.6 0.6704797 0.59194183 0.22115016 0.5459488 0.4704794	901094.4 0.67047805 0.5919402 0.22115552 0.54594725 0.470479	0.9999999999860116
70208599_6500	877.0	27	28	814923.2 0.6545341 0.2445347 0.60367775 0.52022815 0.47702533	814912.4 0.65454155 0.24454409 0.60368454 0.52023506 0.47699484	0.9999999942196561
70208599_6500	877.0	28	29	807382.4 0.24681862 0.609316 0.525087 0.48148066 0.6372978	807373.2 0.24682762 0.6093217 0.52509296 0.48144898 0.6373088	0.9999999933798757
70208599_6500	877.0	29	30	967786.0 0.50832623 0.4380576 0.40167868 0.5316702 0.6202673	967775.2 0.5083309 0.4380625 0.40165216 0.5316793 0.62027526	0.9999999922426150
70208599_6500	877.0	30	31	972957.6 0.43572915 0.3995436 0.5288442 0.61697036 0.5189126	972947.2 0.43573382 0.39951706 0.52885294 0.616978 0.5189182	0.9999999923942750
70208599_6500	877.0	31	32	1052204.0 0.36945212 0.48901448 0.5705034 0.47983092 0.59119904	1052194.0 0.3694271 0.489022 0.5705098 0.47983548 0.5912056	0.9999999962584152
70208599_6500	877.0	32	33	1129370.0 0.45560178 0.53152287 0.44704568 0.55080444 0.5150252	1129372.8 0.45560333 0.53152245 0.4470446 0.55080396 0.51502573	0.9999999997646130
70208599_4800	853.0	39	42	1178799.6 0.5335487 0.168714 0.6389228 0.63100374 0.52781063	1178790.0 0.53355306 0.16871452 0.6389043 0.631014 0.5278141	0.9999999984114621
70208599_4800	853.0	40	43	1175388.8 0.1692036 0.64077693 0.63283485 0.5293423 0.5278424	1175378.8 0.16920418 0.6407586 0.63284534 0.529346 0.52784604	0.9999999984343605
70208599_7050	872.0	66	69	521230.0 0.5213668 0.3821499 0.58109665 0.6312587 0.38412791	521242.0 0.5213567 0.38214302 0.58113503 0.63124615 0.3841191	0.9999999837290650
