ID	BITRATE	START_IDX	CAPTURE_START_IDX	KEY	CAPTURE_KEY	CORRELATION
70208599_20000	871.0	6	10	582679.3 0.41492462 0.74410397 0.34097144	582681.3 0.41492322 0.74410486 0.34097198	0.9999999999868320
70208599_20000	871.0	7	11	565524.0 0.76667655 0.35131487 0.38200855	565525.3 0.76667833 0.35131583 0.3820059	0.9999999999663165
70208599_20000	871.0	8	12	633566.0 0.3135853 0.34098262 0.84543204	633566.0 0.3135869 0.34098104 0.84543204	0.9999999999861394
70208599_15000	881.0	9	13	829488.0 0.260445 0.6457405 0.5938145	829488.0 0.26044258 0.64574414 0.5938133	0.9999999999479537
70208599_15000	881.0	10	14	817958.0 0.6548429 0.60218495 0.24297214	817961.3 0.6548439 0.6021813 0.24297482	0.9999999999330329
70208599_15000	881.0	11	15	834432.7 0.5902957 0.23817499 0.6715293	834434.0 0.5902935 0.23817821 0.6715282	0.9999999999902577
70208599_15000	881.0	12	16	862232.7 0.23049578 0.64987797 0.6196262	862234.0 0.23049891 0.64987695 0.61962414	0.9999999999951258
70208599_15000	881.0	13	17	1248311.4 0.4488832 0.42798775 0.623129	1248312.6 0.44888276 0.42798653 0.62313074	0.9999999999974748
70208599_7050	872.0	14	18	1133002.6 0.47154525 0.6865492 0.34190565	1133002.6 0.47154436 0.6865492 0.34190655	0.9999999999889283
70208599_7050	872.0	15	19	1023127.3 0.7602788 0.37862346 0.36109778	1023129.3 0.76027733 0.3786237 0.36109903	0.9999999999979619
70208599_7050	872.0	16	20	673146.7 0.57547635 0.5488388 0.37568483	673146.7 0.57547784 0.5488417 0.3756804	0.9999999999376924
70208599_6500	877.0	25	28	1225436.6 0.5717105 0.4930202 0.43526936	1225436.0 0.57171 0.49302045 0.43526956	0.9999999999957939
70208599_6500	877.0	26	29	891224.7 0.67790425 0.5984967 0.22359906	891228.0 0.67790174 0.5984944 0.22360383	0.9999999999976142
70208599_6500	877.0	27	30	816415.3 0.65333784 0.24408779 0.60257447	816416.7 0.6533367 0.2440935 0.60256976	0.9999999999445858
70208599_6500	877.0	28	31	743449.3 0.26804382 0.66171426 0.570242	743451.3 0.26804984 0.6617084 0.5702418	0.9999999999702682
70208599_6500	877.0	29	32	869757.3 0.5656187 0.4874302 0.44695112	869736.7 0.56562865 0.48744294 0.44692838	0.9999999738571564
70208599_6500	877.0	30	33	884818.7 0.4791332 0.43934312 0.58152366	884802.7 0.479143 0.4393183 0.5815387	0.9999999839823948
70208599_4800	853.0	28	34	734618.7 0.529133 0.700426 0.270441	734618.0 0.5291321 0.70042795 0.27043986	0.9999999999905873
70208599_4800	853.0	29	35	875668.7 0.5876035 0.2268792 0.68551725	875669.3 0.5876042 0.22687788 0.6855179	0.9999999999993879
70208599_4800	853.0	30	36	869224.7 0.22856116 0.6905993 0.58083946	869224.0 0.2285602 0.69060105 0.5808388	0.9999999999919379
70208599_7050	872.0	32	37	1151486.6 0.52131563 0.43845928 0.54022515	1151484.0 0.521316 0.43845943 0.5402246	0.9999999999748672
70208599_6500	877.0	34	38	1139064.0 0.44324112 0.5461168 0.51064205	1139062.6 0.44324076 0.5461157 0.51064354	0.9999999996786868
70208599_4200	826.0	35	39	935171.3 0.66518724 0.62197804 0.2128348	935169.3 0.6651844 0.6219783 0.2128374	0.9999999999852128
70208599_10000	866.0	36	40	653048.7 0.8906763 0.30478278 0.30454084	653048.7 0.8906763 0.30478433 0.30453932	0.9999999999897580
70208599_10000	866.0	37	41	785642.7 0.25334418 0.25314307 0.9935127	785643.3 0.25334525 0.25314158 0.9935132	0.9999999999955664
70208599_6500	877.0	38	43	1445486.0 0.5399893 0.4920269 0.46798378	1445487.4 0.5399888 0.49202645 0.4679847	0.9999999998983943
70208599_6500	877.0	39	44	1419145.4 0.50115937 0.47666997 0.5221706	1419145.4 0.50115937 0.4766714 0.5221692	0.9999999999962769
70208599_6500	877.0	40	45	1364296.6 0.49583352 0.5431634 0.46100312	1364297.4 0.4958347 0.54316163 0.4610036	0.9999999997303156
70208599_20000	871.0	42	46	1415408.6 0.5235485 0.4443572 0.5320944	1415409.4 0.5235475 0.44435626 0.5320962	0.9999999996190035
70208599_5500	833.0	40	47	1417274.0 0.44377303 0.53139406 0.5248329	1417275.4 0.4437712 0.5313957 0.5248331	0.9999999999258250
70208599_6500	877.0	44	48	1130404.0 0.6662485 0.6580232 0.17572832	1130407.4 0.66625005 0.65802205 0.1757278	0.9999999999891536
70208599_6500	877.0	45	49	1043104.0 0.7130948 0.19043547 0.59646976	1043107.3 0.71309346 0.19043486 0.5964717	0.9999999999808201
70208599_15000	881.0	49	51	967139.3 0.643321 0.6510189 0.20566013	967144.0 0.643321 0.65101784 0.2056612	0.9999999999979082
70208599_4800	853.0	49	56	769862.7 0.43546727 0.60519236 0.45934036	769862.7 0.43546596 0.6051936 0.45934036	0.9999999999853216
70208599_4800	853.0	50	57	769726.7 0.6052993 0.45942152 0.4352792	769708.0 0.60531527 0.45943266 0.43525207	0.9999999826270045
70208599_3500	706.0	55	58	591925.3 0.5974233 0.5659768 0.3365999	591924.0 0.59742296 0.5659798 0.33659726	0.9999999999114779
70208599_3500	706.0	56	59	831059.3 0.40311924 0.23974462 0.8571362	831059.3 0.40312046 0.23974222 0.8571374	0.9999999999893124
70208599_20000	871.0	56	60	1116636.0 0.17842878 0.6379223 0.68364894	1116638.0 0.17842846 0.6379256 0.6836459	0.9999999999349423
70208599_6500	877.0	55	61	1356709.4 0.5250432 0.56267613 0.41228062	1356708.6 0.5250442 0.5626742 0.4122816	0.9999999998772404
70208599_3500	706.0	61	63	1077625.4 0.51905423 0.40634716 0.57459855	1077628.0 0.519053 0.40634522 0.5746018	0.9999999998285917
70208599_4800	853.0	57	64	998554.0 0.4385211 0.6201007 0.44137824	998557.3 0.43852165 0.62010163 0.44137678	0.9999999999521846
70208599_7050	872.0	58	65	920904.7 0.6723888 0.4785946 0.34901658	920905.3 0.67238945 0.47859427 0.34901634	0.9999999999988239
70208599_7050	872.0	59	66	720519.3 0.6116977 0.4460824 0.44221994	720501.3 0.611713 0.44609356 0.4421935	0.9999999816903477
70208599_7050	872.0	60	67	622034.0 0.5167097 0.51223564 0.47105464	622016.7 0.51672405 0.5122065 0.47106937	0.9999995887743157
70208599_3500	706.0	73	75	553621.3 0.5470978 0.35857722 0.594325	553620.0 0.54709727 0.3585781 0.59432465	0.9999999999987473
70208599_4800	853.0	71	79	1262988.0 0.53973275 0.4854773 0.47478995	1262986.0 0.5397328 0.48547727 0.47478992	1.0000000000000000
