ID	BITRATE	START_IDX	CAPTURE_START_IDX	KEY	CAPTURE_KEY	CORRELATION
70123542_3500	1015.0	5	0	485114.0 0.5961774 0.4038226	485116.0 0.59012896 0.40987104	1.0000000000000000
80199806_2000	663.0	61	1	413151.0 0.48123083 0.51876915	413145.0 0.4812717 0.5187283	1.0000000000000000
70041162_600	356.0	6	4	255553.0 0.6000908 0.39990923	255558.0 0.6002356 0.39976445	1.0000000000000000
80121387_800	425.0	15	7	334616.0 0.40646294 0.5935371	334601.0 0.40469694 0.59530306	1.0000000000000000
80200961_5500	1017.0	2	8	317543.0 0.6257924 0.3742076	317538.0 0.62729186 0.37270814	1.0000000000000000
70208599_4200	826.0	7	10	293138.0 0.37993026 0.62006974	293137.0 0.37993497 0.62006503	1.0000000000000000
70208599_5500	833.0	7	11	380443.0 0.47776935 0.5222307	380442.0 0.4777706 0.52222943	1.0000000000000000
70213513_7050	798.0	5	12	443090.0 0.45320588 0.5467941	443098.0 0.44838387 0.55161613	1.0000000000000000
70208599_4200	826.0	10	13	485311.0 0.50363374 0.49636626	485312.0 0.50363475 0.49636522	1.0000000000000000
70208599_4200	826.0	11	14	439637.0 0.5479339 0.45206612	439636.0 0.5479351 0.4520649	1.0000000000000000
70208599_5500	833.0	13	16	977065.0 0.20388101 0.796119	977067.0 0.2038806 0.7961194	1.0000000000000000
70208599_7050	872.0	15	17	1165242.0 0.667554 0.33244595	1165241.0 0.6675546 0.33244538	1.0000000000000000
70208599_7050	872.0	16	18	756829.0 0.5118461 0.48815387	756831.0 0.51184344 0.48815653	1.0000000000000000
70208599_7050	872.0	17	19	622340.0 0.593645 0.40635505	622341.0 0.5936488 0.40635118	1.0000000000000000
70208599_7050	872.0	18	20	624018.0 0.40526235 0.59473765	624014.0 0.40526175 0.59473825	1.0000000000000000
70208599_6500	877.0	20	21	661178.0 0.5613133 0.4386867	661176.0 0.56131047 0.43868956	1.0000000000000000
80232502_20000	2071.0	18	22	488758.0 0.59343684 0.40656316	488756.0 0.59344745 0.40655255	1.0000000000000000
80202920_15000	3217.0	7	23	642661.0 0.3091879 0.6908121	642640.0 0.30920112 0.6907989	1.0000000000000000
70208599_7050	872.0	22	24	1018571.0 0.43584198 0.564158	1018570.0 0.4358414 0.56415856	1.0000000000000000
70208599_7050	872.0	23	25	1275228.0 0.45061353 0.54938644	1275228.0 0.45061353 0.54938644	1.0000000000000000
70208599_7050	872.0	24	26	1304756.0 0.5369533 0.46304673	1304757.0 0.53695285 0.46304715	1.0000000000000000
70208599_6500	877.0	26	27	1137560.0 0.53110605 0.46889395	1137558.0 0.5311061 0.4688939	1.0000000000000000
70123542_6500	1045.0	50	28	732686.0 0.73209536 0.26790467	732676.0 0.72800803 0.271992	1.0000000000000000
70208599_6500	877.0	28	29	691228.0 0.28829417 0.71170586	691232.0 0.28829974 0.71170026	1.0000000000000000
70208599_6500	877.0	29	30	915897.0 0.5371248 0.4628752	915896.0 0.5371243 0.4628757	1.0000000000000000
70208599_4800	853.0	27	31	812658.0 0.52167946 0.4783205	812655.0 0.5216802 0.47831982	1.0000000000000000
70208599_4800	853.0	28	32	903257.0 0.43034375 0.56965625	903255.0 0.4303425 0.5696575	1.0000000000000000
70208599_6500	877.0	32	33	1114829.0 0.46154433 0.53845567	1114833.0 0.46154535 0.53845465	0.9999999999999999
70208599_7050	872.0	32	34	1105168.0 0.5431645 0.4568355	1105167.0 0.5431641 0.45683593	1.0000000000000000
70208599_7050	872.0	33	35	1126942.0 0.44800887 0.55199116	1126943.0 0.44800845 0.5519915	1.0000000000000000
70208599_6500	877.0	35	36	1203716.0 0.51678467 0.4832153	1203719.0 0.51678425 0.48321578	1.0000000000000000
80206300_4800	987.0	72	37	970363.0 0.60394824 0.3960518	970344.0 0.59943277 0.40056723	1.0000000000000000
70208599_20000	871.0	39	39	1457012.0 0.5357176 0.4642824	1457010.0 0.535717 0.46428302	1.0000000000000000
70208599_6500	877.0	42	42	827824.0 0.7597569 0.24024309	827826.0 0.75975746 0.24024251	1.0000000000000000
70208599_6500	877.0	43	43	952009.0 0.20890453 0.79109544	952013.0 0.20890366 0.7910963	1.0000000000000000
70208599_6500	877.0	44	44	1496962.0 0.50310564 0.4968944	1496967.0 0.5031066 0.49689338	1.0000000000000000
70208599_5500	833.0	42	45	1366013.0 0.54452777 0.45547223	1366015.0 0.5445277 0.4554723	1.0000000000000000
70208599_7050	872.0	45	46	1242603.0 0.5007094 0.49929062	1242601.0 0.5007094 0.49929062	1.0000000000000000
70208599_10000	866.0	51	52	665156.0 0.29953876 0.70046127	665156.0 0.29954025 0.7004597	1.0000000000000000
70208599_4800	853.0	50	53	819544.0 0.56850517 0.43149483	819547.0 0.5685031 0.43149692	1.0000000000000000
70208599_7050	872.0	51	54	688646.0 0.51351637 0.48648363	688648.0 0.51351637 0.48648366	1.0000000000000000
70208599_4200	826.0	60	57	997234.0 0.56089747 0.43910256	997236.0 0.5608973 0.43910268	1.0000000000000000
70208599_7050	872.0	58	61	1059946.0 0.5841864 0.41581362	1059948.0 0.5841862 0.4158138	1.0000000000000000
80102952_2000	506.0	48	63	546284.0 0.46767616 0.53232384	546266.0 0.4636093 0.5363907	1.0000000000000000
70208599_6500	877.0	62	64	611613.0 0.47908238 0.52091765	611610.0 0.47908306 0.52091694	1.0000000000000000
70208599_6500	877.0	63	65	517287.0 0.6159057 0.38409433	517285.0 0.6159042 0.38409582	0.9999999999999999
70298735_20000	448.0	9	66	468173.0 0.42024422 0.5797558	468159.0 0.4244007 0.5755993	1.0000000000000000
70208599_4800	853.0	62	68	573605.0 0.52624017 0.47375983	573609.0 0.52624 0.47376	1.0000000000000000
70208599_7050	872.0	66	69	470940.0 0.5770417 0.42295834	470942.0 0.5770413 0.42295867	1.0000000000000000
80091741_4200	1194.0	10	70	502106.0 0.39080593 0.6091941	502101.0 0.39671102 0.603289	1.0000000000000000
70208599_7050	872.0	69	72	529250.0 0.62169296 0.37830704	529251.0 0.6216937 0.37830633	1.0000000000000000
70208599_6500	877.0	71	73	641281.0 0.31221727 0.68778276	641282.0 0.3122168 0.68778324	1.0000000000000000
70208599_6500	877.0	74	76	1212809.0 0.505566 0.494434	1212808.0 0.5055664 0.49443358	1.0000000000000000
