ID	BITRATE	START_IDX	CAPTURE_START_IDX	KEY	CAPTURE_KEY	CORRELATION
70208599_6500	877.0	20	18	751380.8 0.493928 0.38602263 0.26445445 0.59082425 0.7647707	751381.6 0.4939261 0.3860249 0.26445416 0.5908263 0.7647685	0.9999999999483403
70208599_6500	877.0	21	19	883167.6 0.3284201 0.2249924 0.5026611 0.6506511 0.79327524	883168.4 0.3284221 0.2249922 0.5026629 0.6506494 0.79327345	0.9999999999809853
70208599_7050	872.0	21	20	1008813.2 0.19697006 0.4400577 0.5696149 0.6944725 0.59888494	1008812.8 0.19697013 0.44005784 0.5696131 0.69447374 0.5988851	0.9999999999841196
70208599_6500	877.0	23	21	1142689.2 0.38849932 0.5028786 0.6131107 0.52872205 0.4667892	1142688.0 0.3885015 0.5028783 0.6131105 0.52872086 0.46678883	0.9999999999387746
70208599_6500	877.0	24	22	1044826.4 0.5499804 0.67053723 0.5782444 0.5105107 0.19072738	1044826.0 0.5499796 0.6705365 0.5782427 0.5105099 0.19073129	0.9999999999896215
70208599_6500	877.0	25	23	1011753.2 0.6924564 0.59714663 0.52719873 0.19696207 0.48623618	1011752.4 0.692456 0.59714514 0.5271982 0.19696619 0.48623458	0.9999999999759800
70208599_6500	877.0	26	24	901093.6 0.6704797 0.59194183 0.22115016 0.5459488 0.4704794	901092.8 0.6704781 0.59194124 0.2211548 0.5459471 0.4704787	0.9999999999830123
70208599_6500	877.0	27	25	814923.2 0.6545341 0.2445347 0.60367775 0.52022815 0.47702533	814912.0 0.65454185 0.24454297 0.6036836 0.5202341 0.47699752	0.9999999951951497
70208599_6500	877.0	28	26	807382.4 0.24681862 0.609316 0.525087 0.48148066 0.6372978	807372.8 0.2468265 0.60932076 0.525092 0.4814517 0.6373091	0.9999999944181450
70208599_6500	877.0	29	27	967786.0 0.50832623 0.4380576 0.40167868 0.5316702 0.6202673	967775.2 0.5083298 0.43806145 0.40165424 0.5316793 0.62027526	0.9999999937424482
70208599_6500	877.0	30	28	972957.6 0.43572915 0.3995436 0.5288442 0.61697036 0.5189126	972947.6 0.4357326 0.39951894 0.5288527 0.6169777 0.518918	0.9999999937595098
70208599_6500	877.0	31	29	1052204.0 0.36945212 0.48901448 0.5705034 0.47983092 0.59119904	1052194.8 0.36942875 0.48902163 0.57050943 0.47983512 0.5912052	0.9999999967054364
70208599_6500	877.0	32	30	1129370.0 0.45560178 0.53152287 0.44704568 0.55080444 0.5150252	1129372.0 0.45560366 0.5315228 0.4470449 0.5508043 0.5150243	0.9999999997395246
70208599_6500	877.0	38	36	1415284.0 0.55151266 0.5025267 0.4779705 0.5235953 0.44439492	1415282.0 0.5515113 0.502526 0.47797188 0.5235946 0.44439623	0.9999999999230822
70208599_6500	877.0	39	37	1182616.8 0.60139346 0.5720061 0.62660706 0.5318249 0.1681686	1182616.0 0.60139215 0.5720073 0.62660575 0.5318261 0.16816871	0.9999999999791180
70208599_6500	877.0	40	38	1199381.6 0.5640106 0.6178484 0.52439106 0.16581795 0.6279319	1199382.8 0.5640109 0.61784613 0.5243914 0.1658178 0.6279338	0.9999999999696131
70208599_10000	866.0	50	48	740684.4 0.67222697 0.26899448 0.62903446 0.47743952 0.45230466	740683.6 0.67222494 0.26899475 0.6290351 0.47744137 0.45230377	0.9999999999625971
