ID	BITRATE	START_IDX	CAPTURE_START_IDX	KEY	CAPTURE_KEY	CORRELATION
70213513_15000	699.0	2	3	496606.66 0.40136594 0.78915375 0.30948034	496604.66 0.40136352 0.7891569 0.30947956	0.9999999999868632
70213513_20000	715.0	43	7	340094.0 0.6533723 0.2988115 0.5478162	340092.66 0.6533749 0.2988127 0.54781246	0.9999999998350892
70213513_7050	798.0	3	12	496847.34 0.21110307 0.88472646 0.40417042	496850.0 0.21109992 0.88472575 0.4041743	0.9999999999478406
70213513_7050	798.0	4	13	588442.7 0.74701244 0.34125838 0.41172913	588446.0 0.7470116 0.34126157 0.41172683	0.9999999999283692
70213513_7050	798.0	5	14	593774.0 0.33819434 0.40803236 0.75377333	593776.7 0.33819786 0.4080305 0.7537716	0.9999999999409348
70213513_7050	798.0	6	15	592387.3 0.4089875 0.7555378 0.3354748	592389.3 0.40898612 0.7555369 0.33547702	0.9999999999724482
70213513_20000	715.0	22	19	894300.0 0.22232473 0.29792574 0.9797495	894302.0 0.22232534 0.29792732 0.97974735	0.9999999999988065
70213513_20000	715.0	23	20	1097028.6 0.24286969 0.79869384 0.45843652	1097028.6 0.24287151 0.79869384 0.4584347	0.9999999999819685
70213513_20000	715.0	24	21	1421003.4 0.6165995 0.35391754 0.5294829	1421002.0 0.6166001 0.35391647 0.52948344	0.9999999999980455
81075239_7050	1516.0	38	23	1216430.6 0.61091936 0.1636608 0.72541994	1216448.6 0.61851937 0.1636148 0.7178659	0.9996828336500080
70213513_7050	798.0	15	26	1316673.4 0.903123 0.15101847 0.44585848	1316672.0 0.9031239 0.15101711 0.44585896	0.9999999999990253
70213513_7050	798.0	16	27	656838.7 0.30272576 0.89375067 0.30352354	656838.0 0.30272305 0.89375156 0.3035254	0.9999999999775854
70213513_7050	798.0	17	28	712034.0 0.82446903 0.27999505 0.3955359	712034.0 0.82446903 0.27999645 0.3955345	0.9999999999885024
70213513_7050	798.0	18	29	429946.66 0.46369937 0.6550464 0.3812543	429948.0 0.46370026 0.655042 0.38125774	0.9999999999995947
70213513_7050	798.0	19	30	629287.3 0.44754598 0.26048356 0.7919705	629288.7 0.4475434 0.26048616 0.7919704	0.9999999999605489
70213513_20000	715.0	34	31	1241154.0 0.13207063 0.40154323 0.96638614	1241156.0 0.13207123 0.4015434 0.96638536	1.0000000000000000
70213513_20000	715.0	38	35	583859.3 0.26483092 0.6712713 0.56389785	583840.7 0.26484108 0.6712431 0.56391585	0.9999999954419810
70213513_20000	715.0	39	36	583236.7 0.6719879 0.5644998 0.26351222	583216.7 0.67196125 0.56451917 0.26351956	0.9999999952411583
70213513_20000	715.0	40	37	454571.34 0.7242801 0.33809873 0.4376211	454572.66 0.72427803 0.33809558 0.43762642	0.9999999997394208
70213513_20000	715.0	41	38	383218.66 0.40105042 0.5191031 0.5798465	383220.0 0.4010464 0.51910913 0.5798445	0.9999999985193440
70213513_20000	715.0	42	39	348508.0 0.5708047 0.637598 0.29159734	348510.0 0.57081 0.63759434 0.29159564	0.9999999996743334
70213513_20000	715.0	43	40	340094.0 0.6533723 0.2988115 0.5478162	340092.66 0.6533749 0.2988127 0.54781246	0.9999999998350892
70213513_6500	749.0	30	41	437942.0 0.23205584 0.42541707 0.8425271	437940.0 0.23205005 0.42541674 0.84253323	0.9999999999954087
70213513_7050	798.0	29	42	617748.0 0.30159223 0.59734553 0.60106224	617724.0 0.30160233 0.59732014 0.6010775	0.9999999929515453
70213513_20000	715.0	47	44	661253.3 0.5568471 0.561514 0.3816389	661252.0 0.56151056 0.55684674 0.3816427	0.9989647259469234
70213513_15000	699.0	44	46	928799.3 0.27170885 1.0290694 0.19922173	928796.7 0.27170855 1.0290724 0.19921906	0.9999999999977488
70213513_15000	699.0	45	47	893398.7 1.069846 0.20711581 0.22303817	893397.3 1.0698476 0.20711277 0.22303963	0.9999999999898123
70213513_15000	699.0	46	48	628021.3 0.2946349 0.31728542 0.88807976	628019.3 0.29463106 0.317288 0.88808095	0.9999999999552088
70213513_20000	715.0	52	49	614374.0 0.324335 0.9078053 0.26785964	614374.7 0.32433465 0.9078043 0.26786098	0.9999999999976150
70213513_20000	715.0	53	50	614091.3 0.9082232 0.26798296 0.32379386	614092.0 0.9082222 0.26798427 0.3237935	0.9999999999976140
70213513_20000	715.0	54	51	376504.66 0.43708888 0.5281183 0.53479284	376504.66 0.43709153 0.5281183 0.5347902	0.9999999997643753
70213513_20000	715.0	55	52	564923.3 0.3519752 0.3564236 0.79160124	564923.3 0.3519752 0.35642183 0.791603	0.9999999999936705
70213513_5500	748.0	44	53	824469.3 0.2442177 0.542401 0.7133813	824471.3 0.24421832 0.54240215 0.71337956	0.9999999999886442
70213513_15000	699.0	53	54	823062.0 0.54332846 0.71459985 0.24207167	823065.3 0.5433287 0.71459824 0.24207313	0.9999999999982957
70213513_10000	730.0	48	59	870329.3 0.18922149 1.0821238 0.22865483	870329.3 0.18922263 1.0821238 0.22865368	0.9999999999974106
70213513_5500	748.0	51	60	983451.3 0.95765394 0.20235369 0.33999243	983430.0 0.95767266 0.20235705 0.33997032	0.9999999992737539
70213513_10000	730.0	52	62	920385.3 0.36325654 0.21639307 0.92035043	920385.3 0.36325765 0.21639307 0.9203493	0.9999999999981278
70213513_6500	749.0	52	63	1042914.7 0.19097152 0.81221986 0.49680862	1042914.7 0.1909696 0.81221986 0.49681053	0.9999999999855621
70213513_6500	749.0	53	64	1054688.0 0.80315316 0.49126282 0.20558402	1054689.4 0.8031521 0.49126408 0.20558375	0.9999999999932951
70213513_6500	749.0	54	65	1094579.4 0.473359 0.19809161 0.8285493	1094578.6 0.47336116 0.19809176 0.8285471	0.9999999999848266
70213513_6500	749.0	55	66	1006316.7 0.21546596 0.90122026 0.38331372	1006314.0 0.21546654 0.9012197 0.38331375	0.9999999999999163
70213513_7050	798.0	52	67	974268.7 0.9308654 0.3959216 0.173213	974266.7 0.9308642 0.3959224 0.17321335	0.9999999999991477
70213513_7050	798.0	53	68	521665.34 0.7394281 0.32349476 0.43707713	521664.0 0.73942995 0.3234956 0.43707445	0.9999999999504027
70213513_7050	798.0	54	69	444156.0 0.37994757 0.51335114 0.60670125	444158.0 0.37994587 0.51334435 0.6067098	0.9999999984280509
70213513_7050	798.0	55	70	497006.0 0.45876306 0.5421866 0.49905032	497008.0 0.4587572 0.5421945 0.4990483	0.9999999992617956
70213513_4200	686.0	61	72	1452895.4 0.17071566 0.13679099 1.1924933	1452894.6 0.17071506 0.13679107 1.1924939	0.9999999999998302
70213513_4200	686.0	62	73	1401728.0 0.14178428 1.236023 0.12219275	1401727.4 0.14178434 1.2360235 0.12219209	0.9999999999998463
70213513_5500	748.0	64	74	1375061.4 1.2599932 0.115446486 0.12456026	1375081.4 1.2599748 0.1245599 0.115465164	0.9999043317597717
70213513_4800	766.0	60	75	347451.34 0.4929611 0.45688412 0.55015475	347469.34 0.49293557 0.4569439 0.5501205	0.9999998221522505
70213513_15000	699.0	75	76	365836.66 0.4339259 0.5225064 0.5435677	365852.66 0.43398345 0.5224781 0.5435385	0.9999999891371169
80052541_7050	1507.0	9	77	373738.0 0.5099776 0.52438873 0.4656337	373746.66 0.5114427 0.5320583 0.45649907	0.9995637088100414
70213513_3500	679.0	67	78	558162.7 0.35627067 0.30567074 0.83805853	558162.0 0.35626754 0.3056729 0.83805954	0.9999999999571009
70213513_7050	798.0	68	84	520170.0 0.9672915 0.2793875 0.25332102	520170.0 0.9672934 0.2793875 0.2533191	0.9999999999974902
70213513_7050	798.0	69	85	519732.66 0.2796226 0.2535342 0.96684325	519732.0 0.27962297 0.2535326 0.96684444	0.9999999999972792
