ID	BITRATE	START_IDX	CAPTURE_START_IDX	KEY	CAPTURE_KEY	CORRELATION
70213513_4800	766.0	5	6	376366.0 0.32281607 0.27868086 0.89850307	376368.0 0.32281703 0.27867672 0.8985062	0.9999999999767558
70213513_4800	766.0	6	7	396860.0 0.26428968 0.852104 0.3836063	396862.66 0.2642854 0.85210586 0.3836088	0.9999999999530462
70213513_4800	766.0	7	8	452010.66 0.74813724 0.3368018 0.415061	452015.34 0.7481361 0.33680272 0.41506115	0.9999999999994511
70213513_4800	766.0	8	9	459546.0 0.33127913 0.4082551 0.76046574	459547.34 0.33128253 0.40825826 0.7604592	0.9999999999931778
70213513_4800	766.0	9	10	490543.34 0.38245752 0.71241206 0.40513036	490541.34 0.3824632 0.7124109 0.4051259	0.9999999996352045
70213513_4800	766.0	10	11	505543.34 0.69127405 0.3931097 0.41561618	505538.0 0.6912774 0.39310795 0.41561466	0.9999999999998913
70213513_4800	766.0	13	15	1471320.6 0.2737663 0.632722 0.5935117	1471323.4 0.2737685 0.63272154 0.5935099	0.9999999999910606
70213513_4800	766.0	14	16	1335475.4 0.6970829 0.653884 0.14903307	1335475.4 0.6970836 0.6538833 0.14903307	0.9999999999969958
70213513_6500	749.0	14	17	1507596.0 0.5792308 0.13201813 0.7887511	1507595.4 0.57923037 0.13201818 0.7887514	0.9999999999993756
70213513_6500	749.0	15	18	1057992.0 0.18812051 1.1239386 0.18794093	1057992.6 0.18812041 1.1239378 0.18794176	0.9999999999996176
70213513_7050	798.0	15	19	1316673.4 0.903123 0.15101847 0.44585848	1316672.6 0.9031235 0.1510178 0.44585875	0.9999999999997562
70213513_7050	798.0	16	20	656838.7 0.30272576 0.89375067 0.30352354	656839.3 0.30272397 0.8937498 0.30352628	0.9999999999775649
70213513_7050	798.0	17	21	712034.0 0.82446903 0.27999505 0.3955359	712034.7 0.82446826 0.2799976 0.3955341	0.9999999999761371
70213513_3500	679.0	21	22	652918.7 0.30534735 0.43134773 0.7633048	652919.3 0.3053486 0.4313458 0.76330566	0.9999999999738224
70213513_3500	679.0	22	23	1319630.6 0.21341957 0.37766325 0.90891725	1319630.0 0.21341892 0.3776642 0.9089169	0.9999999999973492
70213513_5500	748.0	23	24	1264228.0 0.3942129 0.9487482 0.15703893	1264230.0 0.39421386 0.9487467 0.15703946	0.9999999999989874
70213513_5500	748.0	24	25	1035062.7 1.1588032 0.1918077 0.14938901	1035063.3 1.1588025 0.19180855 0.14938892	0.9999999999996270
70213513_5500	748.0	25	26	496706.66 0.3996987 0.31130448 0.7889969	496706.66 0.3997007 0.31130448 0.78899485	0.9999999999870285
70213513_5500	748.0	26	27	466811.34 0.3312409 0.83952546 0.32923365	466810.0 0.33124185 0.8395257 0.32923245	0.9999999999933392
70213513_20000	715.0	43	31	340094.0 0.6533723 0.2988115 0.5478162	340094.66 0.6533681 0.29881975 0.5478122	0.9999999999415315
70213513_6500	749.0	30	32	437942.0 0.23205584 0.42541707 0.8425271	437942.66 0.2320555 0.42541644 0.8425281	0.9999999999991428
70213513_4200	686.0	39	41	604886.0 0.92204154 0.30589896 0.27205953	604889.3 0.92203814 0.30590224 0.27205968	0.9999999999892626
70213513_5500	748.0	44	46	824469.3 0.2442177 0.542401 0.7133813	824470.7 0.24421972 0.5424001 0.7133801	0.9999999999977447
70213513_5500	748.0	45	47	800025.3 0.55897355 0.735178 0.20584849	800026.0 0.5589731 0.73517734 0.20584956	0.9999999999996171
70213513_6500	749.0	43	48	608270.7 0.96693957 0.27074295 0.26231742	608271.3 0.96693856 0.27074268 0.2623188	0.9999999999979592
70213513_7050	798.0	41	49	300807.34 0.54747665 0.5304458 0.42207745	300806.66 0.5474779 0.5304437 0.42207843	0.9999999996616898
70213513_4200	686.0	48	50	818887.3 0.19485098 0.1550433 1.1501057	818907.3 0.19484623 0.15504074 1.1501131	0.9999999999972546
70213513_10000	730.0	52	54	920385.3 0.36325654 0.21639307 0.92035043	920387.3 0.36325684 0.21639585 0.92034733	0.9999999999982592
70213513_6500	749.0	52	55	1042914.7 0.19097152 0.81221986 0.49680862	1042915.3 0.19097236 0.8122194 0.49680832	0.9999999999995908
70213513_6500	749.0	53	56	1054688.0 0.80315316 0.49126282 0.20558402	1054688.0 0.80315316 0.49126282 0.20558402	1.0000000000000000
70213513_6500	749.0	54	57	1094579.4 0.473359 0.19809161 0.8285493	1094580.0 0.47335872 0.1980915 0.82854974	0.9999999999997360
70213513_6500	749.0	55	58	1006316.7 0.21546596 0.90122026 0.38331372	1006317.3 0.21546583 0.9012207 0.38331348	0.9999999999999291
70213513_7050	798.0	52	59	974268.7 0.9308654 0.3959216 0.173213	974269.3 0.9308658 0.39592236 0.17321186	0.9999999999978146
70213513_7050	798.0	53	60	521665.34 0.7394281 0.32349476 0.43707713	521664.0 0.7394319 0.32349366 0.43707445	0.9999999999703586
70213513_6500	749.0	58	61	408950.66 0.4126488 0.5575416 0.52980965	408952.0 0.41265234 0.5575373 0.52981037	0.9999999996960515
70213513_5500	748.0	60	62	428945.34 0.5315549 0.5051133 0.46333176	428943.34 0.53155273 0.505118 0.46332926	0.9999999932242892
70213513_4200	686.0	65	67	347010.66 0.45747298 0.5508534 0.49167365	347009.34 0.45747182 0.5508526 0.49167553	0.9999999993943217
70213513_4200	686.0	69	71	713300.7 0.65578794 0.26251903 0.581693	713298.7 0.655787 0.26252115 0.5816918	0.9999999999978783
70213513_6500	749.0	68	72	510310.66 0.36694708 0.8130753 0.31997764	510310.66 0.36694512 0.81307334 0.31998158	0.9999999999477510
70213513_6500	749.0	72	75	364383.34 0.39883822 0.36162466 0.7395371	364383.34 0.39883545 0.36162466 0.73953986	0.9999999999712625
70213513_6500	749.0	76	79	578748.7 0.81634223 0.33978996 0.34386775	578749.3 0.81634307 0.34386563 0.33979133	0.9998893262692842
