ID	BITRATE	START_IDX	CAPTURE_START_IDX	KEY	CAPTURE_KEY	CORRELATION
80102952_1200	371.0	8	0	234805.0 0.4896233 0.5103767	234797.0 0.49288535 0.50711465	1.0000000000000000
80091741_3500	903.0	30	4	496423.0 0.39541078 0.6045892	496439.0 0.3959399 0.6040601	1.0000000000000000
80200961_5500	1017.0	4	6	308214.0 0.35532779 0.6446722	308225.0 0.36423066 0.6357693	1.0000000000000000
80993095_6500	1358.0	20	7	559881.0 0.35450926 0.64549077	559864.0 0.35001358 0.64998645	1.0000000000000000
70123920_800	381.0	19	8	517378.0 0.7068333 0.2931667	517357.0 0.7033905 0.2966095	1.0000000000000000
70167075_5500	1101.0	14	10	441413.0 0.444049 0.555951	441427.0 0.44448346 0.55551654	1.0000000000000000
14607635_7050	923.0	64	12	864766.0 0.769666 0.23033398	864746.0 0.7725725 0.22742748	1.0000000000000000
80239639_4200	1155.0	13	16	453948.0 0.5630667 0.4369333	453969.0 0.56816214 0.43183786	1.0000000000000000
80171659_3500	1140.0	27	17	411384.0 0.4765499 0.52345014	411406.0 0.4765147 0.5234853	1.0000000000000000
80134721_7050	2998.0	15	44	2348180.0 0.08457486 0.9154251	2348186.0 0.08665413 0.9133459	1.0000000000000000
80109295_2000	483.0	63	48	484485.0 0.7769921 0.22300793	484470.0 0.78248394 0.21751605	1.0000000000000000
80102952_3500	1073.0	10	61	333357.0 0.49260402 0.507396	333346.0 0.4843196 0.51568043	1.0000000000000000
