ID	BITRATE	START_IDX	CAPTURE_START_IDX	KEY	CAPTURE_KEY	CORRELATION
70213513_5500	748.0	0	0	963659.0 0.7932215 0.20677854	963660.0 0.79322165 0.20677832	1.0000000000000000
70130445_1200	627.0	46	1	331365.0 0.5995111 0.40048888	331349.0 0.60137194 0.39862803	1.0000000000000000
70213513_4800	766.0	0	4	628180.0 0.73802733 0.2619727	628177.0 0.73802763 0.26197234	1.0000000000000000
70213513_5500	748.0	5	5	365917.0 0.4497386 0.5502614	365916.0 0.44973436 0.5502656	1.0000000000000000
70213513_5500	748.0	6	6	390784.0 0.5152463 0.48475373	390784.0 0.51524884 0.48475116	1.0000000000000000
70213513_7050	798.0	2	7	294320.0 0.64363277 0.35636723	294317.0 0.6436359 0.35636404	1.0000000000000000
70213513_7050	798.0	3	8	544460.0 0.19264226 0.8073577	544455.0 0.19264035 0.80735964	1.0000000000000000
70213513_7050	798.0	4	9	640385.0 0.68642145 0.31357855	640385.0 0.68641675 0.31358323	1.0000000000000000
70213513_7050	798.0	5	10	443090.0 0.45320588 0.5467941	443092.0 0.45321062 0.5467894	1.0000000000000000
70213513_7050	798.0	6	11	689850.0 0.35120535 0.64879465	689849.0 0.3512044 0.6487956	1.0000000000000000
70213513_6500	749.0	7	12	595664.0 0.75138503 0.248615	595661.0 0.75138545 0.24861456	1.0000000000000000
80097391_4200	492.0	38	13	346839.0 0.43483865 0.56516135	346822.0 0.42699137 0.57300866	1.0000000000000000
60026145_7050	2150.0	25	14	465145.0 0.42148146 0.5785185	465168.0 0.4272263 0.5727737	1.0000000000000000
80096067_7050	1219.0	6	15	465247.0 0.5719994 0.4280006	465262.0 0.572658 0.42734203	1.0000000000000000
70213513_15000	699.0	18	16	1075013.0 0.18495032 0.8150497	1075016.0 0.18495166 0.81504834	1.0000000000000000
70213513_20000	715.0	24	17	1379108.0 0.635331 0.36466905	1379105.0 0.63533235 0.36466765	1.0000000000000000
70213513_6500	749.0	12	18	1255312.0 0.4006295 0.59937054	1255314.0 0.40062883 0.59937114	1.0000000000000000
70213513_7050	798.0	12	19	1625641.0 0.46282974 0.53717023	1625645.0 0.46283105 0.5371689	1.0000000000000000
70213513_6500	749.0	14	20	1072276.0 0.8143855 0.18561453	1072275.0 0.81438625 0.18561377	1.0000000000000000
70213513_6500	749.0	15	21	1388148.0 0.14337808 0.8566219	1388146.0 0.14337757 0.85662246	1.0000000000000000
70213513_7050	798.0	15	22	1387960.0 0.856738 0.14326206	1387958.0 0.85673845 0.14326154	1.0000000000000000
80991158_4200	1213.0	77	23	785889.0 0.25282705 0.74717295	785892.0 0.25301313 0.74698687	1.0000000000000000
70213513_3500	679.0	22	26	780011.0 0.36106542 0.63893455	780010.0 0.36106205 0.63893795	1.0000000000000000
70213513_7050	798.0	23	29	1397966.0 0.85798436 0.14201562	1397964.0 0.8579849 0.1420151	1.0000000000000000
70213513_5500	748.0	25	30	353160.0 0.5621616 0.43783838	353159.0 0.5621604 0.43783963	1.0000000000000000
70213513_5500	748.0	26	31	546527.0 0.28292656 0.71707344	546526.0 0.28292707 0.7170729	1.0000000000000000
70213513_5500	748.0	27	32	545590.0 0.71830493 0.28169504	545590.0 0.71830314 0.2816969	1.0000000000000000
70213513_5500	748.0	28	33	375897.0 0.408862 0.591138	375898.0 0.40886357 0.5911364	1.0000000000000000
80216541_20000	2520.0	25	34	421139.0 0.52840513 0.4715949	421139.0 0.52763337 0.4723666	1.0000000000000000
80009431_10000	3108.0	2	35	300545.0 0.6524281 0.3475719	300558.0 0.6618756 0.33812442	1.0000000000000000
70213513_6500	749.0	30	36	287935.0 0.3529512 0.64704883	287934.0 0.35294893 0.64705104	1.0000000000000000
70298735_2000	449.0	37	37	555266.0 0.3421153 0.6578847	555288.0 0.33551598 0.664484	1.0000000000000000
70213513_6500	749.0	32	38	737196.0 0.50051546 0.49948454	737196.0 0.5005182 0.49948183	1.0000000000000000
70213513_6500	749.0	33	39	739522.0 0.4979135 0.50208646	739519.0 0.49791282 0.5020872	1.0000000000000000
70213513_7050	798.0	31	40	1327105.0 0.2797857 0.7202143	1327102.0 0.27978483 0.7202152	1.0000000000000000
70213513_7050	798.0	32	41	1208163.0 0.79111844 0.20888159	1208160.0 0.7911196 0.20888044	1.0000000000000000
80184100_4800	1096.0	1	42	451600.0 0.56521034 0.43478963	451625.0 0.55878437 0.4412156	1.0000000000000000
70213513_5500	748.0	38	43	756994.0 0.26323062 0.7367694	756995.0 0.26323026 0.73676974	1.0000000000000000
70213513_5500	748.0	45	48	1035354.0 0.4319228 0.5680772	1035355.0 0.4319243 0.56807566	1.0000000000000000
70213513_6500	749.0	43	49	752846.0 0.78125006 0.21874991	752845.0 0.7812498 0.21875021	1.0000000000000000
70213513_7050	798.0	41	50	324247.0 0.5078998 0.49210015	324245.0 0.507903 0.49209702	1.0000000000000000
70213513_7050	798.0	42	51	286526.0 0.5568849 0.44311512	286524.0 0.5568818 0.4431182	0.9999999999999999
70213513_7050	798.0	43	52	326207.0 0.389213 0.61078703	326206.0 0.3892142 0.61078584	1.0000000000000000
70213513_5500	748.0	50	53	1141048.0 0.17461316 0.8253868	1141047.0 0.17461331 0.8253867	1.0000000000000000
70213513_7050	798.0	46	54	1276141.0 0.73800856 0.2619914	1276140.0 0.7380107 0.26198927	1.0000000000000000
80232502_4200	1011.0	7	55	534740.0 0.62839884 0.37160116	534748.0 0.6252197 0.37478027	1.0000000000000000
80198592_4200	1104.0	62	56	399560.0 0.5021674 0.49783263	399580.0 0.50155914 0.49844086	1.0000000000000000
70213513_6500	749.0	55	60	1123740.0 0.19295122 0.8070488	1123739.0 0.19295228 0.8070477	1.0000000000000000
70213513_7050	798.0	52	61	1292647.0 0.7015937 0.2984063	1292646.0 0.7015927 0.2984073	1.0000000000000000
70213513_7050	798.0	53	62	554490.0 0.69565547 0.30434453	554490.0 0.69565725 0.30434272	1.0000000000000000
70041162_600	356.0	0	63	396762.0 0.41994447 0.58005553	396763.0 0.42532948 0.5746705	1.0000000000000000
80091879_7050	1337.0	10	64	497513.0 0.46444014 0.5355599	497511.0 0.4582974 0.54170257	1.0000000000000000
70213513_7050	798.0	57	66	1980598.0 0.12523036 0.8747696	1980598.0 0.12522934 0.87477064	1.0000000000000000
80075563_6500	2120.0	55	67	2088066.0 0.8389605 0.16103946	2088078.0 0.82974344 0.17025657	1.0000000000000000
70213513_5500	748.0	66	69	362427.0 0.4725862 0.5274138	362430.0 0.47258505 0.527415	1.0000000000000000
70213513_5500	748.0	67	70	361763.0 0.5283818 0.47161815	361764.0 0.52838594 0.4716141	1.0000000000000000
80031715_3500	969.0	19	71	369482.0 0.4611835 0.5388165	369471.0 0.46177644 0.53822356	1.0000000000000000
70213513_6500	749.0	68	74	602178.0 0.3109662 0.6890338	602180.0 0.31096682 0.68903315	1.0000000000000000
70213513_6500	749.0	69	75	578209.0 0.71759695 0.28240308	578212.0 0.7175949 0.28240508	1.0000000000000000
70213513_5500	748.0	73	76	295061.0 0.553411 0.44658902	295058.0 0.5534166 0.4465834	1.0000000000000000
70301367_800	318.0	8	77	277103.0 0.4770645 0.5229355	277098.0 0.4755285 0.52447146	1.0000000000000000
