ID	BITRATE	START_IDX	CAPTURE_START_IDX	KEY	CAPTURE_KEY	CORRELATION
70213513_7050	798.0	3	12	574048.4 0.18271282 0.76574385 0.34981546 0.42205328 0.7796747	574050.4 0.18271044 0.7657446 0.34981948 0.42205182 0.77967376	0.9999999999544615
70213513_7050	798.0	4	13	611586.4 0.7187439 0.32834446 0.39614847 0.73181975 0.32494348	611589.6 0.7187434 0.32834762 0.39614636 0.73181754 0.324945	0.9999999999614216
70213513_20000	715.0	22	19	1038706.0 0.19141605 0.25650665 0.84353995 0.48417744 0.7243599	1038706.4 0.19141695 0.2565085 0.84353966 0.48417532 0.7243597	0.9999999999899690
70213513_7050	798.0	15	26	982404.4 1.2104161 0.20240341 0.5975645 0.2029368 0.2866793	982403.6 1.2104169 0.20240153 0.597565 0.20293798 0.2866785	0.9999999999965921
70213513_7050	798.0	16	27	572324.8 0.3474286 1.0257287 0.34834415 0.49208945 0.28640905	572324.8 0.3474251 1.0257287 0.3483459 0.4920877 0.28641254	0.9999999999593545
70213513_7050	798.0	17	28	692138.8 0.848168 0.28804338 0.40690538 0.23682965 0.72005355	692140.0 0.8481666 0.28804433 0.40690324 0.23683214 0.72005373	0.9999999999836496
70213513_20000	715.0	32	29	937094.0 0.2127524 0.30054083 0.17492375 0.53183246 1.2799506	937094.0 0.21275027 0.30053976 0.17492482 0.5318335 1.2799517	0.9999999999958505
70213513_20000	715.0	38	35	491363.6 0.31468347 0.79763335 0.6700476 0.31278265 0.40485296	491353.2 0.31469217 0.79759127 0.6700618 0.31278723 0.40486762	0.9999999967103523
70213513_20000	715.0	39	36	518397.2 0.75603807 0.63510567 0.2964715 0.3837405 0.4286443	518386.4 0.75599784 0.6351189 0.29647574 0.38375428 0.4286532	0.9999999960311372
70213513_20000	715.0	40	37	402275.6 0.81843644 0.38205153 0.49451172 0.5523775 0.25262284	402276.4 0.8184348 0.38204825 0.4945182 0.5523764 0.25262234	0.9999999998424381
70213513_20000	715.0	41	38	345104.4 0.4453435 0.57643425 0.6438863 0.2944732 0.5398627	345104.4 0.4453406 0.57644296 0.6438863 0.2944732 0.5398569	0.9999999992313885
70213513_20000	715.0	42	39	431220.4 0.4613186 0.5153003 0.23566602 0.43205053 0.8556645	431220.4 0.46132556 0.5153003 0.23566602 0.43204588 0.85566217	0.9999999998216785
70213513_6500	749.0	30	41	558574.0 0.18194008 0.3335422 0.6605714 0.6592108 0.66473556	558570.4 0.18193589 0.3335426 0.6605775 0.6647327 0.65921146	0.9998527397868141
70213513_20000	715.0	45	42	618867.6 0.30104822 0.596218 0.59498507 0.5999716 0.40777704	618865.6 0.30104595 0.5962183 0.5999687 0.59498537 0.40778157	0.9996745798255139
70213513_15000	699.0	41	43	926664.8 0.39735618 0.39818174 0.4006875 0.27233472 1.0314398	926662.4 0.39818063 0.4006853 0.39735723 0.27233437 1.0314425	0.9999752919927908
70213513_15000	699.0	44	46	860077.6 0.29341885 1.1112939 0.21513988 0.23167908 0.6484682	860076.0 0.29341826 1.1112959 0.2151368 0.23168069 0.64846826	0.9999999999907468
70213513_15000	699.0	45	47	824958.0 1.1586032 0.22429869 0.241542 0.67607445 0.19948167	824958.0 1.1586032 0.22429505 0.2415432 0.6760732 0.1994853	0.9999999999793360
70213513_15000	699.0	46	48	522174.8 0.35435835 0.38160017 1.0680963 0.31515115 0.38079393	522174.0 0.35435316 0.38160267 1.068096 0.3151574 0.38079068	0.9999999998988567
70213513_20000	715.0	52	49	528700.8 0.3768918 1.0549104 0.3112649 0.37608984 0.38084298	528700.8 0.3768918 1.0549104 0.31126678 0.37608984 0.3808411	0.9999999999908432
70213513_20000	715.0	53	50	627873.2 0.88828766 0.2621007 0.31668657 0.32068896 0.71223617	627873.6 0.888287 0.2621021 0.31668633 0.32068714 0.7122373	0.9999999999891340
70213513_10000	730.0	52	62	846214.0 0.39509627 0.23536009 1.0010198 0.61229193 0.25623187	846214.4 0.3950973 0.23535998 1.0010182 0.6122928 0.25623176	0.9999999999962037
70213513_6500	749.0	52	63	1075244.8 0.18522945 0.7877983 0.48187074 0.20165363 0.843448	1075243.6 0.1852278 0.7877991 0.48187312 0.20165384 0.8434461	0.9999999999836555
70213513_6500	749.0	53	64	1149872.0 0.73666984 0.4505971 0.18856621 0.7887078 0.33545908	1149871.2 0.7366703 0.45059913 0.18856633 0.7887057 0.33545843	0.9999999999846523
70213513_6500	749.0	54	65	878542.8 0.5897595 0.246803 1.0322924 0.43906227 0.19208284	878543.2 0.58976156 0.2468029 1.0322884 0.43906096 0.19208618	0.9999999999838074
70213513_6500	749.0	55	66	762494.0 0.2843655 1.1894034 0.50588596 0.22131716 0.29902792	762493.2 0.28436583 1.1894008 0.5058852 0.22132131 0.29902694	0.9999999999896113
70213513_7050	798.0	52	67	783552.4 1.1574377 0.49228874 0.21537296 0.29099268 0.3439081	783552.4 1.1574337 0.49228874 0.21537296 0.2909901 0.34391448	0.9999999999599019
70213513_7050	798.0	53	68	519999.6 0.74179673 0.32453102 0.43847728 0.51821196 0.47698307	520000.8 0.741795 0.32453027 0.4384724 0.51822037 0.47698194	0.9999999994739937
70213513_4200	686.0	61	72	1003748.8 0.24710564 0.19800073 1.7260972 0.1706413 0.15815511	1003758.4 0.24710229 0.19799885 1.7260808 0.17063868 0.1581795	0.9999999998613815
70213513_4200	686.0	62	73	980996.8 0.20259291 1.7661301 0.17459893 0.16182315 0.19485487	981006.0 0.20259102 1.7661135 0.17459628 0.16184814 0.194851	0.9999999998589180
70213513_15000	699.0	73	74	981041.6 1.7660494 0.17459096 0.16181372 0.19484596 0.20269985	981050.8 1.7660329 0.17458831 0.16184075 0.1948421 0.20269592	0.9999999998300561
