ID	BITRATE	START_IDX	CAPTURE_START_IDX	KEY	CAPTURE_KEY	CORRELATION
70216224_1200	358.0	1	0	418658.0 0.53063357 0.4693664	418673.0 0.5307698 0.46923018	1.0000000000000000
80052541_600	517.0	16	2	388116.0 0.6899329 0.3100671	388130.0 0.69322133 0.30677867	1.0000000000000000
60000870_2000	515.0	12	5	362041.0 0.5417508 0.4582492	362058.0 0.54258984 0.45741013	0.9999999999999999
80171659_4800	1592.0	16	8	443365.0 0.5577301 0.44226992	443357.0 0.5580063 0.44199368	1.0000000000000000
80991158_1200	406.0	1	12	504039.0 0.5114763 0.4885237	504029.0 0.51348233 0.48651764	1.0000000000000000
80029196_6500	1298.0	56	43	735753.0 0.7382532 0.26174682	735778.0 0.7333679 0.26663205	1.0000000000000000
80232502_15000	2092.0	3	47	323447.0 0.6157423 0.3842577	323464.0 0.6064137 0.3935863	1.0000000000000000
14607635_4800	990.0	33	63	862852.0 0.23054011 0.7694599	862873.0 0.23589799 0.76410204	1.0000000000000000
70243464_15000	3835.0	1	65	241680.0 0.4521061 0.5478939	241659.0 0.451355 0.548645	1.0000000000000000
80171659_800	417.0	15	66	283784.0 0.4659847 0.5340153	283774.0 0.4672204 0.53277963	1.0000000000000000
80097391_800	415.0	21	68	518306.0 0.5324075 0.4675925	518308.0 0.52799106 0.4720089	1.0000000000000000
