ID	BITRATE	START_IDX	CAPTURE_START_IDX	KEY	CAPTURE_KEY	CORRELATION
70213513_15000	699.0	9	7	718043.0 1.0971488 0.6897261	718043.8 1.0971503 0.68971974	0.9992653643165076
70213513_15000	699.0	16	14	1469086.0 1.4269879 0.65917176	1469085.2 1.4269873 0.6591721	0.9999999999960116
70213513_15000	699.0	17	15	1518465.6 1.0243438 1.409542	1518463.6 1.0243433 1.4095432	0.9999999999937265
70213513_15000	699.0	18	16	1373196.0 1.7038428 1.4187909	1373194.0 1.7038444 1.4187908	0.9999999999939495
70213513_20000	715.0	24	17	1560135.6 1.4293065 0.82620895	1560134.6 1.4293061 0.82620627	0.9999999999963896
70213513_6500	749.0	12	18	1260248.0 1.1528802 1.6987791	1260248.0 1.1528786 1.6987808	0.9999999999957545
70213513_6500	749.0	13	19	1178596.0 2.2393246 1.1485878	1178595.2 2.2393277 1.1485885	0.9999999999962412
70213513_6500	749.0	14	20	1246414.4 1.2101498 0.76218635	1246413.8 1.2101487 0.7621843	0.9999999999957382
70213513_6500	749.0	15	21	1061300.0 2.025284 1.777878	1061298.4 2.0252843 1.7778817	0.9999999999972835
70213513_7050	798.0	15	22	1324266.2 1.5747544 0.47961125	1324260.0 1.574764 0.47958785	0.9999999997255686
70213513_7050	798.0	16	23	953996.8 1.076555 2.0444534	953991.8 1.0765281 2.044464	0.9999999995375884
