ID	BITRATE	START_IDX	CAPTURE_START_IDX	KEY	CAPTURE_KEY	CORRELATION
70213513_10000	730.0	3	6	526125.2 0.7057332 0.3777295 0.1993556 0.83549696 0.3816848	526122.4 0.705735 0.3777315 0.19935095 0.83550143 0.38168117	0.9999999999659405
70213513_10000	730.0	4	7	474515.2 0.41881272 0.22103824 0.92636865 0.42319825 0.5105822	474511.2 0.41881627 0.22103378 0.92637646 0.4231955 0.51057804	0.9999999999172774
70213513_7050	798.0	3	8	574048.4 0.18271282 0.76574385 0.34981546 0.42205328 0.7796747	574047.2 0.18270798 0.7657489 0.3498162 0.4220472 0.77967983	0.9999999999385272
70213513_15000	699.0	16	14	796981.6 0.18581358 0.33430508 0.24947125 1.0993842 0.63102585	796982.0 0.18581474 0.33430493 0.24947113 1.0993837 0.63102555	0.9999999999991291
70213513_15000	699.0	17	15	1038704.8 0.25650695 0.19141531 0.84353995 0.48417607 0.7243617	1038704.8 0.25650695 0.19141531 0.84353995 0.48417607 0.7243617	1.0000000000000000
70213513_15000	699.0	18	16	1281429.6 0.15515795 0.683759 0.3924648 0.58715516 0.6814631	1281429.6 0.15515795 0.683759 0.3924648 0.58715516 0.6814631	1.0000000000000000
70213513_20000	715.0	24	17	1281512.8 0.6837154 0.3924409 0.5871163 0.6814189 0.15530863	1281511.6 0.6837152 0.39243966 0.58711755 0.6814195 0.155308	0.9999999999938234
70213513_6500	749.0	12	18	1406682.4 0.35751852 0.5348734 0.62078404 0.14148894 0.8453351	1406683.2 0.357519 0.5348738 0.6207844 0.14148815 0.8453346	0.9999999999975848
70213513_6500	749.0	13	19	1285052.4 0.5854991 0.6795412 0.15488085 0.92534596 0.15473299	1285052.4 0.5854999 0.67954195 0.15488006 0.92534596 0.15473221	0.9999999999986733
70213513_6500	749.0	14	20	1218913.6 0.7164134 0.16328475 0.9755556 0.16312887 0.4816174	1218912.4 0.7164149 0.1632841 0.9755566 0.16312821 0.48161626	0.9999999999976565
70213513_6500	749.0	15	21	949362.4 0.20964597 1.2525438 0.20944583 0.6183624 0.210002	949361.2 0.20964518 1.2525454 0.20944504 0.61836106 0.21000332	0.9999999999965399
70213513_7050	798.0	15	22	982404.4 1.2104161 0.20240341 0.5975645 0.2029368 0.2866793	982403.6 1.2104169 0.20240052 0.59756297 0.20294 0.2866795	0.9999999999851236
70213513_7050	798.0	16	23	572324.8 0.3474286 1.0257287 0.34834415 0.49208945 0.28640905	572324.4 0.3474236 1.025726 0.34834966 0.4920898 0.28641102	0.9999999999234417
70213513_7050	798.0	17	24	692138.8 0.848168 0.28804338 0.40690538 0.23682965 0.72005355	692139.2 0.8481647 0.28804755 0.40690514 0.23683098 0.7200517	0.9999999999873956
70213513_7050	798.0	18	25	519181.2 0.3840008 0.54245996 0.315726 0.9599289 0.29788443	519170.0 0.38401487 0.54247165 0.31573474 0.9599476 0.29783115	0.9999999955536185
70213513_7050	798.0	19	26	919208.0 0.30638877 0.17832634 0.5421809 0.16824919 1.3048549	919196.0 0.30639276 0.17832975 0.54218686 0.16821766 1.304873	0.9999999995687909
70213513_7050	798.0	20	27	885967.2 0.185017 0.56252307 0.17456177 1.353812 0.22408618	885955.6 0.18502055 0.5625293 0.17452906 1.3538308 0.22409023	0.9999999995651033
70213513_7050	798.0	21	28	977158.4 0.5100268 0.15827116 1.2274704 0.20317382 0.4010578	977147.6 0.5100314 0.15824118 1.227485 0.20317708 0.4010653	0.9999999995264608
70213513_20000	715.0	42	35	431220.4 0.4613186 0.5153003 0.23566602 0.43205053 0.8556645	431221.2 0.46132472 0.5152994 0.23566791 0.43204743 0.8556606	0.9999999998806447
70213513_20000	715.0	43	36	498935.2 0.44536445 0.20368177 0.37341323 0.7395349 0.7380057	498934.8 0.4453648 0.20368393 0.3734115 0.7395335 0.73800623	0.9999999999814320
70213513_10000	730.0	37	43	522172.8 0.38160354 0.35435203 1.0680985 0.31515238 0.38079348	522174.0 0.38160077 0.35435507 1.068096 0.31515357 0.38079453	0.9999999999790599
70213513_5500	748.0	47	52	636902.8 0.25857008 0.25052488 0.19934753 0.31282952 1.4787279	636900.4 0.25857106 0.25052112 0.19934672 0.31282914 1.4787321	0.9999999999951418
70213513_5500	748.0	48	53	650631.2 0.24523878 0.19514127 0.3062288 1.4475267 0.3058645	650628.8 0.24523507 0.19514045 0.30622837 1.4475304 0.30586565	0.9999999999950785
70213513_5500	748.0	49	54	720553.6 0.17620479 0.27651238 1.3070588 0.27618346 0.4640404	720540.4 0.17620665 0.27651608 1.3070815 0.27618855 0.46400732	0.9999999992313782
70213513_20000	715.0	63	55	760960.4 0.261831 1.2376558 0.26151952 0.4393632 0.29963058	760957.6 0.2618293 1.2376577 0.26151916 0.43936217 0.29963166	0.9999999999967785
70213513_20000	715.0	64	56	1020094.0 0.9232551 0.19508594 0.32775214 0.22351567 0.8303911	1020103.2 0.92324483 0.1950832 0.32774723 0.22351366 0.8304111	0.9999999994883453
70213513_6500	749.0	53	60	1149872.0 0.73666984 0.4505971 0.18856621 0.7887078 0.33545908	1149882.8 0.73668814 0.45059377 0.18856531 0.78869694 0.33545595	0.9999999991386161
70213513_6500	749.0	54	61	878542.8 0.5897595 0.246803 1.0322924 0.43906227 0.19208284	878543.2 0.5897604 0.24680403 1.0322874 0.4390621 0.19208618	0.9999999999942711
70213513_4200	686.0	63	69	969746.0 1.7866204 0.1766246 0.1637006 0.19711554 0.17593886	969745.2 1.786623 0.17662372 0.16370073 0.19711363 0.17593901	0.9999999999992736
70213513_4200	686.0	64	70	356262.0 0.48077258 0.44559342 0.536549 0.47890598 0.5581791	356260.4 0.48077193 0.4455954 0.53654575 0.47890812 0.5581788	0.9999999993868693
70213513_4200	686.0	65	71	474859.2 0.3343054 0.4025446 0.35929808 0.41877258 0.9850794	474856.4 0.33430737 0.40254274 0.3593002 0.4187729 0.9850767	0.9999999999856951
70213513_20000	715.0	80	72	577326.8 0.33109495 0.29552758 0.34444442 0.8102395 0.71869344	577326.0 0.33109543 0.295528 0.3444449 0.81023544 0.7186962	0.9999999999555178
70213513_20000	715.0	81	73	575769.6 0.29632685 0.34537598 0.81243086 0.7206372 0.32522905	575768.4 0.2963275 0.34537673 0.8124274 0.7206405 0.325228	0.9999999999502636
70213513_20000	715.0	82	74	572838.0 0.34714353 0.81658864 0.7243252 0.32689348 0.28504917	572838.0 0.34714353 0.8165834 0.72432697 0.32689172 0.28505442	0.9999999999130604
70213513_20000	715.0	83	75	694558.4 0.67348266 0.5973882 0.26960585 0.23509471 0.72442865	694557.6 0.673479 0.5973903 0.2696047 0.23509929 0.72442657	0.9999999999342497
70213513_6500	749.0	70	78	485208.0 0.33653197 1.0369924 0.29952103 0.27157426 0.55538034	485207.2 0.33653665 1.0369921 0.29951948 0.27157265 0.5553793	0.9999999999657818
70213513_6500	749.0	71	79	620892.8 0.8103766 0.23406616 0.21222664 0.43401212 0.8093184	620890.8 0.8103776 0.23406531 0.21222572 0.4340119 0.80931944	1.0000000000000000
70213513_6500	749.0	72	80	608612.8 0.23878893 0.21650875 0.4427692 0.82564807 0.776285	608611.6 0.23878776 0.21650752 0.4427684 0.82564807 0.77628815	0.9999999999907662
70213513_6500	749.0	74	82	656039.2 0.41076052 0.76596034 0.72016585 0.29975802 0.30335537	656039.2 0.410759 0.76595885 0.72016734 0.30335537 0.29975954	0.9999371875841635
