ID	BITRATE	START_IDX	CAPTURE_START_IDX	KEY	CAPTURE_KEY	CORRELATION
81056132_15000	498.0	33	0	398021.0 0.49865207 0.5013479	398020.0 0.49922115 0.50077885	1.0000000000000000
70213513_6500	749.0	30	2	287935.0 0.3529512 0.64704883	287933.0 0.3529467 0.6470533	1.0000000000000000
70298735_2000	449.0	37	3	555266.0 0.3421153 0.6578847	555287.0 0.3355166 0.6644834	1.0000000000000000
14607635_800	406.0	7	5	570116.0 0.34973058 0.6502694	570093.0 0.34869748 0.6513025	0.9999999999999999
80210932_1200	482.0	42	6	570045.0 0.65173274 0.34826723	570036.0 0.6513676 0.34863237	1.0000000000000000
80184100_2000	406.0	6	7	303638.0 0.6456702 0.35432982	303616.0 0.6545538 0.34544623	1.0000000000000000
70213513_7050	798.0	3	8	544460.0 0.19264226 0.8073577	544459.0 0.1926371 0.8073629	0.9999999999999999
70213513_7050	798.0	4	9	640385.0 0.68642145 0.31357855	640387.0 0.6864224 0.31357756	1.0000000000000000
70213513_7050	798.0	5	10	443090.0 0.45320588 0.5467941	443086.0 0.45321 0.54679	1.0000000000000000
70213513_7050	798.0	6	11	689850.0 0.35120535 0.64879465	689848.0 0.35120055 0.6487994	1.0000000000000000
70213513_7050	798.0	9	14	414527.0 0.35725296 0.64274704	414526.0 0.35725382 0.64274615	1.0000000000000000
80096067_7050	1219.0	6	15	465247.0 0.5719994 0.4280006	465259.0 0.57265955 0.42734048	1.0000000000000000
70213513_15000	699.0	18	16	1075013.0 0.18495032 0.8150497	1075013.0 0.18495032 0.8150497	1.0000000000000000
70213513_20000	715.0	24	17	1379108.0 0.635331 0.36466905	1379105.0 0.63533163 0.3646684	1.0000000000000000
70213513_6500	749.0	12	18	1255312.0 0.4006295 0.59937054	1255314.0 0.40062964 0.59937036	1.0000000000000000
70213513_7050	798.0	12	19	1625641.0 0.46282974 0.53717023	1625645.0 0.46283045 0.5371696	1.0000000000000000
70213513_6500	749.0	14	20	1072276.0 0.8143855 0.18561453	1072276.0 0.8143864 0.18561359	1.0000000000000000
70213513_6500	749.0	15	21	1388148.0 0.14337808 0.8566219	1388147.0 0.14337747 0.8566225	1.0000000000000000
70213513_7050	798.0	15	22	1387960.0 0.856738 0.14326206	1387957.0 0.8567398 0.1432602	1.0000000000000000
80991158_4200	1213.0	77	23	785889.0 0.25282705 0.74717295	785887.0 0.2530122 0.7469878	1.0000000000000000
70213513_7050	798.0	17	24	786416.0 0.74648786 0.25351214	786417.0 0.7464844 0.25351563	1.0000000000000000
70213513_7050	798.0	18	25	481001.0 0.41448146 0.58551854	481004.0 0.41448513 0.5855149	1.0000000000000000
70213513_7050	798.0	19	26	445554.0 0.6321007 0.3678993	445555.0 0.6320993 0.3679007	1.0000000000000000
70213513_7050	798.0	20	27	662296.0 0.24750112 0.75249887	662296.0 0.24750262 0.7524974	1.0000000000000000
70213513_6500	749.0	22	28	653003.0 0.7632063 0.23679371	653001.0 0.7632086 0.23679137	1.0000000000000000
70213513_6500	749.0	23	29	1354061.0 0.114195004 0.885805	1354059.0 0.11419369 0.8858063	1.0000000000000000
70213513_7050	798.0	23	30	1397966.0 0.85798436 0.14201562	1397968.0 0.8579839 0.14201613	1.0000000000000000
80031715_6500	1323.0	2	31	590419.0 0.33643395 0.66356605	590434.0 0.33625096 0.66374904	1.0000000000000000
70213513_5500	748.0	27	32	545590.0 0.71830493 0.28169504	545590.0 0.71830493 0.28169504	1.0000000000000000
81080637_800	358.0	8	35	421145.0 0.47190398 0.528096	421141.0 0.47236675 0.52763325	1.0000000000000000
70213513_20000	715.0	43	36	323832.0 0.686183 0.31381705	323833.0 0.68618083 0.31381917	1.0000000000000000
70213513_6500	749.0	30	37	287935.0 0.3529512 0.64704883	287933.0 0.3529467 0.6470533	1.0000000000000000
70298735_2000	449.0	37	38	555266.0 0.3421153 0.6578847	555287.0 0.3355166 0.6644834	1.0000000000000000
70213513_6500	749.0	32	39	737196.0 0.50051546 0.49948454	737196.0 0.50051683 0.49948317	1.0000000000000000
70213513_4200	686.0	37	40	620576.0 0.5933439 0.4066561	620579.0 0.5933443 0.40665573	1.0000000000000000
70213513_15000	699.0	44	41	1208162.0 0.20888175 0.79111826	1208161.0 0.2088811 0.7911189	1.0000000000000000
70213513_4800	766.0	32	42	1155064.0 0.82748574 0.17251424	1155061.0 0.8274879 0.1725121	1.0000000000000000
70216224_3500	924.0	1	43	384295.0 0.509952 0.49004802	384297.0 0.5185104 0.48148957	0.9999999999999999
70213513_10000	730.0	38	44	742765.0 0.24911378 0.7508862	742767.0 0.24911581 0.7508842	1.0000000000000000
70213513_20000	715.0	53	45	722298.0 0.7721633 0.22783671	722297.0 0.77216434 0.22783564	1.0000000000000000
80171659_4200	1587.0	4	46	363403.0 0.46084648 0.5391535	363406.0 0.45284063 0.5471594	1.0000000000000000
70213513_5500	748.0	44	49	648543.0 0.31046516 0.68953484	648546.0 0.3104668 0.6895332	0.9999999999999999
70213513_7050	798.0	41	52	324247.0 0.5078998 0.49210015	324241.0 0.50790614 0.49209383	1.0000000000000000
70213513_7050	798.0	42	53	286526.0 0.5568849 0.44311512	286521.0 0.55687714 0.44312283	1.0000000000000000
70213513_7050	798.0	43	54	326207.0 0.389213 0.61078703	326205.0 0.38921538 0.61078465	1.0000000000000000
70213513_5500	748.0	50	55	1141048.0 0.17461316 0.8253868	1141046.0 0.1746126 0.8253874	1.0000000000000000
70213513_5500	748.0	51	56	1140811.0 0.8255583 0.1744417	1140810.0 0.8255582 0.17444184	1.0000000000000000
70213513_3500	679.0	51	57	533340.0 0.37312597 0.626874	533341.0 0.373129 0.626871	1.0000000000000000
70213513_20000	715.0	66	58	562345.0 0.5945425 0.4054575	562343.0 0.5945411 0.40545896	1.0000000000000000
70213513_6500	749.0	54	61	734956.0 0.7049796 0.29502037	734958.0 0.70497906 0.29502094	1.0000000000000000
70213513_6500	749.0	55	62	1123740.0 0.19295122 0.8070488	1123737.0 0.19295262 0.80704737	1.0000000000000000
70213513_7050	798.0	52	63	1292647.0 0.7015937 0.2984063	1292644.0 0.70159227 0.29840776	1.0000000000000000
70213513_7050	798.0	53	64	554490.0 0.69565547 0.30434453	554491.0 0.695656 0.304344	1.0000000000000000
80206300_20000	1024.0	1	66	464706.0 0.47181013 0.52818984	464696.0 0.46625537 0.53374463	1.0000000000000000
70213513_7050	798.0	58	69	1903848.0 0.9100343 0.08996569	1903849.0 0.9100349 0.08996512	1.0000000000000000
70213513_4800	766.0	60	70	330025.0 0.518991 0.481009	330028.0 0.5189863 0.48101375	1.0000000000000000
70213513_4800	766.0	61	71	349897.0 0.45369065 0.54630935	349898.0 0.45369795 0.5463021	1.0000000000000000
70213513_5500	748.0	67	72	361763.0 0.5283818 0.47161815	361766.0 0.5283802 0.47161978	1.0000000000000000
80031715_3500	969.0	19	73	369482.0 0.4611835 0.5388165	369473.0 0.46178204 0.53821796	1.0000000000000000
70213513_4200	686.0	68	74	666632.0 0.2983025 0.70169747	666627.0 0.29830325 0.70169675	1.0000000000000000
70213513_7050	798.0	64	75	882689.0 0.5299364 0.47006363	882692.0 0.5299357 0.4700643	1.0000000000000000
70213513_3500	679.0	70	76	602178.0 0.6890355 0.31096452	602178.0 0.6890355 0.31096452	1.0000000000000000
70213513_3500	679.0	71	77	350542.0 0.53418994 0.4658101	350546.0 0.5341838 0.46581617	1.0000000000000000
70213513_6500	749.0	70	78	666445.0 0.24501346 0.7549865	666446.0 0.2450161 0.7549839	0.9999999999999999
70213513_7050	798.0	68	79	648485.0 0.7758946 0.22410542	648485.0 0.7758946 0.22410542	1.0000000000000000
70213513_7050	798.0	69	80	277099.0 0.524466 0.47553402	277098.0 0.5244679 0.4755321	1.0000000000000000
70213513_6500	749.0	73	81	401245.0 0.32840285 0.6715972	401243.0 0.32840198 0.671598	1.0000000000000000
70213513_6500	749.0	74	82	771975.0 0.3490722 0.65092784	771973.0 0.3490718 0.6509282	1.0000000000000000
70213513_7050	798.0	71	83	974954.0 0.51540893 0.48459107	974957.0 0.5154063 0.4845937	1.0000000000000000
60000870_4200	825.0	40	84	671464.0 0.7077699 0.2922301	671471.0 0.7036164 0.29638362	1.0000000000000000
