ID	BITRATE	START_IDX	CAPTURE_START_IDX	KEY	CAPTURE_KEY	CORRELATION
70220028_5500	915.0	13	12	594396.7 0.8025617 0.32988238 0.3675559	594394.0 0.80256194 0.32988387 0.3675542	0.9999999999812572
70220028_7050	958.0	14	15	764170.7 0.40437824 0.44282645 0.65279526	764170.0 0.4043799 0.44282818 0.6527919	0.9999999999947206
70220028_7050	958.0	15	16	703742.7 0.48085046 0.7088486 0.31030092	703740.0 0.48085374 0.70884705 0.31029925	0.9999999999017816
70220028_7050	958.0	16	17	609155.3 0.81891596 0.35848328 0.3226008	609152.0 0.8189155 0.35848194 0.32260257	0.9999999999850127
70220028_7050	958.0	17	18	571238.0 0.3822785 0.34401423 0.7737073	571239.3 0.38227412 0.34401345 0.7737125	0.9999999999590768
70220028_7050	958.0	18	19	623104.0 0.31537914 0.70930535 0.4753155	623106.7 0.31537777 0.7093087 0.47531345	0.9999999999714927
70220028_7050	958.0	19	20	622866.7 0.7095756 0.47549662 0.31492776	622869.3 0.70957905 0.47549462 0.31492642	0.9999999999714425
70220028_7050	958.0	20	21	479191.34 0.61806417 0.40935212 0.47258365	479191.34 0.61806417 0.40935212 0.47258365	1.0000000000000000
70220028_7050	958.0	21	22	691423.3 0.28370175 0.3275244 0.8887739	691421.3 0.28370255 0.32752535 0.88877213	0.9999999999998836
70220028_6500	1001.0	24	23	651934.0 0.34736186 0.9426031 0.21003507	651935.3 0.3473627 0.9426027 0.21003464	0.9999999999984894
70220028_3500	1013.0	33	38	1112532.6 1.0166767 0.34410587 0.1392175	1112544.6 1.0166882 0.34409946 0.1392124	0.9999999999805553
70220028_20000	861.0	50	40	501389.34 0.30890962 0.39174744 0.7993429	501384.66 0.30890456 0.3917491 0.7993464	0.9999999999405188
70220028_5500	915.0	41	44	450306.66 0.47014183 0.28360006 0.74625814	450286.0 0.47009456 0.28361085 0.74629456	0.9999999857818483
70220028_3500	1013.0	54	61	521658.66 0.37633038 0.72757345 0.39609617	521660.0 0.37633517 0.7275716 0.39609325	0.9999999998171430
70220028_7050	958.0	62	65	822468.0 0.23898195 1.1257167 0.1353013	822468.7 0.23898296 1.1257159 0.1353012	0.9999999999993120
