ID	BITRATE	START_IDX	CAPTURE_START_IDX	KEY	CAPTURE_KEY	CORRELATION
70220028_10000	904.0	12	23	558851.2 0.85361004 0.35086802 0.39093593 0.35163745 0.55294865	558849.2 0.8536078 0.35086927 0.3909355 0.35163692 0.5529506	0.9999999999783169
70220028_10000	904.0	13	24	567573.6 0.34547588 0.38492805 0.3462335 0.54445094 0.8789115	567572.8 0.3454764 0.38492683 0.34623224 0.5444517 0.8789128	0.9999999999936077
70220028_10000	904.0	14	25	576488.8 0.37897527 0.3408791 0.53603125 0.8653195 0.37879485	576488.0 0.37897405 0.34087786 0.53603196 0.8653207 0.3787954	0.9999999999937594
70220028_10000	904.0	15	26	624456.8 0.31469432 0.49485567 0.79884946 0.34969753 0.54190296	624456.8 0.3146927 0.49485567 0.79884946 0.34969753 0.54190457	0.9999999999856963
70220028_10000	904.0	16	27	722641.2 0.42762023 0.6903108 0.30218455 0.46827528 0.6116092	722641.2 0.42762023 0.6903108 0.30218455 0.46827665 0.6116078	0.9999999999818631
70220028_10000	904.0	17	28	717503.6 0.6952536 0.3043483 0.47162828 0.61598855 0.41278118	717502.8 0.69525445 0.30434865 0.47163022 0.61598784 0.41277888	0.9999999999486975
70220028_10000	904.0	18	29	596428.0 0.36613137 0.5673694 0.741035 0.49657628 0.32888797	596427.2 0.36613187 0.56737185 0.74103427 0.4965736 0.32888842	0.9999999999367042
70220028_10000	904.0	19	30	599662.4 0.5643092 0.7370381 0.4938979 0.32711408 0.37764084	599661.6 0.56431156 0.7370373 0.4938952 0.3271145 0.37764132	0.9999999999345200
70220028_20000	861.0	33	34	514744.8 0.43994033 0.26601335 1.1938323 0.3951259 0.20508803	514742.4 0.4399424 0.26601073 1.193836 0.39512578 0.2050851	0.9999999999927347
70220028_15000	898.0	62	71	479248.4 0.40811196 0.8902815 0.4921665 0.23407067 0.47536933	479247.6 0.40811056 0.8902789 0.49216732 0.23406899 0.4753743	0.9999999999227268
70220028_15000	898.0	63	72	561763.2 0.7595122 0.41987443 0.19968912 0.40554455 0.7153797	561762.8 0.75950915 0.41987473 0.19968748 0.4055484 0.7153802	0.9999999999418868
70220028_15000	898.0	64	73	469624.4 0.50225246 0.23886748 0.4851111 0.8557349 0.41803408	469623.6 0.5022533 0.23886576 0.48511618 0.8557364 0.4180284	0.9999999998643166
70220028_15000	898.0	65	74	527094.4 0.21282336 0.4322186 0.7624327 0.37245512 0.7200703	527093.2 0.21282195 0.43222338 0.7624344 0.37245026 0.72007	0.9999999998959800
70220028_3500	1013.0	52	75	564862.0 0.40327194 0.71145517 0.34754685 0.6719252 0.36580086	564873.2 0.4033153 0.7114411 0.34753996 0.6719101 0.36579362	0.9999999922916362
