ID	BITRATE	START_IDX	CAPTURE_START_IDX	KEY	CAPTURE_KEY	CORRELATION
70298735_6500	478.0	3	8	494642.0 0.6032383 0.3967617	494623.0 0.60317856 0.3968214	1.0000000000000000
70084788_7050	951.0	16	15	760690.0 0.73820347 0.26179653	760678.0 0.742226 0.257774	1.0000000000000000
70220028_4200	933.0	16	16	342746.0 0.57208836 0.42791164	342747.0 0.57209253 0.42790747	1.0000000000000000
70220028_10000	904.0	16	19	807863.0 0.3825104 0.6174896	807863.0 0.3825104 0.6174896	1.0000000000000000
70220028_7050	958.0	16	20	717219.0 0.6955295 0.30447045	717217.0 0.6955315 0.3044685	1.0000000000000000
70220028_7050	958.0	17	21	414886.0 0.52634215 0.47365782	414880.0 0.52634495 0.47365505	1.0000000000000000
70298735_5500	468.0	36	22	638488.0 0.3069627 0.6930373	638484.0 0.3077759 0.6922241	1.0000000000000000
70220028_7050	958.0	19	23	738142.0 0.5987615 0.4012385	738146.0 0.59876233 0.4012377	1.0000000000000000
70220028_7050	958.0	22	26	840977.0 0.26927966 0.73072034	840975.0 0.26927912 0.7307209	1.0000000000000000
70220028_6500	1001.0	25	27	751444.0 0.8177788 0.18222116	751447.0 0.81777954 0.18222043	1.0000000000000000
70084788_3500	857.0	1	28	333095.0 0.40384874 0.59615123	333088.0 0.41108957 0.58891046	1.0000000000000000
70216224_2000	569.0	19	30	397491.0 0.50680393 0.49319607	397505.0 0.51166147 0.4883385	1.0000000000000000
70019012_4200	1254.0	62	31	303577.0 0.645622 0.35437796	303593.0 0.6393988 0.3606012	1.0000000000000000
70220028_20000	861.0	51	46	597200.0 0.3288982 0.6711018	597198.0 0.32889596 0.6711041	1.0000000000000000
80122759_6500	2111.0	21	48	407833.0 0.511707 0.488293	407839.0 0.5190234 0.48097655	1.0000000000000000
81056132_2000	522.0	7	49	323851.0 0.61426395 0.38573602	323866.0 0.6056857 0.39431432	1.0000000000000000
70220028_5500	915.0	42	50	463752.0 0.27537778 0.7246222	463749.0 0.27537525 0.72462475	1.0000000000000000
70220028_7050	958.0	43	51	1041705.0 0.32259324 0.6774067	1041728.0 0.32258326 0.67741674	1.0000000000000000
70220028_6500	1001.0	48	54	1014366.0 0.7461863 0.2538137	1014368.0 0.7461858 0.2538142	1.0000000000000000
70220028_7050	958.0	48	59	1360113.0 0.109651916 0.8903481	1360116.0 0.10965168 0.8903483	1.0000000000000000
70220028_7050	958.0	53	63	538841.0 0.7918199 0.20818014	538840.0 0.7918213 0.20817868	1.0000000000000000
80198592_800	390.0	3	67	431459.0 0.5412009 0.4587991	431455.0 0.5466827 0.45331725	1.0000000000000000
70220028_6500	1001.0	61	70	575861.0 0.6590896 0.3409104	575864.0 0.6590896 0.34091035	1.0000000000000000
70220028_3500	1013.0	58	74	1122421.0 0.8248821 0.1751179	1122420.0 0.82488465 0.17511538	1.0000000000000000
70220028_15000	898.0	71	75	403182.0 0.48751184 0.5124882	403180.0 0.4875068 0.5124932	1.0000000000000000
