ID	BITRATE	START_IDX	CAPTURE_START_IDX	KEY	CAPTURE_KEY	CORRELATION
70243464_4800	1448.0	0	0	290740.0 0.50321937 0.49678063	290736.0 0.50321597 0.49678403	1.0000000000000000
70243464_4800	1448.0	1	1	309065.0 0.46732566 0.5326744	309062.0 0.46732694 0.53267306	0.9999999999999999
70243464_4800	1448.0	2	2	361185.0 0.45580795 0.544192	361184.0 0.4558037 0.5441963	1.0000000000000000
80232502_1200	452.0	10	3	304933.0 0.6516546 0.34834537	304921.0 0.6446096 0.3553904	1.0000000000000000
80192445_2000	767.0	53	4	242895.0 0.44488358 0.5551164	242891.0 0.44615075 0.5538493	1.0000000000000000
80991158_20000	1531.0	3	6	436697.0 0.54485834 0.45514166	436698.0 0.55094594 0.44905403	0.9999999999999999
70243464_5500	1753.0	10	11	1251297.0 0.54209834 0.4579017	1251298.0 0.54209787 0.4579021	1.0000000000000000
70243464_5500	1753.0	11	12	769034.0 0.7450529 0.25494713	769034.0 0.7450542 0.2549458	1.0000000000000000
70243464_5500	1753.0	12	13	648027.0 0.30255374 0.6974462	648026.0 0.30255267 0.6974473	0.9999999999999999
70243464_5500	1753.0	13	14	1042333.0 0.43360806 0.56639194	1042333.0 0.43360806 0.56639194	1.0000000000000000
70243464_5500	1753.0	14	15	1046507.0 0.56413287 0.43586713	1046507.0 0.56413287 0.43586713	1.0000000000000000
70243464_10000	3222.0	19	19	927257.0 0.46100056 0.53899944	927258.0 0.46100116 0.53899884	1.0000000000000000
70243464_10000	3222.0	20	20	1332485.0 0.3750819 0.6249181	1332484.0 0.37508217 0.6249178	1.0000000000000000
70243464_10000	3222.0	21	21	1588337.0 0.5242552 0.47574475	1588337.0 0.5242546 0.47574538	1.0000000000000000
70243464_10000	3222.0	23	24	2009497.0 0.4645222 0.53547776	2009491.0 0.4645226 0.5354774	1.0000000000000000
70243464_10000	3222.0	24	25	2029751.0 0.5301345 0.4698655	2029747.0 0.53013355 0.46986645	1.0000000000000000
80210932_3500	1412.0	25	27	1494526.0 0.13305624 0.8669438	1494546.0 0.13133888 0.8686611	1.0000000000000000
70243464_6500	1857.0	32	31	1189841.0 0.16510189 0.8348981	1189840.0 0.16510287 0.8348971	1.0000000000000000
70243464_6500	1857.0	33	32	2173416.0 0.45706666 0.54293334	2173414.0 0.45706618 0.5429338	1.0000000000000000
70243464_7050	2182.0	34	34	2801789.0 0.5162691 0.48373094	2801787.0 0.51626873 0.48373127	1.0000000000000000
70243464_7050	2182.0	37	36	2193046.0 0.58769447 0.41230553	2193048.0 0.5876939 0.41230607	1.0000000000000000
70243464_10000	3222.0	44	42	4468382.0 0.482572 0.517428	4468382.0 0.482572 0.517428	1.0000000000000000
70243464_10000	3222.0	49	47	3958754.0 0.64321196 0.356788	3958753.0 0.64321214 0.35678786	1.0000000000000000
