ID	BITRATE	START_IDX	CAPTURE_START_IDX	KEY	CAPTURE_KEY	CORRELATION
70216224_1200	358.0	45	0	372837.0 0.47258186 0.52741814	372827.0 0.4737613 0.52623874	1.0000000000000000
70251894_7050	938.0	51	1	338659.0 0.5867259 0.4132741	338655.0 0.57933885 0.42066115	1.0000000000000000
70243464_3500	856.0	0	4	305642.0 0.5213256 0.47867438	305643.0 0.5213239 0.4786761	1.0000000000000000
70243464_4200	1272.0	8	7	694718.0 0.53310263 0.46689737	694720.0 0.5331026 0.46689746	1.0000000000000000
70243464_2000	585.0	5	8	578821.0 0.5603857 0.43961433	578819.0 0.5603876 0.4396124	1.0000000000000000
80097391_10000	528.0	28	9	450517.0 0.56335497 0.436645	450520.0 0.5648051 0.43519488	1.0000000000000000
80202920_10000	2833.0	1	19	477710.0 0.41550732 0.5844927	477698.0 0.4112075 0.5887925	0.9999999999999999
80122759_2000	630.0	40	22	470247.0 0.5761419 0.4238581	470266.0 0.5825937 0.41740632	1.0000000000000000
70243464_4200	1272.0	32	32	1076971.0 0.52284324 0.47715676	1076969.0 0.5228442 0.4771558	1.0000000000000000
60000870_10000	2284.0	51	33	709996.0 0.7240379 0.2759621	709997.0 0.7237805 0.2762195	0.9999999999999999
70305893_6500	1397.0	55	67	612289.0 0.67887384 0.32112613	612306.0 0.6789628 0.3210372	1.0000000000000000
80991158_4200	1213.0	77	68	785889.0 0.25282705 0.74717295	785878.0 0.2501317 0.7498683	1.0000000000000000
60026145_800	450.0	28	71	451822.0 0.43372834 0.56627166	451826.0 0.43373334 0.56626666	1.0000000000000000
70243464_4200	1272.0	65	74	879159.0 0.6184695 0.38153052	879159.0 0.6184695 0.38153052	1.0000000000000000
80202920_4200	1276.0	1	75	532160.0 0.6269355 0.3730645	532148.0 0.63032466 0.36967537	1.0000000000000000
