ID	BITRATE	START_IDX	CAPTURE_START_IDX	KEY	CAPTURE_KEY	CORRELATION
70251894_4800	916.0	7	7	442288.4 0.4838698 0.77154183 0.44884062 0.30698746 0.48876026	442286.4 0.483872 0.771543 0.4488336 0.30698887 0.48876247	0.9999999997318109
70251894_4800	916.0	8	8	486609.2 0.70126915 0.40795982 0.27902678 0.44424355 0.66750073	486607.6 0.7012694 0.40795293 0.2790277 0.444245 0.667505	0.9999999997718901
70251894_4800	916.0	9	9	429587.6 0.46211064 0.31606358 0.50321054 0.7561019 0.46251336	429586.4 0.46210262 0.31606448 0.5032119 0.7561063 0.46251464	0.9999999996403802
70251894_4800	916.0	10	10	464070.8 0.2925782 0.465819 0.69991904 0.42814586 0.61353785	464071.6 0.2925777 0.46581823 0.69992 0.42814514 0.613539	0.9999999999945779
70251894_4800	916.0	11	11	520306.4 0.4154725 0.6242706 0.38187113 0.54722565 0.5311601	520306.8 0.41547218 0.62427205 0.38187084 0.54722714 0.53115773	0.9999999998929101
70251894_4800	916.0	12	12	610330.0 0.5321908 0.3255452 0.4665099 0.45281404 0.72294	610329.6 0.53219277 0.3255454 0.46651185 0.4528127 0.7229372	0.9999999999220704
70251894_4800	916.0	13	13	640408.0 0.31025535 0.4445994 0.43154678 0.68898576 0.62461275	640406.8 0.31025591 0.44460177 0.431546 0.6889839 0.62461233	0.9999999999656394
70251894_4800	916.0	14	14	827416.0 0.34411347 0.33401096 0.533265 0.48344123 0.80516934	827416.0 0.3441147 0.33400974 0.5332626 0.48344 0.805173	0.9999999999463026
70251894_5500	958.0	17	15	793130.0 0.34844604 0.55631614 0.5043385 0.83997834 0.25092104	793131.2 0.34844804 0.556314 0.5043377 0.83997834 0.2509219	0.9999999999810978
70251894_6500	933.0	18	16	998556.8 0.4418687 0.40058312 0.6671749 0.19929762 0.79107565	998559.2 0.44186664 0.40058318 0.6671743 0.19930115 0.7910748	0.9999999999769488
70251894_6500	933.0	19	17	1100197.6 0.36357558 0.6055385 0.18088569 0.71799284 0.63200736	1100200.4 0.36357558 0.6055379 0.18088886 0.71799195 0.6320058	0.9999999999933544
70251894_6500	933.0	20	18	1264906.0 0.52668893 0.15733185 0.62450016 0.5497112 0.64176786	1264908.4 0.52668875 0.15733472 0.6244998 0.54971015 0.64176667	0.9999999999974403
70251894_6500	933.0	21	19	1078005.2 0.18460949 0.7327738 0.6450182 0.7530353 0.18456312	1078007.6 0.1846128 0.7327731 0.6450168 0.75303364 0.18456364	0.9999999999930572
70251894_6500	933.0	31	28	1477182.4 0.5449537 0.49642143 0.45112643 0.6321061 0.37539238	1477182.0 0.5449538 0.49641952 0.4511272 0.63210696 0.37539247	0.9999999999352801
70251894_4200	938.0	32	30	1249720.8 0.53323513 0.7471557 0.44371673 0.33448192 0.4414106	1249722.8 0.53323585 0.7471553 0.44371682 0.334483 0.4414091	0.9999999999800380
70251894_4200	938.0	33	31	1152497.6 0.8101848 0.48114806 0.36269838 0.4786474 0.36732137	1152498.8 0.81018484 0.48114845 0.36269975 0.47864607 0.367321	0.9999999999853657
70251894_7050	938.0	40	37	1677022.0 0.365672 0.6479015 0.50340784 0.4523268 0.5306919	1677022.4 0.36567312 0.6479007 0.5034077 0.45232671 0.5306918	0.9999999999967931
70251894_7050	938.0	41	38	1511418.4 0.71889096 0.5585654 0.5018875 0.58883893 0.13181724	1511417.6 0.71889067 0.5585657 0.50188774 0.58883923 0.13181664	0.9999999999987801
70251894_7050	938.0	42	39	1287262.8 0.6558304 0.58928293 0.69137555 0.15477104 0.40874016	1287263.6 0.6558299 0.5892826 0.6913751 0.15477017 0.40874222	0.9999999999859047
70251894_7050	938.0	43	40	1064214.8 0.71279037 0.83628047 0.1872094 0.49440774 0.26931217	1064216.4 0.71278924 0.83627915 0.18720818 0.4944098 0.26931366	0.9999999999847180
70251894_7050	938.0	44	41	848358.8 1.0490632 0.23484285 0.62020457 0.33783582 0.25805354	848361.2 1.0490602 0.23484102 0.62020636 0.33783725 0.25805518	0.9999999999841763
70251894_7050	938.0	45	42	568822.8 0.35025144 0.924991 0.50385815 0.38486853 0.33603084	568824.4 0.3502487 0.92499375 0.50386024 0.38487098 0.3360264	0.9999999999417145
70251894_7050	938.0	52	49	659368.8 0.2122621 0.5733953 0.58662766 0.30136093 0.8263539	659367.6 0.21226399 0.57339483 0.5866257 0.30135995 0.8263554	0.9999999999774724
70251894_7050	938.0	53	50	839195.6 0.45052546 0.46092233 0.23678389 0.6492789 0.7024894	839194.8 0.45052472 0.4609204 0.23678292 0.64927953 0.7024924	0.9999999999762813
70251894_4800	916.0	65	61	1366696.4 0.4409187 0.49625874 0.53985363 0.51692903 0.50604	1366695.6 0.44091895 0.49625972 0.53985244 0.51692927 0.5060395	0.9999999998160658
70251894_4800	916.0	66	62	1342689.6 0.5051316 0.549506 0.5261715 0.5150878 0.40410307	1342688.4 0.50513285 0.549505 0.526172 0.5150875 0.4041027	0.9999999998857120
