ID	BITRATE	START_IDX	CAPTURE_START_IDX	KEY	CAPTURE_KEY	CORRELATION
80091879_7050	1337.0	41	10	1367726.6 0.14396152 0.62572885 0.73030967	1367728.6 0.14506167 0.6345601 0.7203783	0.9995710185261848
70251894_15000	1013.0	10	15	1093404.6 0.4886983 0.829745 0.18155676	1093407.4 0.488698 0.8297447 0.18155722	0.9999999999997025
70251894_15000	1013.0	11	16	954620.7 0.9503743 0.20795171 0.34167394	954623.3 0.9503738 0.20795219 0.34167403	0.9999999999999665
70251894_15000	1013.0	12	17	762998.0 0.2601776 0.42748344 0.81233895	762998.0 0.26017892 0.42748475 0.8123363	0.9999999999971941
70251894_6500	933.0	24	30	1249434.6 0.64971465 0.15924002 0.69104534	1249435.4 0.6497159 0.15923913 0.6910449	0.9999999999957452
70251894_4200	938.0	23	31	990592.7 0.20084946 0.87161654 0.42753395	990592.0 0.20084858 0.8716162 0.42753527	0.9999999999943617
70251894_5500	958.0	35	40	780629.3 0.7103551 0.5354731 0.25417185	780631.3 0.710352 0.53547686 0.2541712	0.9999999998919118
70251894_5500	958.0	36	41	778706.7 0.5367952 0.2547994 0.7084054	778708.7 0.53679895 0.25479874 0.7084023	0.9999999998902450
70251894_5500	958.0	37	42	782260.7 0.25364178 0.7051869 0.54117125	782260.0 0.25364202 0.70518625 0.5411717	0.9999999999979376
70251894_7050	938.0	37	43	782415.3 0.7050488 0.5410643 0.2538869	782412.7 0.7050486 0.5410661 0.2538852	0.9999999999796246
70251894_15000	1013.0	40	45	674077.3 0.29469022 0.29555956 0.9097502	674074.7 0.2946899 0.2955548 0.9097553	0.9999999999802732
70251894_15000	1013.0	41	46	1266010.0 0.15736842 0.48438954 0.85824203	1266008.6 0.15736544 0.48439085 0.85824376	0.9999999999939949
70251894_7050	938.0	40	47	1696007.4 0.3615786 0.6406487 0.4977726	1696006.6 0.36158055 0.6406484 0.49777105	0.9999999999512554
70251894_7050	938.0	41	48	1792888.6 0.6060304 0.47087476 0.42309487	1792886.6 0.6060305 0.47087362 0.4230959	0.9999999999352684
70251894_4800	916.0	51	58	642392.0 0.30932516 0.58854717 0.6021277	642392.0 0.30932358 0.58854717 0.6021292	0.9999999999904499
70251894_6500	933.0	55	59	873168.0 0.4329957 0.4429869 0.62401736	873168.0 0.4329957 0.44298807 0.6240162	0.9999999999834758
70251894_4800	916.0	66	70	1415024.0 0.4793099 0.5214159 0.49927422	1415023.4 0.47931153 0.521414 0.49927443	0.9999999999742314
70251894_20000	993.0	74	71	1095266.0 0.6736409 0.645036 0.18132308	1095264.0 0.6736394 0.6450363 0.18132432	0.9999999999954902
70251894_6500	933.0	70	74	1179668.0 0.5862692 0.4599472 0.4537836	1179666.6 0.586269 0.4599469 0.45378414	0.9999999999847170
70251894_7050	938.0	75	79	1436352.6 0.3479257 0.5688631 0.58321124	1436354.0 0.34792536 0.5688633 0.58321136	0.9999999999999862
70251894_5500	958.0	73	80	1698145.4 0.4811661 0.4933017 0.5255321	1698142.6 0.4811663 0.4933025 0.52553123	0.9999999997537082
70251894_10000	979.0	81	81	1798822.6 0.46569127 0.4961173 0.5381915	1798824.0 0.46569204 0.4961169 0.5381911	0.9999999999480916
70251894_7050	938.0	79	82	1623746.6 0.5496116 0.5962205 0.35416794	1623742.6 0.5496111 0.5962219 0.35416695	0.9999999999800283
