ID	BITRATE	START_IDX	CAPTURE_START_IDX	KEY	CAPTURE_KEY	CORRELATION
70251894_4800	916.0	7	7	686248.2 1.4422027 1.2271683	686246.2 1.442204 1.2271719	0.9999999998583011
70251894_4800	916.0	8	8	718648.4 1.7284517 1.1127765	718646.6 1.7284545 1.1127737	0.9999999998816510
70251894_4800	916.0	9	9	808682.8 1.812707 0.9592129	808682.2 1.8127072 0.9592112	0.9999999999414755
70251894_4800	916.0	10	10	882078.0 1.1050146 1.021344	882079.6 1.1050148 1.021342	0.9999999999307970
70251894_4800	916.0	11	11	927218.2 1.8235611 1.3668714	927219.8 1.8235589 1.3668722	0.9999999999593240
70251894_4800	916.0	12	12	1150197.0 1.7064216 0.72938114	1150198.4 1.7064222 0.729382	0.9999999999637673
70251894_4800	916.0	13	13	1280238.4 1.2893755 1.1518683	1280239.8 1.2893757 1.1518679	0.9999999999713775
70251894_7050	938.0	40	37	1375398.2 1.5189055 1.6454383	1375399.4 1.5189065 1.6454377	0.9999999999875719
70251894_4800	916.0	41	40	826123.2 1.9650568 1.6556066	826123.4 1.9559076 1.6647513	0.9999140391519002
