ID	BITRATE	START_IDX	CAPTURE_START_IDX	KEY	CAPTURE_KEY	CORRELATION
70251894_15000	1013.0	10	9	1093404.6 0.4886983 0.829745 0.18155676	1093406.0 0.48869678 0.8297449 0.18155836	0.9999999999915458
70251894_15000	1013.0	11	10	954620.7 0.9503743 0.20795171 0.34167394	954623.3 0.95037276 0.20795323 0.34167403	0.9999999999993090
70251894_6500	933.0	22	20	1531362.0 0.51583755 0.4540618 0.53010064	1531365.4 0.5158377 0.45406145 0.5301008	0.9999999999986456
70251894_6500	933.0	23	21	1137379.4 0.6113466 0.7137249 0.17492844	1137382.0 0.61134607 0.71372503 0.17492892	0.9999999999990848
70251894_5500	958.0	26	23	610229.3 0.32604137 0.69402105 0.4799376	610229.3 0.326043 0.6940227 0.47993433	0.9999999998831026
70251894_7050	938.0	26	24	662183.3 0.63957363 0.44228086 0.41814554	662182.0 0.6395719 0.44228023 0.4181479	0.9999999999401099
70251894_7050	938.0	27	25	916504.0 0.31955233 0.30211434 0.87833333	916503.3 0.3195515 0.30211565 0.8783329	0.9999999999946317
70251894_5500	958.0	29	26	1210124.6 0.22881031 0.66521496 0.6059748	1210126.0 0.22881089 0.66521585 0.60597324	0.9999999999858419
70251894_7050	938.0	32	30	1436438.0 0.46392396 0.6500364 0.38603964	1436438.0 0.46392396 0.6500364 0.38603964	1.0000000000000000
70251894_7050	938.0	33	31	1124448.6 0.83039546 0.49315014 0.17645448	1124448.6 0.83039546 0.49315014 0.17645448	1.0000000000000000
70251894_7050	938.0	34	32	780630.7 0.7103513 0.2541714 0.5354773	780631.3 0.7103507 0.2541712 0.5354781	0.9999999999949286
70251894_7050	938.0	35	33	778710.0 0.25479832 0.53679806 0.70840365	778710.0 0.25479832 0.5367993 0.70840234	0.9999999999864869
70251894_15000	1013.0	38	34	778863.3 0.53669363 0.7082629 0.25504348	778864.0 0.53669316 0.70826226 0.25504452	0.9999999999992625
70251894_3500	888.0	35	37	1415415.4 0.2990917 0.4332594 0.7676489	1415416.0 0.29908946 0.4332599 0.76765066	0.9999999999929871
70251894_7050	938.0	40	38	1696007.4 0.3615786 0.6406487 0.4977726	1696009.4 0.36157995 0.640648 0.497772	0.9999999999929822
70251894_7050	938.0	41	39	1792888.6 0.6060304 0.47087476 0.42309487	1792888.0 0.6060306 0.47087494 0.42309448	0.9999999999970784
70251894_7050	938.0	42	40	1661846.6 0.5080048 0.4564573 0.535538	1661846.6 0.5080048 0.4564567 0.5355386	0.9999999999966498
70251894_7050	938.0	43	41	1231850.0 0.6157909 0.72247595 0.16173317	1231848.6 0.6157908 0.72247756 0.16173172	0.9999999999977566
70251894_7050	938.0	44	42	1076912.6 0.8264199 0.18500201 0.48857817	1076912.0 0.82642126 0.18500026 0.48857847	0.9999999999995307
70251894_7050	938.0	45	43	674662.0 0.2953049 0.7798809 0.4248142	674664.0 0.29530108 0.77987856 0.42482036	0.9999999997731998
70251894_7050	938.0	46	44	687789.3 0.7649959 0.4167061 0.31829804	687790.7 0.7649944 0.41671252 0.31829306	0.9999999996880584
70251894_6500	933.0	48	45	469488.66 0.6104727 0.46630308 0.42322427	469486.66 0.6104774 0.4662944 0.4232282	0.9999999974202999
70251894_6500	933.0	49	46	379480.0 0.57690525 0.5236086 0.39948612	379478.0 0.5768951 0.523614 0.3994909	0.9999999976630980
70251894_7050	938.0	52	49	603228.0 0.23201676 0.6267597 0.64122355	603227.3 0.23201868 0.6267571 0.64122427	0.9999999999726725
70251894_10000	979.0	79	71	1235657.4 0.66125935 0.16080509 0.6779355	1235658.0 0.661259 0.16080339 0.67793757	0.9999999999921145
70251894_10000	979.0	80	72	1285882.0 0.15452428 0.65145636 0.6940194	1285882.0 0.15452273 0.6514587 0.6940186	0.9999999999849246
70251894_10000	979.0	81	73	1798822.6 0.46569127 0.4961173 0.5381915	1798823.4 0.46569276 0.49611652 0.5381907	0.9999999997923604
