ID	BITRATE	START_IDX	CAPTURE_START_IDX	KEY	CAPTURE_KEY	CORRELATION
70019012_1200	388.0	55	4	404697.0 0.4015177 0.5984823	404683.0 0.3917239 0.6082761	1.0000000000000000
80023001_3500	1030.0	42	7	1162344.0 0.81991476 0.18008524	1162323.0 0.8156287 0.1843713	1.0000000000000000
80232502_600	395.0	0	10	714625.0 0.72163165 0.27836838	714640.0 0.7215591 0.2784409	1.0000000000000000
70220028_7050	958.0	51	11	449743.0 0.437143 0.56285703	449737.0 0.44244748 0.5575525	1.0000000000000000
81110498_7050	2986.0	4	18	397375.0 0.499883 0.500117	397400.0 0.49966282 0.5003372	1.0000000000000000
80081155_3500	980.0	14	32	444163.0 0.44077063 0.5592294	444148.0 0.44738916 0.5526108	1.0000000000000000
70208599_10000	866.0	19	34	991109.0 0.62554574 0.37445426	991091.0 0.62702817 0.3729718	1.0000000000000000
80018689_7050	1373.0	44	41	900338.0 0.2208093 0.7791907	900360.0 0.22100604 0.77899396	1.0000000000000000
60000870_4200	825.0	43	57	579473.0 0.34106508 0.65893495	579494.0 0.34390175 0.65609825	1.0000000000000000
60004481_6500	881.0	13	60	407163.0 0.51170415 0.48829585	407174.0 0.5120047 0.4879953	1.0000000000000000
70039177_5500	759.0	23	73	536513.0 0.6345345 0.36546552	536532.0 0.6293436 0.37065637	1.0000000000000000
