ID	BITRATE	START_IDX	CAPTURE_START_IDX	KEY	CAPTURE_KEY	CORRELATION
60004481_20000	859.0	10	2	315284.0 0.6318272 0.36817282	315298.0 0.6225349 0.37746513	1.0000000000000000
80031611_800	387.0	5	4	303029.0 0.3492471 0.6507529	303045.0 0.35187185 0.64812815	1.0000000000000000
80232502_3500	821.0	13	5	367449.0 0.54236645 0.45763358	367470.0 0.53449804 0.46550193	1.0000000000000000
80168188_3500	1349.0	1	9	565975.0 0.65415436 0.34584567	565972.0 0.65411717 0.34588283	1.0000000000000000
80031611_4800	1366.0	87	11	1388014.0 0.43495238 0.5650476	1388030.0 0.43808922 0.56191075	1.0000000000000000
70297757_20000	703.0	24	12	1523936.0 0.5117984 0.48820162	1523939.0 0.511798 0.48820195	1.0000000000000000
70297757_7050	806.0	13	14	1013140.0 0.19358826 0.80641174	1013136.0 0.19358703 0.80641294	1.0000000000000000
70297757_7050	806.0	14	15	1012932.0 0.8065773 0.19342266	1012931.0 0.8065762 0.19342384	1.0000000000000000
70297757_7050	806.0	15	16	899235.0 0.21787854 0.7821215	899234.0 0.21787989 0.7821201	1.0000000000000000
70297757_7050	806.0	18	19	996356.0 0.6195135 0.3804865	996353.0 0.6195134 0.38048664	1.0000000000000000
70220028_6500	1001.0	61	20	575861.0 0.6590896 0.3409104	575865.0 0.65831226 0.3416877	1.0000000000000000
70297757_7050	806.0	20	22	656977.0 0.5333033 0.4666967	656979.0 0.53330165 0.46669832	1.0000000000000000
70297757_7050	806.0	21	23	471463.0 0.65033525 0.34966478	471465.0 0.65033674 0.3496633	1.0000000000000000
70297757_7050	806.0	22	24	314305.0 0.5245033 0.47549674	314303.0 0.5245066 0.4754934	1.0000000000000000
70216224_15000	1432.0	0	25	347755.0 0.43506205 0.56493795	347732.0 0.42978212 0.57021785	1.0000000000000000
80198592_7050	1819.0	6	26	421661.0 0.4708925 0.5291075	421649.0 0.47025606 0.5297439	1.0000000000000000
70297757_7050	806.0	26	27	483692.0 0.46178973 0.5382103	483696.0 0.46179006 0.53821	1.0000000000000000
70297757_6500	770.0	26	29	517581.0 0.5046785 0.4953215	517579.0 0.5046785 0.49532148	1.0000000000000000
70297757_7050	806.0	31	32	542915.0 0.57918644 0.42081356	542914.0 0.57918566 0.42081434	1.0000000000000000
70297757_7050	806.0	32	33	423936.0 0.53891623 0.46108374	423938.0 0.5389137 0.4610863	1.0000000000000000
70297757_7050	806.0	33	34	421797.0 0.46342197 0.536578	421800.0 0.46342343 0.53657657	0.9999999999999999
70297757_7050	806.0	34	35	422406.0 0.5358044 0.46419558	422407.0 0.5358055 0.46419448	0.9999999999999999
70297757_7050	806.0	35	36	436648.0 0.44905508 0.5509449	436650.0 0.44905302 0.550947	1.0000000000000000
70297757_7050	806.0	36	37	595088.0 0.40425786 0.59574217	595090.0 0.40425986 0.59574014	1.0000000000000000
70297757_7050	806.0	37	38	709330.0 0.4997942 0.5002058	709332.0 0.49979275 0.50020725	1.0000000000000000
70297757_6500	770.0	36	39	629864.0 0.5633153 0.43668476	629867.0 0.56331414 0.43668583	1.0000000000000000
80093106_4800	1493.0	6	40	471239.0 0.57763046 0.42236954	471243.0 0.58367765 0.41632235	1.0000000000000000
70297757_7050	806.0	41	43	596901.0 0.53846955 0.46153048	596895.0 0.53846824 0.46153176	1.0000000000000000
81056132_7050	504.0	24	44	576662.0 0.48276114 0.51723886	576639.0 0.4777443 0.5222557	1.0000000000000000
70297757_7050	806.0	46	46	693918.0 0.42798716 0.57201284	693917.0 0.42798635 0.5720137	1.0000000000000000
70297757_7050	806.0	49	48	519940.0 0.37696466 0.6230354	519942.0 0.37696514 0.6230349	1.0000000000000000
80009431_4200	1154.0	30	50	503496.0 0.6100068 0.38999316	503494.0 0.61034095 0.38965908	1.0000000000000000
60004481_15000	846.0	52	51	596628.0 0.3326193 0.6673807	596619.0 0.328838 0.671162	1.0000000000000000
70297757_6500	770.0	49	52	960652.0 0.41682836 0.58317167	960649.0 0.41683072 0.5831693	1.0000000000000000
70297757_10000	764.0	56	53	1174387.0 0.47703525 0.5229648	1174384.0 0.4770339 0.5229661	1.0000000000000000
70297757_5500	738.0	55	57	1484747.0 0.50217915 0.49782085	1484748.0 0.50217885 0.49782118	1.0000000000000000
70297757_6500	770.0	54	58	1385224.0 0.53358805 0.46641192	1385227.0 0.5335869 0.46641308	1.0000000000000000
70297757_4800	766.0	58	60	711260.0 0.5380873 0.46191266	711258.0 0.53808886 0.46191114	1.0000000000000000
70297757_15000	727.0	72	61	524760.0 0.6260729 0.37392712	524759.0 0.6260741 0.37392592	1.0000000000000000
70297757_7050	806.0	61	62	606617.0 0.3234677 0.6765323	606618.0 0.32346717 0.67653286	1.0000000000000000
70297757_7050	806.0	62	63	749297.0 0.54770803 0.45229194	749298.0 0.54770863 0.45229134	1.0000000000000000
70297757_6500	770.0	61	66	1253336.0 0.4982391 0.5017609	1253337.0 0.4982387 0.5017613	1.0000000000000000
70297757_6500	770.0	62	67	982995.0 0.639754 0.36024597	982998.0 0.6397531 0.36024693	1.0000000000000000
70297757_20000	703.0	87	71	531961.0 0.63156885 0.36843115	531963.0 0.6315721 0.36842787	1.0000000000000000
80081155_1200	381.0	31	72	508408.0 0.38655174 0.61344826	508425.0 0.38548458 0.6145154	0.9999999999999999
70297757_7050	806.0	71	74	821871.0 0.5261763 0.47382376	821872.0 0.5261756 0.47382438	0.9999999999999999
70297757_10000	764.0	77	75	742783.0 0.524277 0.47572306	742784.0 0.5242749 0.4757251	1.0000000000000000
80121387_4800	1522.0	2	76	549491.0 0.6383944 0.36160555	549505.0 0.6430533 0.3569467	1.0000000000000000
80184100_5500	1246.0	29	77	561728.0 0.349906 0.650094	561747.0 0.34916785 0.6508321	1.0000000000000000
80192815_3500	948.0	67	79	720372.0 0.4584798 0.54152024	720393.0 0.45611492 0.54388505	1.0000000000000000
70297757_4800	766.0	77	80	873505.0 0.44854924 0.5514508	873507.0 0.44854936 0.55145067	1.0000000000000000
