ID	BITRATE	START_IDX	CAPTURE_START_IDX	KEY	CAPTURE_KEY	CORRELATION
80000643_6500	3521.0	3	12	757368.7 0.25905216 0.98197484 0.25897294	757349.3 0.25867456 0.9823565 0.258969	0.9999998999461069
70297757_10000	764.0	17	17	1502383.4 0.5438079 0.4880632 0.46812886	1502382.6 0.5438062 0.48806342 0.4681304	0.9999999999791689
70297757_10000	764.0	18	18	1425677.4 0.5143225 0.49331567 0.49236175	1425679.4 0.5143218 0.49331638 0.49236175	0.9999999995465495
70297757_20000	703.0	29	19	1348342.6 0.5216115 0.5205999 0.45778868	1348343.4 0.5216112 0.5206018 0.45778695	0.9999999995197445
70297757_20000	703.0	30	20	1132202.6 0.61998355 0.5451816 0.33483493	1132203.4 0.61998576 0.5451794 0.33483472	0.9999999999018192
70297757_7050	806.0	18	21	897816.0 0.68750834 0.42224687 0.39024478	897814.0 0.6875076 0.42224893 0.3902434	0.9999999999420108
70297757_4200	716.0	15	22	742089.3 0.51085496 0.47213453 0.51701057	742091.3 0.5108549 0.47213328 0.5170118	0.9999999997709521
70297757_4200	716.0	16	23	693764.0 0.50502187 0.5530238 0.4419543	693764.7 0.5050214 0.55302614 0.44195244	0.9999999999451175
70297757_4200	716.0	17	24	570089.3 0.6729963 0.53783154 0.28917223	570090.7 0.6729982 0.53782845 0.2891733	0.9999999999078302
70297757_7050	806.0	21	25	413942.66 0.74070406 0.39825323 0.36104277	413943.34 0.74070764 0.398255 0.36103734	0.9999999998757375
70297757_7050	806.0	22	26	341725.34 0.48241666 0.43734246 0.58024085	341723.34 0.4824224 0.43733916 0.5802384	0.9999999976976501
70297757_6500	770.0	21	27	380731.34 0.39253664 0.5207898 0.5866735	380730.66 0.39253208 0.52079076 0.5866772	0.9999999999999625
70297757_20000	703.0	38	28	411700.66 0.4816169 0.5425423 0.47584087	411701.34 0.4816137 0.54254377 0.4758425	0.9999999976546798
70297757_20000	703.0	39	29	453066.0 0.49300763 0.43239617 0.57459617	453065.34 0.49301055 0.432399 0.5745904	0.9999999995397487
70297757_20000	703.0	40	30	478298.0 0.40958565 0.5442841 0.54613024	478296.66 0.4095889 0.54427934 0.5461318	0.9999999991797819
70297757_6500	770.0	25	31	518607.34 0.501979 0.5036797 0.49434125	518606.66 0.50197387 0.5036823 0.49434382	0.9999996465879725
70297757_6500	770.0	26	32	554688.0 0.470917 0.46218595 0.5668971	554689.3 0.47091767 0.46218666 0.5668957	0.9999999999990939
70297757_6500	770.0	27	33	532857.3 0.4811213 0.59012234 0.42875645	532857.3 0.48112318 0.59012234 0.42875457	0.9999999997664460
70297757_6500	770.0	31	37	441579.34 0.4426611 0.51254207 0.54479676	441580.66 0.4426666 0.5125406 0.5447929	0.9999999999792132
70297757_6500	770.0	32	38	441986.0 0.51207054 0.54429555 0.44363397	441986.0 0.51207054 0.5442933 0.44363624	0.9999999999599423
70297757_4200	716.0	39	45	602304.7 0.45738643 0.5000011 0.54261243	602308.7 0.45738506 0.50000274 0.54261214	0.9999999994307714
70297757_4200	716.0	40	46	549734.0 0.54781586 0.5945021 0.35768208	549737.3 0.547818 0.59450215 0.35767993	0.9999999999392943
70297757_4800	766.0	47	47	613579.3 0.5279546 0.31944036 0.6526051	613586.0 0.53263927 0.32046038 0.64690036	0.9996311902063416
70297757_15000	727.0	56	49	678570.7 0.58494717 0.43766552 0.47738725	678571.3 0.5849481 0.43766513 0.47738683	0.9999999999957652
70297757_15000	727.0	57	50	544619.3 0.54531115 0.5948026 0.35988626	544618.7 0.5453118 0.59480333 0.35988483	0.9999999999985371
70297757_4800	766.0	47	51	613579.3 0.5279546 0.31944036 0.6526051	613578.0 0.52795404 0.3194378 0.65260816	0.9999999999882171
70297757_4800	766.0	48	52	602486.7 0.3253217 0.6646205 0.51005775	602486.0 0.32531875 0.6646229 0.51005834	0.9999999999978672
70297757_4800	766.0	49	53	845300.7 0.47370717 0.36354282 0.66274995	845302.0 0.47370762 0.36354226 0.6627501	0.9999999999960261
70297757_5500	738.0	51	54	709145.3 0.43334278 0.79000026 0.276657	709145.3 0.43334278 0.7899989 0.2766584	0.9999999999993083
70297757_15000	727.0	62	55	994527.3 0.5633058 0.19726758 0.7394267	994529.3 0.5633057 0.1972702 0.73942417	0.9999999999989612
70297757_15000	727.0	63	56	1030487.3 0.19038372 0.7136235 0.5959928	1030488.0 0.1903865 0.7136221 0.59599143	0.9999999999984702
70297757_3500	663.0	51	57	1396764.6 0.5264867 0.4397033 0.5338101	1396766.6 0.52648664 0.43970266 0.53381073	0.9999999999820414
70297757_3500	663.0	52	58	1399272.0 0.43891537 0.5328535 0.5282311	1399273.4 0.43891495 0.53285444 0.5282306	0.9999999999136253
70297757_4800	766.0	67	71	651324.0 0.4796906 0.5158308 0.5044786	651324.7 0.47969162 0.5158287 0.5044796	0.9999999979306539
70297757_4800	766.0	68	72	731334.0 0.4593975 0.4492872 0.5913153	731333.3 0.45939654 0.449289 0.5913145	0.9999999998624709
70297757_5500	738.0	77	80	1103334.6 0.29620934 0.43657833 0.7672124	1103337.4 0.29620767 0.43657908 0.7672132	0.9999999999927425
