ID	BITRATE	START_IDX	CAPTURE_START_IDX	KEY	CAPTURE_KEY	CORRELATION
70297757_4200	716.0	18	21	568432.8 1.6920593 1.0941803	568429.8 1.6920629 1.0941826	0.9999999994686345
70297757_4200	716.0	19	22	575204.8 1.6279714 1.0938486	575202.8 1.6279753 1.0938437	0.9999999995605535
70297757_4200	716.0	20	23	611198.0 1.4032344 1.0720094	611196.6 1.403226 1.0720085	0.9999999994377151
70297757_4200	716.0	21	24	607730.8 1.3997694 1.2695802	607729.0 1.3997703 1.2695856	0.9999999991846015
70297757_4200	716.0	22	25	602179.8 1.6571313 1.1760674	602177.6 1.657139 1.176065	0.9999999995083727
70297757_4200	716.0	23	26	632132.0 1.4305303 1.0320661	632131.6 1.4305248 1.0320604	0.9999999994409352
70297757_4200	716.0	24	27	611358.8 1.4606333 1.3118106	611357.8 1.4606323 1.3118176	0.9999999992360024
70297757_7050	806.0	28	28	620540.4 1.8559083 1.1050949	620540.6 1.8637104 1.0972931	0.9990625899716945
70297757_4200	716.0	26	29	691792.0 1.4971712 0.914496	691792.2 1.4971678 0.9144943	0.9999999997890856
70297757_7050	806.0	30	30	656567.2 1.2623674 1.3636	656568.4 1.2623636 1.3635991	0.9999999993706689
70297757_7050	806.0	31	31	642832.0 1.8206125 1.212379	642834.2 1.8206064 1.2123795	0.9999999996644530
70297757_7050	806.0	32	32	688959.0 1.5977279 0.91765696	688960.0 1.5977299 0.9176614	0.9999999996689516
70297757_7050	806.0	33	33	701644.2 1.2936984 1.2198477	701646.0 1.293698 1.219843	0.9999999996103289
70297757_7050	806.0	34	34	690769.6 1.6750201 1.2627987	690770.2 1.6750202 1.2628034	0.9999999996176570
70297757_7050	806.0	35	35	728526.2 1.467254 0.97765326	728526.6 1.4672573 0.9776513	0.9999999996569583
