ID	BITRATE	START_IDX	CAPTURE_START_IDX	KEY	CAPTURE_KEY	CORRELATION
70297757_15000	727.0	19	9	1366022.4 0.588576 1.0858256 0.6574402 0.996502 0.5980927	1366022.4 0.5885753 1.0858248 0.6574402 0.9965005 0.5980927	0.9999999999841377
70297757_15000	727.0	20	10	1212759.2 1.2230474 0.74052453 1.1224355 0.9862683 0.60461795	1212759.6 1.2230462 0.74052435 1.1224334 0.9862705 0.6046194	0.9999999999755208
70297757_15000	727.0	21	11	1228320.2 0.7311432 1.1082159 0.9737737 0.8821999 0.15950646	1228320.6 0.731143 1.1082139 0.97377586 0.8822021 0.1595064	0.9999999999748549
70297757_15000	727.0	22	12	1228173.8 1.108348 0.9738899 0.88230515 0.31973407 0.57264864	1228174.8 1.1083455 0.97389156 0.8823069 0.3197322 0.57264733	0.9999999999748316
70297757_15000	727.0	23	13	1123760.0 1.0643785 0.9642842 0.34944206 0.8987008 0.62464136	1123759.8 1.0643815 0.9642871 0.34944034 0.89869833 0.6246433	0.9999999999712876
70297757_15000	727.0	24	14	945697.6 1.1458461 0.41523737 1.0679142 0.91657203 0.65269804	945698.8 1.1458479 0.41523474 1.0679097 0.91657513 0.6526951	0.9999999999648304
70297757_20000	703.0	28	15	823191.2 0.47703376 1.226839 1.0529741 0.93138146 0.46052608	823190.8 0.47703034 1.226837 1.0529807 0.93137944 0.4605263	0.9999999999594845
70297757_3500	663.0	15	19	514894.8 1.1167407 1.0655555 0.8159531 1.1010832 0.32016832	514895.0 1.1167403 1.065557 0.8159489 1.1010749 0.32017207	0.9999999997067237
70297757_3500	663.0	16	20	500608.2 1.0959649 0.8392392 1.1325065 0.85109276 0.29853287	500607.6 1.0959682 0.8392362 1.1324998 0.85109776 0.29853722	0.9999999995688169
70297757_4200	716.0	18	22	487268.6 1.1635102 0.8743925 0.83284867 0.81039494 0.4020452	487267.8 1.1635039 0.874398 0.8328459 0.80551803 0.40692407	0.9997402546449131
70297757_4200	716.0	19	23	496228.8 0.8586039 0.81781024 0.79576194 1.028463 0.45012704	496227.8 0.8586097 0.81780785 0.7909734 1.0332532 0.45012793	0.9997558765436599
70297757_4200	716.0	20	24	509127.4 0.79709125 0.77560157 1.0024072 0.8874655 0.51132584	509126.6 0.79708856 0.770934 1.0070757 0.88746494 0.51132274	0.9997103583962151
70297757_4200	716.0	21	25	517364.2 0.76325345 0.9864482 0.87333643 0.88100994 0.50488615	517362.0 0.7586622 0.99104494 0.8733382 0.88100207 0.5048902	0.9996005585092204
70297757_7050	806.0	26	27	534623.0 0.8451376 0.8525596 0.9028755 0.85535043 0.36773765	534622.6 0.84514195 0.8525584 0.9119311 0.846296 0.36773604	0.9981826098600916
70297757_7050	806.0	27	28	520867.4 0.8750749 0.92671955 0.87793934 0.8393115 0.6037026	520867.2 0.8750734 0.93601406 0.8686456 0.83931375 0.60370094	0.9981592319810089
70297757_7050	806.0	28	29	533106.4 0.9054441 0.8577838 0.8200427 1.254849 0.4285561	533105.8 0.91452575 0.8487039 0.8200455 1.2548466 0.42855656	0.9990625841548314
70297757_4200	716.0	26	30	557998.8 0.8108458 0.78345686 1.1988664 1.0453069 0.35031077	557997.8 0.8108437 0.78346366 1.1988685 1.0453051 0.35030425	0.9999999996330861
70297757_7050	806.0	30	31	539911.8 0.80970633 1.239032 1.080319 0.7254129 0.41919252	539912.0 0.8097079 1.2390279 1.0803205 0.725409 0.41919425	0.9999999998453736
70297757_7050	806.0	31	32	564500.2 1.1850625 1.0332627 0.6938155 0.88818395 0.34734976	564500.8 1.1850576 1.0332633 0.69381124 0.8881847 0.34735113	0.9999999998496459
70297757_7050	806.0	32	33	588683.0 0.9908168 0.66531396 0.8516978 0.87906736 0.40865627	588683.4 0.99081784 0.6653101 0.85169894 0.87907016 0.4086594	0.9999999998637350
70297757_7050	806.0	33	34	598145.8 0.6547885 0.8382237 0.8651603 0.8627612 0.5926966	598146.6 0.65478426 0.83822423 0.86516243 0.86276335 0.59269416	0.9999999998599081
70297757_7050	806.0	34	35	587558.2 0.8533282 0.88075024 0.8783079 1.1159286 0.6038738	587559.0 0.85332876 0.8807524 0.8783101 1.1159271 0.6038747	0.9999999998659880
70297757_7050	806.0	35	36	597391.6 0.86625254 0.8638504 1.0975597 0.9230812 0.32840934	597392.6 0.8662544 0.8638523 1.0975579 0.92308307 0.32840714	0.9999999998803444
70297757_7050	806.0	36	37	632811.4 0.81549895 1.0361271 0.8714145 0.82648164 0.43465242	632812.6 0.8155005 1.0361251 0.8714159 0.82648003 0.43465155	0.9999999998624972
70297757_7050	806.0	37	38	634910.2 1.032702 0.86853385 0.8237496 0.9009794 0.5062338	634910.8 1.0327009 0.8685362 0.82374877 0.9009785 0.5062349	0.9999999998981004
70297757_7050	806.0	38	39	648525.6 0.8502995 0.80645543 0.8820638 1.1076555 0.42479125	648526.4 0.85030156 0.8064545 0.8820628 1.1076542 0.42479074	0.9999999999153614
