ID	BITRATE	START_IDX	CAPTURE_START_IDX	KEY	CAPTURE_KEY	CORRELATION
80191608_5500	1648.0	5	0	477515.0 0.58409685 0.41590315	477515.0 0.5834497 0.41655028	1.0000000000000000
60027695_6500	1197.0	9	1	441583.0 0.44997203 0.55002797	441563.0 0.45046574 0.54953426	1.0000000000000000
70295915_6500	515.0	5	4	702382.0 0.42591494 0.57408506	702386.0 0.4259154 0.57408464	1.0000000000000000
70295915_7050	515.0	83	5	720596.0 0.55957705 0.44042292	720594.0 0.5595786 0.44042137	1.0000000000000000
70295915_15000	509.0	14	6	516499.0 0.6144562 0.38554382	516499.0 0.6144542 0.38554576	1.0000000000000000
70295915_10000	508.0	12	7	560382.0 0.3553469 0.6446531	560385.0 0.35535213 0.6446479	1.0000000000000000
70295915_3500	548.0	6	10	494178.0 0.40167713 0.59832287	494179.0 0.40167633 0.5983237	1.0000000000000000
70295915_3500	548.0	7	11	554141.0 0.533579 0.466421	554143.0 0.5335789 0.46642113	1.0000000000000000
70216224_7050	1428.0	6	12	490199.0 0.5218962 0.4781038	490188.0 0.52727526 0.47272474	1.0000000000000000
70295915_6500	515.0	12	13	474825.0 0.4880198 0.5119802	474823.0 0.48802185 0.51197815	0.9999999999999999
70295915_4200	551.0	10	14	441989.0 0.5500159 0.44998404	441987.0 0.5500139 0.4499861	1.0000000000000000
80038359_6500	1063.0	7	15	444951.0 0.4475931 0.5524069	444954.0 0.44698554 0.55301446	1.0000000000000000
70295915_10000	508.0	21	16	536911.0 0.458305 0.541695	536910.0 0.45830026 0.5416997	1.0000000000000000
70295915_7050	515.0	17	17	534106.0 0.54454356 0.4554564	534106.0 0.54454356 0.4554564	1.0000000000000000
70295915_7050	515.0	18	18	453078.0 0.53690976 0.46309024	453078.0 0.53690976 0.46309024	1.0000000000000000
70295915_7050	515.0	19	19	453300.0 0.46286345 0.53713655	453300.0 0.46286345 0.53713655	1.0000000000000000
70295915_7050	515.0	20	20	521061.0 0.467285 0.53271496	521058.0 0.46728772 0.5327123	1.0000000000000000
70295915_7050	515.0	21	21	476803.0 0.58216286 0.41783714	476801.0 0.58215904 0.417841	1.0000000000000000
70295915_7050	515.0	22	22	596472.0 0.3340073 0.6659927	596474.0 0.33400786 0.66599214	1.0000000000000000
70295915_7050	515.0	23	23	695774.0 0.57094115 0.42905885	695776.0 0.5709409 0.42905906	1.0000000000000000
80198592_3500	804.0	27	24	558133.0 0.5286661 0.4713339	558110.0 0.53489274 0.46510723	1.0000000000000000
70295915_20000	507.0	36	25	458432.0 0.5662301 0.43376988	458436.0 0.5662317 0.4337683	1.0000000000000000
81074663_2000	779.0	4	26	397865.0 0.49993843 0.5000616	397850.0 0.49982405 0.50017595	1.0000000000000000
70102778_20000	865.0	62	27	590792.0 0.33645684 0.66354316	590810.0 0.33681726 0.66318274	1.0000000000000000
70295915_7050	515.0	29	29	354422.0 0.661951 0.338049	354419.0 0.6619538 0.33804622	1.0000000000000000
70295915_7050	515.0	32	32	564855.0 0.45728728 0.54271275	564852.0 0.45728794 0.5427121	1.0000000000000000
70295915_7050	515.0	33	33	512797.0 0.5978077 0.4021923	512798.0 0.59780264 0.40219736	1.0000000000000000
70295915_7050	515.0	34	34	516972.0 0.39894423 0.60105574	516974.0 0.3989485 0.6010515	1.0000000000000000
70295915_20000	507.0	12	35	719261.0 0.43201146 0.5679885	719259.0 0.43201128 0.5679887	1.0000000000000000
70295915_7050	515.0	37	36	723167.0 0.5649193 0.4350807	723167.0 0.5649193 0.4350807	1.0000000000000000
70084788_800	368.0	2	39	515867.0 0.6153757 0.38462433	515880.0 0.6135671 0.3864329	1.0000000000000000
80206300_2000	595.0	29	40	673038.0 0.29129112 0.7087089	673015.0 0.29620886 0.70379114	1.0000000000000000
14607635_5500	945.0	77	44	542655.0 0.3583529 0.6416471	542653.0 0.366422 0.633578	1.0000000000000000
70295915_7050	515.0	46	45	647477.0 0.5310042 0.4689958	647478.0 0.53100336 0.46899664	1.0000000000000000
70295915_3500	548.0	39	46	484663.0 0.6265508 0.37344918	484660.0 0.62655264 0.37344736	0.9999999999999999
70295915_7050	515.0	52	49	345434.0 0.47846767 0.52153236	345435.0 0.47846338 0.5215366	1.0000000000000000
70295915_6500	515.0	51	50	391368.0 0.46032378 0.5396762	391370.0 0.460324 0.539676	1.0000000000000000
70295915_3500	548.0	46	51	689131.0 0.30648455 0.6935155	689137.0 0.30648914 0.6935109	1.0000000000000000
70295915_6500	515.0	57	55	671618.0 0.5889032 0.41109678	671620.0 0.58890146 0.41109854	1.0000000000000000
70295915_7050	515.0	58	56	534159.0 0.5168873 0.4831127	534160.0 0.51689005 0.48310992	1.0000000000000000
70295915_7050	515.0	59	57	542403.0 0.47576985 0.5242301	542401.0 0.47576976 0.52423024	1.0000000000000000
70295915_7050	515.0	60	58	483311.0 0.58832514 0.4116749	483312.0 0.5883218 0.41167817	1.0000000000000000
70295915_7050	515.0	61	59	414248.0 0.4803089 0.5196911	414250.0 0.4803114 0.5196886	1.0000000000000000
70295915_10000	508.0	68	60	403707.0 0.53326297 0.466737	403704.0 0.53326446 0.46673554	1.0000000000000000
70295915_10000	508.0	69	61	400145.0 0.4708918 0.5291082	400143.0 0.47088915 0.52911085	1.0000000000000000
70295915_15000	509.0	71	62	411008.0 0.5151262 0.48487377	411006.0 0.5151263 0.4848737	1.0000000000000000
70295915_7050	515.0	66	64	437861.0 0.45674312 0.5432569	437861.0 0.45674542 0.5432546	1.0000000000000000
70295915_7050	515.0	67	65	485290.0 0.49016258 0.5098374	485289.0 0.49016154 0.50983846	1.0000000000000000
70295915_7050	515.0	68	66	546714.0 0.45255655 0.54744345	546712.0 0.4525582 0.5474418	1.0000000000000000
80993095_6500	1358.0	98	67	501231.0 0.6037356 0.3962644	501241.0 0.597104 0.40289602	1.0000000000000000
70295915_4200	551.0	60	69	419817.0 0.47214857 0.5278514	419792.0 0.47217909 0.52782094	1.0000000000000000
70295915_2000	473.0	66	72	395124.0 0.48030493 0.5196951	395125.0 0.48030624 0.5196938	1.0000000000000000
70308278_20000	3680.0	20	73	404117.0 0.5135889 0.48641112	404093.0 0.50816023 0.49183974	1.0000000000000000
70295915_4800	541.0	67	74	433880.0 0.45807368 0.5419263	433879.0 0.45807472 0.5419253	1.0000000000000000
70295915_7050	515.0	76	75	461508.0 0.5094776 0.49052238	461509.0 0.50948083 0.49051914	1.0000000000000000
70295915_7050	515.0	77	76	465979.0 0.48581588 0.5141841	465979.0 0.48581374 0.51418626	1.0000000000000000
80121840_4800	1208.0	1	77	439172.0 0.5472639 0.45273605	439180.0 0.5455622 0.45443782	1.0000000000000000
70295915_6500	515.0	77	78	519053.0 0.38450602 0.615494	519054.0 0.3845072 0.6154928	1.0000000000000000
70295915_3500	548.0	70	79	621802.0 0.5137873 0.48621264	621802.0 0.5137873 0.48621264	1.0000000000000000
