ID	BITRATE	START_IDX	CAPTURE_START_IDX	KEY	CAPTURE_KEY	CORRELATION
70297757_7050	806.0	13	14	806042.7 0.24332707 1.0136039 0.24306901	806040.7 0.24332519 1.0136039 0.24307086	0.9999999999912507
70297757_7050	806.0	14	15	1144162.0 0.71406674 0.17123799 0.6146953	1144160.0 0.7140662 0.17123917 0.6146946	0.9999999999995947
70297757_7050	806.0	20	22	547887.3 0.6394892 0.55962056 0.30089033	547888.7 0.63948756 0.5596228 0.30088958	0.9999999999351423
70297757_7050	806.0	21	23	413942.66 0.74070406 0.39825323 0.36104277	413942.66 0.7407089 0.39825323 0.36103794	0.9999999999527626
70297757_7050	806.0	22	24	341725.34 0.48241666 0.43734246 0.58024085	341724.0 0.48241857 0.43733832 0.5802431	0.9999999995205050
70297757_6500	770.0	21	25	380731.34 0.39253664 0.5207898 0.5866735	380732.0 0.3925307 0.52079415 0.58667517	0.9999999995355690
70297757_5500	738.0	26	26	454650.0 0.4361179 0.4912922 0.57258993	454652.66 0.43611974 0.49128932 0.57259095	0.9999999993239496
70297757_5500	738.0	27	27	496604.0 0.44978696 0.5242165 0.52599657	496604.66 0.44978637 0.5242198 0.5259939	0.9999999975707169
70297757_6500	770.0	25	28	518607.34 0.501979 0.5036797 0.49434125	518606.0 0.5019803 0.5036791 0.4943406	0.9999999779287683
70297757_7050	806.0	31	32	492256.66 0.6387907 0.46411967 0.3970896	492257.34 0.6387878 0.46411902 0.39709312	0.9999999999434694
70297757_7050	806.0	32	33	433508.66 0.527016 0.4509022 0.52208185	433510.66 0.5270136 0.45090473 0.52208173	0.9999999997042959
70297757_7050	806.0	33	34	411917.34 0.47453696 0.5494476 0.4760154	411919.34 0.4745395 0.54944736 0.4760131	0.9999999983940211
70297757_7050	806.0	34	35	441983.34 0.5120713 0.44363436 0.54429424	441985.34 0.51207125 0.44363236 0.5442963	0.9999999999599412
70297757_7050	806.0	35	36	527444.7 0.37175274 0.4561028 0.6721444	527446.0 0.37175182 0.45610547 0.67214274	0.9999999999061776
70297757_7050	806.0	36	37	633266.0 0.37988618 0.5598264 0.5602875	633268.7 0.37988773 0.559824 0.56028825	0.9999999998844781
70297757_6500	770.0	35	38	656254.7 0.54021406 0.54066205 0.41912386	656257.3 0.5402134 0.5406614 0.41912523	0.9999999999999991
70297757_6500	770.0	36	39	550700.7 0.64429194 0.49945825 0.35624978	550704.0 0.64428985 0.49945888 0.35625127	0.9999999999934508
70297757_7050	806.0	41	43	598703.3 0.53684855 0.4601411 0.5030104	598698.7 0.536846 0.4601413 0.50301266	0.9999999985952973
70297757_20000	703.0	69	56	1480104.6 0.4968635 0.5037549 0.4993816	1480086.0 0.4968502 0.5037606 0.49938923	0.9999973774007480
70297757_3500	663.0	53	57	1420555.4 0.5248701 0.5203169 0.45481297	1420557.4 0.52487075 0.5203162 0.45481303	0.9999999998392950
70297757_7050	806.0	61	62	630345.3 0.31129128 0.65106535 0.53764343	630346.0 0.31129095 0.65106624 0.53764284	0.9999999999940000
70297757_6500	770.0	61	66	1071637.4 0.5827167 0.5868356 0.3304476	1071639.4 0.58271563 0.58683544 0.33044884	0.9999999999947056
70297757_10000	764.0	77	75	625951.3 0.62213147 0.5645152 0.31335345	625952.0 0.6221292 0.56451774 0.3133531	0.9999999998895663
