ID	BITRATE	START_IDX	CAPTURE_START_IDX	KEY	CAPTURE_KEY	CORRELATION
70308278_6500	1488.0	7	0	413445.0 0.5257894 0.4742106	413420.0 0.5254463 0.47455373	1.0000000000000000
70296965_5500	1479.0	0	4	526505.0 0.5380614 0.46193862	526502.0 0.5380606 0.46193936	1.0000000000000000
70296965_3500	888.0	0	5	531043.0 0.45798928 0.5420107	531042.0 0.45799014 0.54200983	1.0000000000000000
80202920_7050	1983.0	5	6	484136.0 0.5901854 0.4098146	484160.0 0.59449357 0.40550643	1.0000000000000000
70123542_6500	1045.0	9	7	603390.0 0.32465404 0.67534596	603405.0 0.3253702 0.6746298	1.0000000000000000
328438_20000	1166.0	21	17	742708.0 0.7361399 0.26386008	742686.0 0.7361954 0.2638046	1.0000000000000000
70296965_20000	2760.0	16	22	3616571.0 0.46575305 0.5342469	3616571.0 0.46575278 0.5342472	1.0000000000000000
70296965_15000	2473.0	28	29	3215935.0 0.536601 0.463399	3215936.0 0.5366008 0.46339914	1.0000000000000000
70296965_7050	2358.0	27	32	2938722.0 0.4856679 0.51433206	2938722.0 0.48566827 0.51433176	1.0000000000000000
70296965_7050	2358.0	28	33	3186287.0 0.47437 0.52563	3186285.0 0.47437 0.52563	1.0000000000000000
70296965_7050	2358.0	29	34	3308328.0 0.50624 0.49376	3308327.0 0.50623983 0.49376014	1.0000000000000000
70296965_7050	2358.0	30	35	1829576.0 0.89284074 0.10715926	1829579.0 0.89283925 0.10716072	1.0000000000000000
70296965_7050	2358.0	31	36	1855042.0 0.10568817 0.89431185	1855045.0 0.10568962 0.89431036	1.0000000000000000
70296965_7050	2358.0	32	37	3537859.0 0.46892372 0.53107625	3537858.0 0.46892384 0.53107613	1.0000000000000000
70296965_7050	2358.0	33	38	3900909.0 0.48165005 0.51834995	3900908.0 0.4816499 0.51835006	1.0000000000000000
70296965_7050	2358.0	34	39	2218101.0 0.91160685 0.08839318	2218101.0 0.91160685 0.08839318	1.0000000000000000
70296965_20000	2760.0	33	40	1802506.0 0.10877301 0.891227	1802504.0 0.108773686 0.8912263	1.0000000000000000
70296965_20000	2760.0	34	41	3413456.0 0.4706204 0.5293796	3413454.0 0.4706198 0.5293802	1.0000000000000000
70296965_20000	2760.0	35	42	3766572.0 0.47975028 0.5202497	3766575.0 0.47975016 0.52024984	1.0000000000000000
70296965_20000	2760.0	36	43	3502672.0 0.55944663 0.4405534	3502672.0 0.55944717 0.4405528	1.0000000000000000
70296965_7050	2358.0	38	44	2744383.0 0.5622805 0.43771952	2744382.0 0.5622803 0.43771967	1.0000000000000000
70296965_10000	2133.0	54	46	1400171.0 0.14043142 0.8595686	1400172.0 0.1404306 0.8595694	0.9999999999999999
70296965_10000	2133.0	55	47	2846144.0 0.42286792 0.5771321	2846147.0 0.4228682 0.5771318	1.0000000000000000
70296965_7050	2358.0	42	48	3469294.0 0.47346896 0.52653104	3469292.0 0.47346893 0.52653104	1.0000000000000000
70296965_7050	2358.0	43	49	3061936.0 0.5965804 0.4034196	3061935.0 0.59658027 0.40341973	1.0000000000000000
70296965_6500	2026.0	44	51	1777927.0 0.11031611 0.8896839	1777928.0 0.11031662 0.88968337	1.0000000000000000
70296965_20000	2760.0	44	52	2892600.0 0.54684055 0.45315945	2892605.0 0.5468403 0.4531597	1.0000000000000000
70296965_7050	2358.0	47	53	2628571.0 0.49867705 0.501323	2628579.0 0.49867705 0.501323	1.0000000000000000
70296965_7050	2358.0	48	54	1513631.0 0.87059724 0.12940274	1513637.0 0.87059647 0.12940355	1.0000000000000000
70296965_7050	2358.0	65	68	2561322.0 0.92319554 0.07680448	2561322.0 0.92319554 0.07680448	1.0000000000000000
70296965_20000	2760.0	65	71	4479259.0 0.5224764 0.47752362	4479256.0 0.52247626 0.4775237	1.0000000000000000
80191608_7050	1808.0	48	73	2134237.0 0.9069302 0.09306979	2134221.0 0.9082611 0.09173886	1.0000000000000000
70296965_20000	2760.0	67	76	3976927.0 0.544746 0.45525402	3976926.0 0.5447461 0.45525387	1.0000000000000000
