ID	BITRATE	START_IDX	CAPTURE_START_IDX	KEY	CAPTURE_KEY	CORRELATION
70297757_15000	727.0	19	23	1219371.2 0.4986857 0.63963294 0.16084601 0.6101415 0.670024 0.6013394 0.16067708 0.5767825 0.5756631 0.5062076	1219370.6 0.49868512 0.6396324 0.16084692 0.6101418 0.67002434 0.6013389 0.16067715 0.5767828 0.57566416 0.5062062	0.9999999999922018
70297757_15000	727.0	20	24	1173574.2 0.66459364 0.16712278 0.63395137 0.6961707 0.6248058 0.16694726 0.5992906 0.5981275 0.52596164 0.32302856	1173574.2 0.6645928 0.16712365 0.63395137 0.6961707 0.624805 0.16694726 0.5992906 0.5981283 0.5259599 0.32303026	0.9999999999905640
70297757_15000	727.0	21	25	1087657.8 0.18032418 0.68402857 0.75116277 0.6741606 0.18013479 0.64662987 0.6453749 0.56750846 0.3485453 0.32213074	1087658.0 0.18032506 0.68402845 0.7511626 0.6741595 0.18013474 0.64662975 0.64537567 0.5675065 0.34854707 0.32213068	0.9999999999907644
70297757_15000	727.0	22	26	1087784.4 0.683949 0.7510753 0.6740821 0.18011382 0.6465546 0.6452998 0.5674424 0.34850472 0.32209325 0.1808851	1087784.8 0.68394876 0.7510751 0.67408097 0.18011376 0.6465544 0.64530045 0.5674404 0.34850645 0.32209313 0.1808869	0.9999999999894810
70297757_15000	727.0	23	27	1000309.0 0.8167556 0.7330295 0.19586448 0.7030947 0.7017302 0.61706436 0.3789809 0.35025978 0.19670323 0.30651727	1000309.2 0.8167555 0.73302835 0.19586444 0.7030946 0.701731 0.6170622 0.3789828 0.3502597 0.19670518 0.30651623	0.9999999999870132
70297757_15000	727.0	24	28	869878.0 0.84294116 0.22523274 0.808518 0.8069488 0.709588 0.43580595 0.40277833 0.22619724 0.352477 0.18951279	869878.4 0.8429397 0.22523263 0.80851763 0.8069496 0.7095854 0.43580806 0.40277815 0.22619943 0.3524757 0.18951385	0.9999999999864797
70297757_20000	703.0	28	29	753117.4 0.260152 0.9338664 0.93205523 0.8196013 0.5033757 0.46522495 0.26126736 0.4071238 0.21889284 0.19844052	753117.4 0.260152 0.9338677 0.93205655 0.81959736 0.5033744 0.46522364 0.2612687 0.40712246 0.2188955 0.19844185	0.9999999999788434
70297757_3500	663.0	16	34	461427.4 0.7593112 0.42642677 0.6644859 0.35726747 0.32388192 0.42456082 0.4297144 0.48407397 0.56418407 0.5660934	461428.2 0.7593121 0.42642823 0.6644826 0.35726902 0.3238857 0.42455792 0.42971367 0.48407534 0.56609243 0.5641831	0.9999786158594407
70297757_4200	716.0	18	36	442595.4 0.6927591 0.3724711 0.33766732 0.44799605 0.44262546 0.5046731 0.58818954 0.59017783 0.5792446 0.44419575	442595.8 0.69275624 0.37247077 0.337667 0.4426228 0.4479979 0.50467265 0.59017956 0.588189 0.5792441 0.44419986	0.9997045229234434
70297757_4200	716.0	19	37	444162.8 0.3711567 0.33647573 0.44641513 0.4410635 0.5028922 0.5861139 0.5880952 0.57720053 0.44262823 0.7079589	444163.8 0.37115586 0.33647496 0.44106025 0.44641638 0.50289106 0.5880961 0.58611256 0.5771992 0.44263175 0.7079618	0.9997222959088363
70297757_4200	716.0	20	38	456885.4 0.3271061 0.4339841 0.42878148 0.48888844 0.56979275 0.5717189 0.5611276 0.43030265 0.68824476 0.50005317	456886.0 0.32710567 0.42877874 0.4339857 0.48888782 0.5717203 0.56979203 0.5611268 0.43030646 0.6882483 0.50004816	0.9996705155176957
70297757_4200	716.0	21	39	466090.0 0.42541355 0.4203137 0.47923362 0.5585402 0.56042826 0.55004615 0.42180482 0.674653 0.49017787 0.41938895	466090.4 0.42031115 0.4254153 0.4792332 0.5604299 0.5585397 0.55004567 0.42180872 0.6746567 0.49017313 0.41938645	0.9995456100846012
70297757_4200	716.0	23	41	471734.6 0.4734993 0.55185694 0.5537224 0.5434645 0.41675764 0.6665803 0.4843126 0.41437072 0.47977826 0.41565746	471734.6 0.4734993 0.55372447 0.55185694 0.5434645 0.41676188 0.66658455 0.48430833 0.4143686 0.47977614 0.41565534	0.9999398776498981
70297757_4200	716.0	24	42	475175.2 0.5478611 0.5497131 0.53952944 0.41374004 0.66175383 0.4808058 0.4113704 0.47630432 0.4126478 0.50627434	475175.8 0.54971445 0.5478604 0.5395287 0.4137437 0.6617572 0.480801 0.41136774 0.4763016 0.41264516 0.50628	0.9999391040002703
70297757_10000	764.0	33	44	481008.2 0.53298056 0.40872276 0.653729 0.4749732 0.4063798 0.47053045 0.40764588 0.50013703 0.7370311 0.40787038	481009.0 0.53298587 0.40872625 0.65373206 0.4749703 0.4063791 0.4705255 0.40764102 0.5001403 0.73702776 0.40787178	0.9999999994404114
70297757_20000	703.0	65	66	1032455.6 0.38783944 0.5426141 0.19002269 0.59485364 0.71229213 0.7221715 0.715902 0.625777 0.19031423 0.3182132	1032455.6 0.3878404 0.54261315 0.19002172 0.5948556 0.71229213 0.7159029 0.7221715 0.62577605 0.19031326 0.3182132	0.9999030311828638
