ID	BITRATE	START_IDX	CAPTURE_START_IDX	KEY	CAPTURE_KEY	CORRELATION
70297757_15000	727.0	19	9	1219371.2 0.4986857 0.63963294 0.16084601 0.6101415 0.670024 0.6013394 0.16067708 0.5767825 0.5756631 0.5062076	1219370.8 0.4986851 0.6396332 0.16084443 0.61014175 0.6700243 0.6013413 0.16067713 0.5767819 0.57566494 0.50620615	0.9999999999841377
70297757_15000	727.0	20	10	1173574.2 0.66459364 0.16712278 0.63395137 0.6961707 0.6248058 0.16694726 0.5992906 0.5981275 0.52596164 0.32302856	1173574.6 0.66459346 0.16712102 0.6339512 0.69617045 0.6248073 0.1669472 0.59928954 0.598129 0.52595973 0.323031	0.9999999999755208
70297757_15000	727.0	21	11	1087657.8 0.18032418 0.68402857 0.75116277 0.6741606 0.18013479 0.64662987 0.6453749 0.56750846 0.3485453 0.32213074	1087658.4 0.18032224 0.6840282 0.75116235 0.67416203 0.18013468 0.6466286 0.6453764 0.5675063 0.34854785 0.32213148	0.9999999999748549
70297757_15000	727.0	22	12	1087784.4 0.683949 0.7510753 0.6740821 0.18011382 0.6465546 0.6452998 0.5674424 0.34850472 0.32209325 0.1808851	1087785.0 0.6839486 0.7510749 0.6740836 0.18011372 0.64655334 0.6453012 0.5674403 0.3485073 0.322094 0.18088317	0.9999999999748316
70297757_15000	727.0	23	13	1000309.0 0.8167556 0.7330295 0.19586448 0.7030947 0.7017302 0.61706436 0.3789809 0.35025978 0.19670323 0.30651727	1000309.2 0.8167555 0.73303133 0.19586444 0.7030936 0.70173204 0.6170622 0.37898383 0.3502607 0.19670118 0.30651522	0.9999999999712876
70297757_15000	727.0	24	14	869878.0 0.84294116 0.22523274 0.808518 0.8069488 0.709588 0.43580595 0.40277833 0.22619724 0.352477 0.18951279	869878.6 0.8429429 0.22523257 0.80851626 0.8069505 0.7095852 0.43580908 0.4027792 0.22619477 0.35247445 0.18951495	0.9999999999648304
70297757_20000	703.0	28	15	753117.4 0.260152 0.9338664 0.93205523 0.8196013 0.5033757 0.46522495 0.26126736 0.4071238 0.21889284 0.19844052	753117.0 0.26015213 0.93386686 0.9320584 0.8195978 0.50337595 0.4652252 0.26126352 0.40712133 0.21889693 0.19844194	0.9999999999594845
70297757_3500	663.0	15	19	485005.2 0.7816411 0.72239846 0.4056967 0.63218296 0.33989945 0.3081369 0.40392146 0.4088245 0.46054146 0.5367572	485005.0 0.7816435 0.7224029 0.40569067 0.632179 0.3399037 0.30814114 0.40391955 0.4088226 0.4605437 0.53675324	0.9999999997067237
70297757_3500	663.0	16	20	461427.4 0.7593112 0.42642677 0.6644859 0.35726747 0.32388192 0.42456082 0.4297144 0.48407397 0.56418407 0.5660934	461427.0 0.7593162 0.42642066 0.6644821 0.35727212 0.32388654 0.42455903 0.42971262 0.48407656 0.56418025 0.56609386	0.9999999995688169
70297757_4200	716.0	18	22	442595.4 0.6927591 0.3724711 0.33766732 0.44799605 0.44262546 0.5046731 0.58818954 0.59017783 0.5792446 0.44419575	442594.6 0.6927559 0.37247404 0.33766794 0.44262403 0.44799688 0.504674 0.58818614 0.5901812 0.57924116 0.44419882	0.9997402546449131
70297757_4200	716.0	19	23	444162.8 0.3711567 0.33647573 0.44641513 0.4410635 0.5028922 0.5861139 0.5880952 0.57720053 0.44262823 0.7079589	444162.2 0.37115946 0.33647618 0.44106185 0.44641575 0.50289285 0.58611023 0.5880982 0.57719684 0.4426311 0.7079576	0.9997558765436599
70297757_4200	716.0	20	24	456885.4 0.3271061 0.4339841 0.42878148 0.48888844 0.56979275 0.5717189 0.5611276 0.43030265 0.68824476 0.50005317	456884.4 0.3271068 0.42878023 0.43398505 0.48888952 0.56978965 0.57172227 0.56112444 0.43030578 0.6882441 0.5000521	0.9997103583962151
70297757_4200	716.0	21	25	466090.0 0.42541355 0.4203137 0.47923362 0.5585402 0.56042826 0.55004615 0.42180482 0.674653 0.49017787 0.41938895	466088.2 0.42031315 0.4254152 0.4792355 0.5585381 0.56043255 0.550044 0.4218086 0.6746535 0.49017763 0.419382	0.9996005585092204
70297757_4200	716.0	23	27	471734.6 0.4734993 0.55185694 0.5537224 0.5434645 0.41675764 0.6665803 0.4843126 0.41437072 0.47977826 0.41565746	471733.0 0.4735009 0.55185455 0.5537264 0.5434621 0.4167612 0.66658044 0.4843121 0.41436362 0.47977987 0.41565886	0.9999999991630052
70297757_4200	716.0	24	28	475175.2 0.5478611 0.5497131 0.53952944 0.41374004 0.66175383 0.4808058 0.4113704 0.47630432 0.4126478 0.50627434	475174.0 0.54785824 0.54971653 0.5395266 0.41374317 0.66175336 0.48080492 0.411363 0.4763055 0.41264883 0.5062798	0.9999999988847488
70297757_7050	806.0	28	29	494012.4 0.5189566 0.52875394 0.39796773 0.63652045 0.46247017 0.3956783 0.4581403 0.39691108 0.48696956 0.71763176	494012.0 0.52875435 0.51895297 0.39796603 0.63651896 0.46247056 0.3956766 0.45814273 0.39691344 0.486974 0.7176303	0.9990625841548314
70297757_4200	716.0	26	30	512733.2 0.5000086 0.38343334 0.61328 0.44558653 0.38123727 0.44141477 0.3824211 0.46918944 0.69142586 0.6920032	512732.2 0.50000566 0.38343605 0.6132792 0.44558546 0.3812302 0.44141564 0.38242188 0.46919426 0.6914292 0.6920026	0.9999999996330861
70297757_7050	806.0	30	31	500696.0 0.39265543 0.6280238 0.45629683 0.39039657 0.4520248 0.3916129 0.4804692 0.7080524 0.70863557 0.39183256	500696.0 0.39265344 0.6280218 0.45629683 0.39039457 0.45202678 0.39161488 0.4804732 0.7080504 0.7086376 0.39183056	0.9999999998453736
70297757_7050	806.0	31	32	516386.4 0.60894126 0.44243225 0.37853438 0.43829 0.3797137 0.4658701 0.6865382 0.6871037 0.37992674 0.5326496	516386.6 0.6089391 0.44243208 0.3785323 0.4382918 0.3797155 0.46587384 0.686536 0.68710536 0.37992465 0.5326494	0.9999999998496459
70297757_7050	806.0	32	33	517779.2 0.44124216 0.37751615 0.43711105 0.37869233 0.46461698 0.6846915 0.6852554 0.37890476 0.5312168 0.62075305	517779.8 0.44124162 0.37751377 0.43711245 0.3786938 0.46462026 0.68468875 0.68525654 0.37890238 0.53121614 0.62075424	0.9999999998637350
70297757_7050	806.0	33	34	527183.6 0.37078163 0.42931342 0.37193683 0.45632866 0.67247725 0.67303115 0.37214547 0.52174044 0.6096794 0.52256554	527184.2 0.37077934 0.42931485 0.37193832 0.45633197 0.6724746 0.67303234 0.37214318 0.52173984 0.60968065 0.522565	0.9999999998599081
70297757_7050	806.0	34	35	548320.4 0.41276416 0.35759932 0.43873802 0.64655447 0.64708704 0.35779995 0.5016283 0.58617735 0.5024216 0.54923	548321.4 0.41276523 0.3576005 0.43874088 0.6465515 0.6470877 0.35779747 0.5016273 0.5861781 0.50242066 0.5492308	0.9999999998659880
70297757_7050	806.0	35	36	542381.0 0.36151525 0.44354245 0.6536346 0.654173 0.36171806 0.5071214 0.59259635 0.5079234 0.5552444 0.36253113	542382.0 0.36151642 0.4435453 0.65363157 0.6541736 0.36171556 0.50712043 0.5925971 0.5079225 0.5552452 0.36253232	0.9999999998803444
70297757_7050	806.0	36	37	568528.8 0.42314303 0.62357265 0.6240862 0.3450819 0.48379782 0.5653416 0.48456296 0.52970755 0.3458576 0.5748486	568529.8 0.4231458 0.6235698 0.62408686 0.34507954 0.48379695 0.56534237 0.4845621 0.5297084 0.34585872 0.57484937	0.9999999998624972
70297757_7050	806.0	37	38	579812.6 0.6114372 0.6119408 0.3383662 0.47438258 0.5543394 0.4751328 0.5193988 0.3391268 0.5636614 0.51221377	579813.2 0.6114349 0.61194193 0.33836415 0.4743821 0.5543406 0.47513235 0.51940006 0.3391282 0.5636626 0.51221323	0.9999999998981004
70297757_7050	806.0	38	39	588294.8 0.6031177 0.33348757 0.4675428 0.54634684 0.46828222 0.51191 0.3342372 0.55553436 0.5048285 0.6747127	588295.4 0.6031188 0.33348554 0.46754235 0.546348 0.46828178 0.5119112 0.33423856 0.55553555 0.50482804 0.6747104	0.9999999999153614
