ID	BITRATE	START_IDX	CAPTURE_START_IDX	KEY	CAPTURE_KEY	CORRELATION
70297757_15000	727.0	19	9	1934923.6 1.3019087	1934923.0 1.3019086	0.9999999999841377
70297757_15000	727.0	20	10	1631596.0 2.1927989	1631597.0 2.192797	0.9999999999755208
70297757_15000	727.0	21	11	1717293.8 1.3335569	1717294.4 1.3335582	0.9999999999748549
70297757_15000	727.0	22	12	1545932.8 2.0364275	1545934.0 2.0364258	0.9999999999748316
70297757_15000	727.0	23	13	1542469.6 1.4851131	1542469.4 1.4851154	0.9999999999712876
70297757_15000	727.0	24	14	1197595.4 2.2635384	1197597.0 2.2635336	0.9999999999648304
70297757_20000	703.0	28	15	1178516.8 1.3903832	1178515.6 1.3903863	0.9999999999594845
70297757_3500	663.0	15	19	738013.0 1.5717704	738012.6 1.5717713	0.9999999997067237
70297757_3500	663.0	16	20	669847.0 1.8885492	669846.4 1.8885494	0.9999999995688169
70297757_4200	716.0	23	27	716275.2 1.5859407	716271.8 1.5859497	0.9999999991630052
70297757_4200	716.0	25	29	757390.6 1.5225605	757388.8 1.522568	0.9999999994690206
70297757_4200	716.0	26	30	762088.4 1.7280017	762087.6 1.7279955	0.9999999996330861
70297757_7050	806.0	30	31	752037.2 1.6578622	752036.6 1.6578674	0.9999999998453736
70297757_7050	806.0	31	32	781431.6 1.6082098	781432.6 1.6082039	0.9999999998496459
70297757_7050	806.0	32	33	770513.2 1.7199265	770513.6 1.7199306	0.9999999998637350
70297757_7050	806.0	33	34	801633.2 1.5763694	801634.6 1.5763654	0.9999999998599081
70297757_7050	806.0	34	35	822191.2 1.6690133	822192.4 1.6690158	0.9999999998659880
70297757_7050	806.0	35	36	810891.2 1.6887026	810893.0 1.6887	0.9999999998803444
70297757_7050	806.0	36	37	868547.4 1.545743	868548.6 1.5457454	0.9999999998624972
70297757_7050	806.0	37	38	859606.6 1.7450924	859607.6 1.7450916	0.9999999998981004
70297757_7050	806.0	38	39	896795.6 1.5599653	896796.4 1.5599662	0.9999999999153614
