ID	BITRATE	START_IDX	CAPTURE_START_IDX	KEY	CAPTURE_KEY	CORRELATION
70295915_15000	509.0	12	4	679834.0 0.4400427 0.5931286 0.46682867	679834.0 0.4400442 0.5931286 0.46682718	0.9999999998424887
70295915_15000	509.0	13	5	613152.0 0.657633 0.5175976 0.32476938	613152.0 0.657633 0.51759595 0.32477102	0.9999999999682315
70295915_10000	508.0	11	6	585166.0 0.5423538 0.3402966 0.6173496	585166.7 0.54234976 0.34030303 0.6173472	0.9999999998773096
70295915_3500	548.0	6	10	501760.66 0.39560694 0.58928096 0.5151121	501762.0 0.3956059 0.5892814 0.51511276	0.9999999999900151
70295915_10000	508.0	19	14	458704.0 0.5299714 0.43358463 0.536444	458702.0 0.52997154 0.43358868 0.5364398	0.9999999994184913
70295915_10000	508.0	20	15	490532.0 0.40545163 0.501637 0.59291136	490532.0 0.40545368 0.5016309 0.5929155	0.9999999983949065
70295915_10000	508.0	21	16	520115.34 0.4731047 0.55918753 0.46770778	520114.66 0.47309953 0.55919206 0.4677084	0.9999999981949936
70295915_7050	515.0	17	17	495948.0 0.5864405 0.490499 0.42306048	495948.0 0.5864405 0.490499 0.42306048	1.0000000000000000
70295915_7050	515.0	18	18	464374.66 0.5238486 0.45182484 0.5243266	464374.66 0.5238486 0.45182484 0.5243266	1.0000000000000000
70295915_7050	515.0	19	19	487251.34 0.43061143 0.49970925 0.5696793	487249.34 0.4306132 0.4997113 0.56967545	0.9999999996773782
70295915_7050	515.0	20	20	480191.34 0.5070562 0.57805496 0.41488877	480190.0 0.5070576 0.5780504 0.41489202	0.9999999998296347
70295915_7050	515.0	21	21	582699.3 0.47636405 0.3419019 0.6817341	582698.7 0.4763594 0.34190398 0.6817366	0.9999999997357023
70295915_7050	515.0	22	22	596666.7 0.3338983 0.6657754 0.5003262	596668.7 0.33389887 0.6657748 0.5003262	1.0000000000000000
70295915_7050	515.0	23	23	636903.3 0.62371475 0.46871793 0.40756735	636904.7 0.623715 0.4687185 0.4075665	0.9999999999839869
70295915_20000	507.0	35	24	504640.0 0.59156626 0.51438254 0.3940512	504643.34 0.5915643 0.51438504 0.39405057	0.9999999997399275
70295915_7050	515.0	32	32	514065.34 0.5024673 0.5963327 0.40119997	514065.34 0.5024653 0.59632885 0.4012058	0.9999999998692937
70295915_7050	515.0	33	33	549017.3 0.55836856 0.37565845 0.56597304	549017.3 0.5583649 0.37566394 0.5659712	0.9999999999500291
70295915_20000	507.0	11	34	617005.3 0.334271 0.5036083 0.6621207	617003.3 0.33427048 0.50360835 0.66212124	1.0000000000000000
70295915_20000	507.0	12	35	689263.3 0.4508132 0.5927082 0.45647866	689263.3 0.45081174 0.59270674 0.45648158	0.9999999996184664
70295915_6500	515.0	50	49	371097.34 0.4453764 0.4854683 0.5691553	371098.66 0.44537482 0.48546928 0.56915593	0.9999999998668153
70295915_7050	515.0	58	56	545668.7 0.50598466 0.4729225 0.5210928	545668.7 0.50598836 0.47292066 0.5210909	0.9999999920678071
70295915_7050	515.0	59	57	494246.66 0.52212596 0.5753079 0.4025662	494246.66 0.52212393 0.5753059 0.40257025	0.9999999999291231
70295915_7050	515.0	60	58	465728.0 0.61053663 0.4272172 0.4622462	465728.66 0.6105336 0.42722088 0.46224555	0.9999999998534731
70295915_10000	508.0	67	59	401782.66 0.49521053 0.535817 0.46897244	401782.0 0.4952163 0.5358154 0.46896824	0.9999999883343432
70295915_10000	508.0	68	60	410284.66 0.52471375 0.45925432 0.516032	410282.66 0.5247139 0.45925167 0.5160345	0.9999999991484808
70295915_10000	508.0	69	61	399621.34 0.47150886 0.52980155 0.4986896	399619.34 0.4715062 0.52980417 0.49868956	0.9999999999944303
70295915_7050	515.0	65	63	424765.34 0.46916965 0.47082466 0.56000566	424764.66 0.46916804 0.4708278 0.56000423	0.9999999989553354
70295915_7050	515.0	66	64	456853.34 0.43775535 0.52067256 0.54157203	456853.34 0.43775755 0.52067035 0.54157203	0.9999999996583869
70295915_7050	515.0	67	65	523056.66 0.454771 0.47302523 0.5722038	523054.66 0.45477083 0.47302705 0.57220215	0.9999999998241610
70295915_7050	515.0	76	75	467404.66 0.5030502 0.48433408 0.5126158	467406.0 0.503053 0.48433053 0.51261646	0.9999999899920229
70295915_3500	548.0	69	78	547587.3 0.36446974 0.5834211 0.55210924	547588.0 0.3644711 0.5834204 0.5521085	0.9999999999993070
