ID	BITRATE	START_IDX	CAPTURE_START_IDX	KEY	CAPTURE_KEY	CORRELATION
70297757_7050	806.0	11	23	1056108.6 0.57577693 0.73851115 0.18571195	1056108.6 0.575776 0.7385121 0.18571195	0.9999999999949010
70297757_6500	770.0	9	24	1146712.6 0.6801608 0.17103761 0.6488016	1146713.4 0.6801604 0.17103839 0.6488012	0.9999999999999952
70297757_6500	770.0	10	25	1171418.0 0.16743042 0.6351183 0.6974513	1171419.4 0.16743107 0.63511753 0.69745135	0.9999999999987889
70297757_15000	727.0	22	26	1529502.0 0.48642564 0.53416604 0.47940832	1529501.4 0.48642585 0.5341662 0.47940788	0.9999999999484979
70297757_15000	727.0	23	27	1164126.0 0.7018209 0.62987685 0.16830222	1164125.4 0.7018213 0.6298763 0.16830231	0.9999999999987541
70297757_15000	727.0	24	28	1088328.6 0.67374504 0.18002374 0.6462313	1088328.0 0.6737445 0.18002385 0.64623165	0.9999999999987097
70297757_20000	703.0	28	29	1067455.4 0.18354397 0.6588669 0.6575891	1067456.6 0.18354376 0.65886706 0.65758926	1.0000000000000000
70297757_20000	703.0	29	30	1348342.6 0.5216115 0.5205999 0.45778868	1348342.0 0.52161247 0.52060086 0.45778668	0.9999999999997901
70297757_20000	703.0	30	31	1132202.6 0.61998355 0.5451816 0.33483493	1132200.6 0.6199855 0.5451799 0.33483464	0.9999999999331906
70297757_7050	806.0	18	32	897816.0 0.68750834 0.42224687 0.39024478	897814.0 0.68750656 0.42224783 0.39024565	0.9999999999993280
70297757_3500	663.0	15	33	617488.0 0.61393905 0.56740695 0.31865397	617489.3 0.61393774 0.56740737 0.3186549	0.9999999999893572
70297757_3500	663.0	16	34	569162.7 0.61558324 0.3457096 0.53870714	569163.3 0.6155843 0.34571096 0.5387048	0.9999999998997320
70297757_5500	738.0	22	35	445484.66 0.44168076 0.6882639 0.3700554	445487.34 0.44168708 0.6882597 0.37005317	0.9999999995619169
70297757_7050	806.0	21	36	413942.66 0.74070406 0.39825323 0.36104277	413943.34 0.74070764 0.39825258 0.36103976	0.9999999999908943
70297757_3500	663.0	19	37	340136.66 0.48466697 0.43937635 0.57595676	340138.0 0.484668 0.4393805 0.5759515	0.9999999999999923
70297757_4200	716.0	20	38	362423.34 0.41236305 0.54709774 0.54053915	362423.34 0.41236305 0.54053634 0.54710054	0.9962699457623321
70297757_5500	738.0	27	41	496604.0 0.44978696 0.5242165 0.52599657	496604.66 0.44978637 0.5259939 0.5242198	0.9991653632235424
70297757_4800	766.0	28	44	511614.66 0.5010998 0.38427556 0.6146247	511615.34 0.5011011 0.38427502 0.61462384	0.9999999999520057
70297757_7050	806.0	30	45	493010.66 0.39877638 0.6378138 0.46340987	493011.34 0.39877582 0.63781697 0.4634072	0.9999999999005230
70297757_7050	806.0	31	46	492256.66 0.6387907 0.46411967 0.3970896	492258.66 0.6387922 0.46411577 0.39709204	0.9999999996270941
70297757_7050	806.0	32	47	433508.66 0.527016 0.4509022 0.52208185	433509.34 0.5270129 0.45090607 0.522081	0.9999999997466894
70297757_7050	806.0	33	48	411917.34 0.47453696 0.5494476 0.4760154	411918.66 0.4745403 0.54944587 0.4760139	0.9999999984257704
70297757_7050	806.0	34	49	441983.34 0.5120713 0.44363436 0.54429424	441985.34 0.512069 0.44363236 0.5442986	0.9999999987124708
70297757_7050	806.0	35	50	527444.7 0.37175274 0.4561028 0.6721444	527445.3 0.3717523 0.45610794 0.6721398	0.9999999997024568
70297757_15000	727.0	46	51	527520.0 0.45604336 0.67204845 0.3719082	527519.3 0.45604396 0.6720455 0.37191054	0.9999999999994063
70297757_6500	770.0	42	58	529865.3 0.5684105 0.37109432 0.56049526	529846.0 0.5683765 0.37110972 0.5605138	0.9999999733447883
70297757_7050	806.0	47	62	600154.7 0.6613795 0.51203966 0.3265808	600156.0 0.661378 0.5120385 0.32658342	0.9999999999869592
70297757_7050	806.0	48	63	551495.3 0.5572178 0.3553956 0.58738667	551497.3 0.55721575 0.3553979 0.58738637	0.9999999999628048
70297757_7050	806.0	49	64	613576.7 0.31943685 0.5279552 0.6526079	613580.7 0.319438 0.5279534 0.6526086	0.9999999999595568
70297757_6500	770.0	49	66	771228.0 0.51920706 0.72640646 0.2543865	771227.3 0.5192088 0.7264058 0.25438544	0.9999999999800759
70297757_6500	770.0	50	67	913719.3 0.6131259 0.21471582 0.6721583	913716.7 0.6131266 0.21471535 0.672158	0.9999999999979333
70297757_6500	770.0	51	68	1030490.0 0.19038516 0.5959922 0.7136226	1030507.3 0.19038099 0.5959802 0.7136388	0.9999999988870867
70297757_6500	770.0	52	69	1392456.0 0.44106528 0.52811795 0.5308168	1392473.4 0.44105834 0.5281322 0.5308094	0.9999999770332494
70297757_3500	663.0	53	71	1420555.4 0.5248701 0.5203169 0.45481297	1420556.0 0.520316 0.52487195 0.45481205	0.9932501160132746
70297757_7050	806.0	57	73	780742.7 0.8275249 0.25167063 0.42080444	780744.7 0.8275253 0.25166997 0.42080465	0.9999999999994973
80081770_10000	1497.0	3	86	901254.0 0.8569715 0.21757019 0.4254583	901235.3 0.8504327 0.21746595 0.43210137	0.9998792415091063
70297757_20000	703.0	92	91	609848.7 0.6424741 0.5359001 0.32162568	609847.3 0.64247394 0.5358981 0.32162803	0.9999999999551950
70297757_20000	703.0	93	92	859662.7 0.38017005 0.22816275 0.8916672	859662.7 0.38016772 0.22816391 0.8916683	0.9999999999846990
70297757_20000	703.0	94	93	1206111.4 0.16262428 0.6355408 0.70183486	1206115.4 0.16262457 0.63553953 0.7018359	0.9999999999922885
