ID	BITRATE	START_IDX	CAPTURE_START_IDX	KEY	CAPTURE_KEY	CORRELATION
70297757_4200	716.0	18	21	649717.2 2.8853617	649715.2 2.8853598	0.9999999995463431
70297757_4200	716.0	19	22	650105.06 2.675989	650103.2 2.6759937	0.9999999993818119
70297757_4200	716.0	20	23	676295.2 2.842803	676294.56 2.8427982	0.9999999995792488
70297757_4200	716.0	21	24	730117.44 2.6429076	730117.06 2.6429105	0.9999999996550496
70297757_4200	716.0	22	25	724268.94 2.7190356	724268.25 2.719034	0.9999999997494162
70297757_4200	716.0	23	26	740429.75 2.7097845	740429.2 2.7097838	0.9999999997328368
70297757_4200	716.0	24	27	754786.8 2.7753837	754786.25 2.775383	0.9999999997274099
70297757_4200	716.0	25	28	763668.1 2.6955755	763667.75 2.6955755	0.9999999997372259
70297757_4200	716.0	26	29	764036.8 2.7952135	764036.25 2.7952182	0.9999999997183766
70297757_7050	806.0	30	30	766998.8 2.5996716	766999.6 2.5996635	0.9999999994032355
