ID	BITRATE	START_IDX	CAPTURE_START_IDX	KEY	CAPTURE_KEY	CORRELATION
70297757_10000	764.0	17	17	1429111.2 0.57168955 0.51308674 0.49213034 0.4911787 0.4319146	1429111.2 0.57168746 0.51308674 0.49213174 0.4911794 0.4319146	0.9999999997983661
70297757_10000	764.0	18	18	1253947.6 0.58475965 0.5608759 0.5597913 0.49224862 0.30232444	1253949.6 0.58475876 0.5608766 0.5597912 0.49224785 0.30232555	0.9999999999813294
70297757_20000	703.0	29	19	1100793.6 0.6389127 0.63767356 0.56073725 0.3443888 0.31828764	1100792.8 0.63891315 0.6376768 0.5607359 0.34438908 0.31828517	0.9999999999411638
70297757_4200	716.0	15	22	633840.0 0.5981005 0.5527673 0.60530734 0.48373723 0.26008773	633841.2 0.5981009 0.5527662 0.60530937 0.48373473 0.2600888	0.9999999999217798
70297757_4200	716.0	16	23	541980.0 0.6464556 0.70790064 0.5657257 0.3041699 0.2757482	541980.4 0.64645517 0.70790386 0.5657234 0.30417153 0.27574614	0.9999999999363848
70297757_4200	716.0	17	24	481146.0 0.7974045 0.6372536 0.34262782 0.3106126 0.41210154	481146.4 0.797408 0.63725096 0.3426296 0.31061023 0.41210118	0.9999999999331649
70297757_6500	770.0	19	25	417023.6 0.7352342 0.39530617 0.3583754 0.47546712 0.5356172	417024.8 0.73523444 0.39531222 0.35836956 0.47546571 0.535618	0.9999999995911187
70297757_20000	703.0	36	26	372740.8 0.4422698 0.40094617 0.5319568 0.5992502 0.525577	372742.4 0.44227594 0.40094444 0.53195184 0.5992503 0.5255774	0.9999999987544301
70297757_20000	703.0	37	27	410932.0 0.36368304 0.48251778 0.5435571 0.47673094 0.6335111	410931.2 0.36368376 0.48251632 0.54356056 0.4767343 0.6335051	0.9999999994071467
70297757_20000	703.0	38	28	455637.6 0.4351748 0.49022514 0.42995575 0.5713532 0.5732911	455636.8 0.43517336 0.49022818 0.42995867 0.5713476 0.57329214	0.9999999989550812
70297757_20000	703.0	39	29	478872.8 0.4664391 0.409094 0.5436308 0.5454747 0.53536135	478872.4 0.46644157 0.40909645 0.543625 0.5454751 0.5353618	0.9999999990542927
70297757_20000	703.0	40	30	515306.8 0.38016963 0.5051942 0.5069077 0.49750942 0.610219	515306.4 0.38017187 0.50518876 0.5069081 0.49750984 0.6102214	0.9999999992368505
70297757_6500	770.0	25	31	528331.2 0.49274018 0.4944096 0.485243 0.5951778 0.43242952	528330.4 0.49273524 0.49441224 0.48524562 0.5951787 0.4324283	0.9999999986034157
70297757_15000	727.0	56	49	645713.6 0.6147121 0.45993608 0.50167906 0.3035417 0.62013096	645713.2 0.6147141 0.4599364 0.5016794 0.30354035 0.6201298	0.9999999999599941
70297757_15000	727.0	57	50	609863.6 0.4869728 0.5311696 0.32138497 0.6565845 0.5038881	609862.8 0.48697346 0.53117025 0.32138374 0.6565837 0.5038887	0.9999999999721798
70297757_4800	766.0	47	51	715158.0 0.45296565 0.27406812 0.55991125 0.42969945 0.7833556	715157.6 0.45296448 0.27406546 0.5599129 0.4296997 0.7833574	0.9999999999875588
70297757_4800	766.0	48	52	664057.6 0.29515812 0.60299736 0.46276557 0.8436361 0.29544273	664057.6 0.2951551 0.60299885 0.46276557 0.84363765 0.29544273	0.9999999999863672
70297757_15000	727.0	60	53	879808.4 0.4551298 0.34928402 0.6367557 0.22298947 0.8358411	879809.2 0.45512822 0.3492837 0.63675624 0.22299267 0.8358392	0.9999999999804986
70297757_15000	727.0	61	54	965302.8 0.3183488 0.5803599 0.20323986 0.76181275 0.6362387	965303.6 0.31834853 0.5803604 0.2032428 0.7618111 0.63623714	0.9999999999889962
70297757_15000	727.0	62	55	1140625.6 0.49115413 0.17200035 0.6447164 0.538444 0.6536851	1140626.0 0.49115485 0.17200291 0.64471525 0.5384429 0.653684	0.9999999999967576
