ID	BITRATE	START_IDX	CAPTURE_START_IDX	KEY	CAPTURE_KEY	CORRELATION
70296965_7050	2358.0	27	35	2577242.5 0.5537869 0.5864714 0.64984494 0.6338247 0.076072	2577239.2 0.5537875 0.5864714 0.64984536 0.6338236 0.0760721	0.9999999999957762
70296965_7050	2358.0	28	36	2669939.5 0.56610984 0.62728316 0.6118191 0.07343088 0.62135714	2669936.5 0.5661097 0.62728345 0.6118179 0.07343096 0.62135786	0.9999999999956394
70296965_7050	2358.0	29	37	2816897.2 0.5945577 0.57990044 0.069599986 0.5889409 0.6670009	2816895.2 0.59455776 0.5798991 0.06960003 0.58894134 0.6670017	0.9999999999942557
70296965_7050	2358.0	30	38	2955788.5 0.55265117 0.06632951 0.56126684 0.6356588 0.6840936	2955787.2 0.55264974 0.06632954 0.5612671 0.6356594 0.68409425	0.9999999999941614
70296965_20000	2760.0	35	45	3085798.5 0.5855904 0.6350246 0.5000696 0.3892892 0.39002612	3085801.5 0.5855892 0.63502526 0.50006944 0.3892898 0.3900264	0.9999999999784018
70296965_15000	2473.0	41	46	2441647.5 0.80255646 0.63199747 0.491992 0.49292332 0.080530874	2441648.0 0.8025571 0.63199735 0.49199188 0.4929228 0.08053085	0.9999999999989745
70296965_15000	2473.0	42	47	2314863.5 0.6666117 0.5189382 0.5199205 0.08494151 0.7095883	2314863.2 0.66661173 0.51893824 0.5199201 0.08494152 0.70958835	0.9999999999996956
70296965_15000	2473.0	43	48	2428294.0 0.4946975 0.49563396 0.08097372 0.67644197 0.7522528	2428293.2 0.49469766 0.49563372 0.080973744 0.6764422 0.75225264	0.9999999999996949
70296965_7050	2358.0	47	56	2113546.8 0.62019354 0.6234842 0.09267266 0.5444261 0.6192236	2113550.0 0.62019354 0.62348515 0.092673466 0.5444238 0.6192241	0.9999999999846203
70296965_7050	2358.0	48	57	2169804.0 0.60731894 0.0902699 0.5303106 0.6031688 0.66893184	2169807.2 0.60731983 0.09027069 0.53030837 0.60316926 0.6689318	0.9999999999859328
70296965_7050	2358.0	49	58	2226549.5 0.0879693 0.51679516 0.5877965 0.65188354 0.6555556	2226549.5 0.0879702 0.5167938 0.5877978 0.65188444 0.6555538	0.9999999999828962
70296965_7050	2358.0	50	59	2767215.5 0.41582233 0.47295123 0.5245168 0.52747136 0.5592383	2767214.5 0.4158214 0.47295249 0.5245177 0.5274701 0.5592382	0.9999999998095443
70296965_7050	2358.0	61	69	4084320.5 0.3541211 0.43801093 0.5493506 0.5795713 0.578946	4084332.8 0.35411978 0.4380101 0.54934895 0.57957006 0.5789511	0.9999999996576814
70296965_6500	2026.0	58	70	4441918.5 0.40274894 0.5051245 0.5329132 0.5323382 0.526875	4441919.0 0.40274912 0.5051249 0.53291315 0.53234404 0.5268687	0.9999999969907647
