ID	BITRATE	START_IDX	CAPTURE_START_IDX	KEY	CAPTURE_KEY	CORRELATION
70296965_20000	2760.0	16	22	3778414.0 0.4458032 0.5113632 0.54283357	3778433.2 0.44580066 0.5113609 0.5428385	0.9999999984729063
70296965_15000	2473.0	23	23	2786212.0 0.69346553 0.7361432 0.07039127	2786231.2 0.6934611 0.7361482 0.07039078	0.9999999999216416
70296965_7050	2358.0	27	32	3075686.8 0.46404043 0.49142814 0.5445314	3075686.0 0.46404088 0.49142793 0.5445312	0.9999999999822874
70296965_7050	2358.0	28	33	3213204.8 0.4703961 0.52122664 0.5083772	3213203.2 0.470396 0.5212266 0.50837743	0.9999999999786332
70296965_7050	2358.0	29	34	2336256.0 0.7168769 0.6992042 0.083918884	2336257.2 0.7168761 0.69920385 0.08392012	0.9999999999998570
70296965_7050	2358.0	30	35	2325708.0 0.70237535 0.08429949 0.71332514	2325710.0 0.70237476 0.08430071 0.71332455	0.9999999999999994
70296965_7050	2358.0	31	36	2489276.8 0.07876023 0.666453 0.75478673	2489278.0 0.07876139 0.6664527 0.75478595	0.9999999999999616
70296965_7050	2358.0	32	37	3706596.8 0.4475766 0.5068998 0.5455236	3706596.0 0.4475767 0.5068996 0.5455237	0.9999999999950894
70296965_7050	2358.0	33	38	2731316.0 0.68790025 0.7403157 0.07178408	2731315.2 0.68790007 0.74031585 0.071784094	0.9999999999998694
70296965_20000	2760.0	32	39	2549694.8 0.7930502 0.07689705 0.6300527	2549693.2 0.7930507 0.07689749 0.63005185	0.9999999999982750
70296965_20000	2760.0	33	40	2406346.8 0.081477866 0.66758543 0.7509367	2406346.0 0.081478305 0.66758436 0.75093734	0.9999999999970878
70296965_20000	2760.0	34	41	3582009.2 0.44847512 0.5044694 0.54705554	3582009.2 0.4484743 0.5044697 0.5470561	0.9999999999928941
70296965_20000	2760.0	35	42	3539790.8 0.5104861 0.55358016 0.43593368	3539791.2 0.5104863 0.55358064 0.43593305	0.9999999999992063
70296965_20000	2760.0	36	43	3135960.0 0.624867 0.49207067 0.38306227	3135961.2 0.62486744 0.49206987 0.38306278	0.9999999999815685
70296965_10000	2133.0	54	46	2028514.6 0.09693201 0.59331244 0.80975556	2028516.0 0.09693145 0.59331304 0.8097555	0.9999999999992548
70296965_7050	2358.0	42	48	3136359.2 0.5237292 0.58242404 0.39384678	3136358.0 0.5237291 0.5824239 0.39384693	0.9999999999998317
80102952_10000	3108.0	13	51	2059177.4 0.09649144 0.7643164 0.63919216	2059160.0 0.09525 0.76817393 0.63657606	0.9999646994722222
70296965_20000	2760.0	44	52	2806912.0 0.56353426 0.46699327 0.4694725	2806914.8 0.5635344 0.46699387 0.4694717	0.9999999999151440
70296965_7050	2358.0	47	53	1882959.4 0.6961425 0.69983613 0.10402136	1882966.0 0.69614214 0.6998358 0.104022056	0.9999999999999999
