ID	BITRATE	START_IDX	CAPTURE_START_IDX	KEY	CAPTURE_KEY	CORRELATION
70295915_6500	515.0	9	11	490986.8 0.52641535 0.60221374 0.40428784 0.47195566 0.49512735	490984.4 0.5264179 0.60221463 0.40428576 0.47195593 0.4951257	0.9999999998000064
70295915_6500	515.0	10	12	486028.4 0.6083574 0.40841234 0.4767705 0.5001786 0.50628114	486026.4 0.6083579 0.4084099 0.4767704 0.50017655 0.50628525	0.9999999994401058
70295915_6500	515.0	11	13	447310.8 0.44376302 0.518038 0.54347223 0.55010295 0.44462374	447310.0 0.44375935 0.5180367 0.5434687 0.55010617 0.444629	0.9999999970476655
70295915_6500	515.0	12	14	484248.4 0.478523 0.50201714 0.5081421 0.41070864 0.6006091	484248.4 0.47852093 0.502013 0.50814414 0.41071275 0.6006091	0.9999999989991107
70295915_7050	515.0	14	15	488863.6 0.49727777 0.50334287 0.40683332 0.594939 0.4976071	488864.0 0.49727327 0.50334656 0.40683502 0.59493846 0.4976067	0.9999999990046202
70295915_7050	515.0	15	16	475549.6 0.517435 0.41822347 0.6115955 0.5115387 0.4412074	475550.4 0.5174383 0.41822484 0.6115945 0.5115378 0.44120455	0.9999999995014752
70295915_7050	515.0	16	17	474516.8 0.41913372 0.61292666 0.51265204 0.44216767 0.5131199	474516.8 0.41913584 0.61292666 0.51265204 0.44216558 0.5131199	0.9999999998088741
70295915_7050	515.0	17	18	505993.2 0.5747982 0.4807614 0.4146617 0.48120016 0.54857856	505992.8 0.5747987 0.48076177 0.41466004 0.48120052 0.5485789	0.9999999999579449
70295915_7050	515.0	18	19	469346.0 0.51829994 0.44703907 0.51877296 0.5914123 0.42447576	469345.2 0.51830083 0.44703773 0.51877385 0.5914133 0.42447436	0.9999999999664475
70295915_7050	515.0	19	20	530939.6 0.39517865 0.45859075 0.5228033 0.37523288 0.7481943	530938.8 0.39517736 0.45859146 0.52280414 0.37523156 0.74819547	0.9999999999878958
70295915_7050	515.0	20	21	566424.4 0.42986146 0.4900513 0.3517257 0.7013222 0.52703947	566424.0 0.42986172 0.49005163 0.35172415 0.7013227 0.5270398	0.9999999999890888
70295915_7050	515.0	21	22	572863.2 0.48454326 0.3477724 0.69343954 0.5211157 0.45312914	572862.0 0.48454428 0.34777138 0.693441 0.5211168 0.45312658	0.9999999999460690
70295915_20000	507.0	33	23	541373.6 0.36800277 0.73377603 0.55142695 0.47948033 0.3673138	541373.2 0.36799937 0.7337748 0.55142736 0.47948256 0.36731595	0.9999999998779187
70295915_20000	507.0	34	24	545644.4 0.72803277 0.5471109 0.47572744 0.36443883 0.3846901	545644.4 0.728031 0.5471109 0.47572926 0.36444068 0.3846883	0.9999999999390037
70295915_20000	507.0	35	25	483572.8 0.61733824 0.536792 0.41121832 0.43406907 0.50058234	483572.4 0.6173388 0.5367945 0.41122073 0.43406737 0.5005786	0.9999999994688779
70295915_20000	507.0	36	26	445602.8 0.5825322 0.4462584 0.47105628 0.54323715 0.4569159	445602.8 0.5825345 0.44626066 0.47105402 0.5432327 0.45691812	0.9999999986514527
70295915_20000	507.0	37	27	435615.6 0.45648962 0.48185602 0.5556918 0.46739143 0.5385712	435615.6 0.45649192 0.48185372 0.5556872 0.46739373 0.53857344	0.9999999980498946
70295915_7050	515.0	26	28	403998.8 0.5195659 0.59918 0.5039693 0.58071953 0.29656523	403998.0 0.51956445 0.5991762 0.50397277 0.58072317 0.29656336	0.9999999996250726
70295915_6500	515.0	27	29	399636.8 0.60572 0.5094726 0.5870605 0.2997997 0.49794713	399636.0 0.6057162 0.5094736 0.5870617 0.2998003 0.49794814	0.9999999998703002
70295915_6500	515.0	28	30	406130.4 0.5013267 0.57767403 0.29500622 0.48998547 0.63600755	406129.2 0.5013282 0.5776758 0.2950071 0.48998696 0.63600206	0.9999999997861400
70295915_6500	515.0	29	31	447310.4 0.5244926 0.26784757 0.44487676 0.5774558 0.68532723	447309.6 0.5244936 0.26784804 0.44487756 0.57745016 0.6853307	0.9999999997656938
70295915_6500	515.0	30	32	435964.4 0.2748183 0.4564547 0.5924842 0.7031629 0.47307992	435963.2 0.27481908 0.45645598 0.59247893 0.70316714 0.47307894	0.9999999997659367
70295915_7050	515.0	41	41	543226.8 0.3669793 0.7473361 0.527647 0.32755378 0.5304838	543228.0 0.36697668 0.74733263 0.5276477 0.3275586 0.53048444	0.9999999998737599
70295915_7050	515.0	42	42	601010.8 0.6754837 0.47691655 0.29606122 0.47948056 0.5720579	601013.2 0.67547935 0.4769163 0.29606506 0.47948033 0.572059	0.9999999999507539
