ID	BITRATE	START_IDX	CAPTURE_START_IDX	KEY	CAPTURE_KEY	CORRELATION
70297757_4800	766.0	8	10	856366.0 0.46513405 0.6040093 0.2290259 0.5667355 0.6350953	856368.4 0.4651351 0.6040146 0.2290241 0.56673276 0.6350935	0.9999999998141820
70297757_4200	716.0	18	21	406040.4 0.75512683 0.40600392 0.36806682 0.48832825 0.48247415	406038.0 0.7551288 0.40600142 0.3680616 0.48833606 0.4824721	0.9999999995526544
70297757_4200	716.0	19	22	372742.0 0.44227374 0.40094757 0.5319524 0.52557534 0.599251	372739.6 0.44227123 0.40094212 0.5319612 0.5255734 0.59925216	0.9999999984699800
70297757_4200	716.0	20	23	410932.4 0.36368513 0.4825149 0.47673047 0.54355896 0.63351053	410930.4 0.3636796 0.4825221 0.47672793 0.5435592 0.6335112	0.9999999990557188
70297757_4200	716.0	21	24	455636.4 0.43517375 0.42995685 0.4902286 0.5713547 0.57328606	455636.4 0.43517813 0.42995247 0.49022642 0.5713525 0.57329047	0.9999999983422325
70297757_4200	716.0	22	25	478872.4 0.40909436 0.46644157 0.54363126 0.54546887 0.5353639	478871.2 0.40909123 0.46644068 0.54363054 0.54547447 0.5353632	0.9999999991549083
70297757_4800	766.0	25	26	479149.2 0.46616796 0.54331094 0.5451559 0.53505254 0.4103127	479148.8 0.4661704 0.54331553 0.5451584 0.53505296 0.41030258	0.9999999984852058
70297757_7050	806.0	27	27	515584.0 0.5049187 0.4972439 0.5066313 0.3813171 0.609889	515582.8 0.5049218 0.5066344 0.4972431 0.3813083 0.6098923	0.9966400372756185
70297757_7050	806.0	28	28	502839.2 0.5098469 0.51947224 0.39098185 0.625347 0.45435202	502837.2 0.5194763 0.5098469 0.39097348 0.62535155 0.45435184	0.9969266833521524
70297757_4800	766.0	28	29	476544.8 0.5379767 0.41255513 0.6598561 0.47942397 0.41018808	476541.6 0.5379803 0.4125474 0.65985847 0.479423 0.41019085	0.9999999992421061
70297757_7050	806.0	30	30	464525.2 0.42323002 0.6769256 0.49182695 0.42079526 0.48722222	464524.8 0.4232196 0.67692834 0.4918252 0.42080206 0.4872248	0.9999999981719052
70297757_7050	806.0	31	31	464316.4 0.67723 0.49204808 0.42098448 0.4874413 0.42229608	464318.4 0.6772292 0.49204382 0.42098913 0.48744136 0.4222964	0.9999999996017754
70297757_7050	806.0	32	32	434764.4 0.5254938 0.44959983 0.5205739 0.45100057 0.55333185	434766.8 0.5254886 0.44960424 0.5205733 0.4510004 0.5533334	0.9999999976989165
70297757_7050	806.0	33	33	485185.6 0.40287676 0.4664751 0.40413195 0.4958288 0.7306874	485188.0 0.40288094 0.46647486 0.404132 0.49583048 0.7306817	0.9999999999174856
70297757_7050	806.0	34	34	548922.0 0.41231176 0.3572074 0.43825716 0.64584583 0.6463778	548924.4 0.4123118 0.3572077 0.43825892 0.64584124 0.6463805	0.9999999998053219
70297757_7050	806.0	35	35	536866.8 0.36522838 0.4480981 0.6603481 0.660892 0.36543328	536868.4 0.3652292 0.44810054 0.66034436 0.6608957 0.36543036	0.9999999997648976
70297757_7050	806.0	36	36	568456.4 0.42319694 0.6236521 0.6241658 0.34512585 0.48385948	568457.2 0.42319986 0.6236494 0.6241701 0.34512362 0.483857	0.9999999996431335
70297757_7050	806.0	37	37	600794.0 0.59008414 0.59057015 0.32654953 0.45781583 0.53498036	600794.0 0.59008247 0.59057516 0.32654786 0.45781416 0.53498036	0.9999999997531170
70297757_7050	806.0	38	38	569181.6 0.62337047 0.34468612 0.48324293 0.5646932 0.48400718	569181.2 0.6233762 0.34468463 0.48324156 0.5646936 0.48400405	0.9999999997436807
70297757_7050	806.0	39	39	547718.8 0.35819292 0.5021792 0.5868212 0.50297344 0.54983324	547718.0 0.3581916 0.50217813 0.58682203 0.5029705 0.5498377	0.9999999995912117
70297757_7050	806.0	40	40	547895.2 0.50201756 0.58663225 0.5028115 0.5496562 0.35888252	547894.4 0.5020165 0.58663315 0.5028086 0.5496607 0.3588812	0.9999999995884455
70297757_15000	727.0	77	64	686746.4 0.7644846 0.5156518 0.28645656 0.45494816 0.47845903	686747.2 0.7644822 0.51564974 0.28645766 0.45494908 0.47846135	0.9999999999611173
70297757_15000	727.0	78	65	611132.0 0.5794526 0.32189935 0.51123816 0.537658 0.54975194	611133.2 0.5794498 0.32190037 0.5112388 0.53766024 0.54975086	0.9999999998565903
70297757_7050	806.0	67	66	642465.2 0.30620024 0.48630807 0.5114394 0.5229435 0.6731088	642463.6 0.30620256 0.48630768 0.51144063 0.52294165 0.6731074	0.9999999999643698
70297757_7050	806.0	68	67	719544.8 0.4342134 0.45665258 0.46692437 0.6010036 0.54120606	719542.4 0.4342135 0.45665413 0.46692315 0.6010028 0.5412065	0.9999999998916028
70297757_7050	806.0	69	68	740812.4 0.4435428 0.4535197 0.5837497 0.52566886 0.49351904	740810.8 0.44354373 0.45351794 0.5837482 0.5256686 0.49352142	0.9999999995864925
70297757_7050	806.0	70	69	750723.6 0.4475322 0.5760429 0.51872885 0.48700345 0.47069252	750722.0 0.4475305 0.57604146 0.5187286 0.48700583 0.47069356	0.9999999994476314
