ID	BITRATE	START_IDX	CAPTURE_START_IDX	KEY	CAPTURE_KEY	CORRELATION
70295915_7050	515.0	27	0	445671.0 0.543154 0.45684597	445670.0 0.5431508 0.45684925	1.0000000000000000
70039177_7050	739.0	77	2	408663.0 0.51948184 0.4805182	408679.0 0.5136134 0.48638663	1.0000000000000000
70295915_7050	515.0	29	4	354422.0 0.661951 0.338049	354422.0 0.6619538 0.33804616	1.0000000000000000
60020801_1200	377.0	50	5	318273.0 0.37491712 0.62508285	318260.0 0.37645635 0.6235436	1.0000000000000000
70305893_3500	1139.0	62	6	456746.0 0.43048215 0.56951785	456748.0 0.43448249 0.56551754	0.9999999999999999
70112732_3500	812.0	0	9	401262.0 0.5116034 0.4883966	401263.0 0.51054543 0.48945454	1.0000000000000000
70019012_15000	3333.0	6	10	454869.0 0.43155283 0.5684472	454863.0 0.43177837 0.5682216	1.0000000000000000
70295915_6500	515.0	9	11	554142.0 0.46642017 0.5335798	554141.0 0.466421 0.533579	1.0000000000000000
70295915_7050	515.0	11	12	494177.0 0.59832406 0.4016759	494176.0 0.5983253 0.40167472	1.0000000000000000
70295915_6500	515.0	11	13	430224.0 0.46138754 0.5386124	430221.0 0.4613861 0.53861386	1.0000000000000000
70295915_6500	515.0	12	14	474825.0 0.4880198 0.5119802	474822.0 0.48802078 0.5119792	1.0000000000000000
70295915_7050	515.0	14	15	489167.0 0.49696934 0.50303066	489167.0 0.49696526 0.5030348	1.0000000000000000
80206300_800	376.0	7	16	444957.0 0.55924505 0.44075495	444955.0 0.55301774 0.44698226	1.0000000000000000
70295915_7050	515.0	16	17	489730.0 0.40611356 0.59388644	489731.0 0.4061148 0.59388524	1.0000000000000000
70295915_7050	515.0	17	18	534106.0 0.54454356 0.4554564	534106.0 0.54454356 0.4554564	1.0000000000000000
70295915_7050	515.0	18	19	453078.0 0.53690976 0.46309024	453077.0 0.53691095 0.46308905	1.0000000000000000
70295915_7050	515.0	19	20	453300.0 0.46286345 0.53713655	453299.0 0.46286225 0.53713775	1.0000000000000000
70295915_7050	515.0	20	21	521061.0 0.467285 0.53271496	521061.0 0.467285 0.53271496	1.0000000000000000
70295915_7050	515.0	21	22	476803.0 0.58216286 0.41783714	476802.0 0.5821641 0.41783592	1.0000000000000000
70295915_7050	515.0	22	23	596472.0 0.3340073 0.6659927	596471.0 0.3340062 0.6659938	1.0000000000000000
70295915_7050	515.0	23	24	695774.0 0.57094115 0.42905885	695774.0 0.57094115 0.42905885	1.0000000000000000
70295915_7050	515.0	24	25	558109.0 0.5348919 0.46510807	558107.0 0.5348939 0.46510616	1.0000000000000000
70295915_20000	507.0	36	26	458432.0 0.5662301 0.43376988	458434.0 0.5662298 0.43377018	1.0000000000000000
70295915_20000	507.0	37	27	408758.0 0.48648345 0.51351655	408758.0 0.4864859 0.5135141	1.0000000000000000
70295915_7050	515.0	26	28	451972.0 0.46441814 0.5355818	451969.0 0.464419 0.535581	1.0000000000000000
70295915_7050	515.0	27	29	445671.0 0.543154 0.45684597	445670.0 0.5431508 0.45684925	1.0000000000000000
70295915_7050	515.0	28	30	438213.0 0.4646211 0.53537893	438215.0 0.46462125 0.53537875	1.0000000000000000
70295915_7050	515.0	29	31	354422.0 0.661951 0.338049	354422.0 0.6619538 0.33804616	1.0000000000000000
80144140_1200	413.0	7	32	318798.0 0.37634176 0.62365824	318809.0 0.3758081 0.62419194	0.9999999999999999
70295915_6500	515.0	31	33	457300.0 0.43515855 0.56484145	457297.0 0.43516138 0.5648386	1.0000000000000000
70295915_7050	515.0	32	34	564855.0 0.45728728 0.54271275	564854.0 0.45728454 0.5427155	1.0000000000000000
70295915_7050	515.0	33	35	512797.0 0.5978077 0.4021923	512800.0 0.59780616 0.40219384	1.0000000000000000
70295915_7050	515.0	36	37	607110.0 0.32708898 0.672911	607111.0 0.3270901 0.6729099	1.0000000000000000
70295915_20000	507.0	49	38	607397.0 0.67259467 0.3274053	607397.0 0.67259306 0.32740694	1.0000000000000000
70295915_7050	515.0	41	41	605326.0 0.32933164 0.67066836	605324.0 0.32933107 0.67066896	1.0000000000000000
70295915_7050	515.0	42	42	692605.0 0.58615375 0.41384628	692605.0 0.58615226 0.4138477	1.0000000000000000
81006261_7050	1797.0	4	43	464557.0 0.61742693 0.38257307	464572.0 0.61698294 0.38301706	1.0000000000000000
70295915_7050	515.0	44	44	466109.0 0.3817476 0.6182524	466113.0 0.38175076 0.61824924	1.0000000000000000
70295915_7050	515.0	45	45	631986.0 0.45598003 0.54401994	631989.0 0.45597947 0.54402053	1.0000000000000000
80096067_6500	1163.0	8	47	580551.0 0.34240746 0.65759254	580563.0 0.34249514 0.65750486	1.0000000000000000
70295915_4800	541.0	41	48	562719.0 0.6783528 0.32164723	562721.0 0.6783522 0.32164785	1.0000000000000000
70295915_20000	507.0	60	49	484664.0 0.37345046 0.62654954	484662.0 0.373452 0.626548	1.0000000000000000
80102952_2000	506.0	45	52	409834.0 0.51562095 0.48437905	409814.0 0.5153826 0.4846174	1.0000000000000000
70295915_5500	527.0	49	53	378756.0 0.52434814 0.47565186	378758.0 0.52435327 0.4756467	1.0000000000000000
70295915_5500	527.0	52	56	749342.0 0.3994091 0.60059094	749344.0 0.39940935 0.60059065	1.0000000000000000
70295915_3500	548.0	47	58	873439.0 0.54717386 0.45282614	873441.0 0.5471726 0.4528274	1.0000000000000000
70295915_2000	473.0	48	59	679861.0 0.58176154 0.41823843	679860.0 0.58176386 0.4182361	0.9999999999999999
70295915_4800	541.0	52	60	560445.0 0.5073522 0.4926478	560444.0 0.50735134 0.4926487	1.0000000000000000
70295915_6500	515.0	58	61	475068.0 0.58118 0.41882005	475071.0 0.5811805 0.41881952	1.0000000000000000
81000864_6500	2101.0	1	62	457019.0 0.43502787 0.56497216	457027.0 0.43535504 0.564645	1.0000000000000000
896970_3500	1080.0	36	63	457238.0 0.56552607 0.43447396	457258.0 0.5643597 0.43564028	1.0000000000000000
70097579_4800	1394.0	1	64	414497.0 0.47975498 0.520245	414482.0 0.48059988 0.5194001	1.0000000000000000
70308278_10000	2309.0	3	65	414580.0 0.52563316 0.47436684	414570.0 0.51928985 0.48071012	1.0000000000000000
80075563_6500	2120.0	4	66	387699.0 0.51274055 0.48725945	387710.0 0.51401305 0.48598695	1.0000000000000000
70295915_6500	515.0	63	67	388413.0 0.48510993 0.5148901	388411.0 0.48510984 0.51489013	0.9999999999999999
70295915_2000	473.0	58	69	449368.0 0.4494067 0.55059326	449364.0 0.4493996 0.5506004	1.0000000000000000
70208599_4200	826.0	10	70	485311.0 0.50363374 0.49636626	485292.0 0.5098374 0.4901626	1.0000000000000000
81074663_4200	1412.0	6	72	419793.0 0.5260569 0.4739431	419791.0 0.5278174 0.47218257	1.0000000000000000
70084788_2000	533.0	48	73	416703.0 0.4761569 0.5238431	416682.0 0.47570568 0.5242943	1.0000000000000000
70295915_6500	515.0	69	74	439560.0 0.49701065 0.50298935	439559.0 0.49700722 0.50299275	1.0000000000000000
70295915_5500	527.0	69	75	432816.0 0.51082677 0.48917323	432814.0 0.5108314 0.48916855	1.0000000000000000
70295915_5500	527.0	70	76	401503.0 0.5273236 0.47267643	401499.0 0.52732134 0.47267863	1.0000000000000000
70295915_7050	515.0	75	77	424909.0 0.44663915 0.5533608	424910.0 0.44663575 0.5533642	1.0000000000000000
80216541_1200	588.0	9	78	433885.0 0.5385851 0.4614149	433878.0 0.5419265 0.45807347	1.0000000000000000
70298735_7050	460.0	54	79	425135.0 0.46170276 0.53829724	425127.0 0.46750265 0.53249735	1.0000000000000000
70295915_7050	515.0	77	80	465979.0 0.48581588 0.5141841	465978.0 0.48581478 0.5141852	1.0000000000000000
70021636_4200	1146.0	4	81	559062.0 0.4313797 0.5686203	559071.0 0.4285663 0.57143366	1.0000000000000000
70295915_3500	548.0	70	82	621802.0 0.5137873 0.48621264	621827.0 0.5137635 0.4862365	1.0000000000000000
