ID	BITRATE	START_IDX	CAPTURE_START_IDX	KEY	CAPTURE_KEY	CORRELATION
14607635_3500	974.0	3	0	494104.0 0.5977871 0.4022129	494080.0 0.6029489 0.3970511	1.0000000000000000
70103763_800	352.0	6	1	315216.0 0.6258756 0.3741244	315227.0 0.6223293 0.3776707	1.0000000000000000
70298735_15000	444.0	6	5	411175.0 0.47803003 0.52197	411176.0 0.4780313 0.5219687	1.0000000000000000
70298735_6500	478.0	23	6	341702.0 0.628097 0.371903	341701.0 0.6280959 0.3719041	1.0000000000000000
70298735_15000	444.0	8	7	323227.0 0.39315403 0.606846	323230.0 0.3931566 0.6068434	1.0000000000000000
70298735_15000	444.0	9	8	467573.0 0.41950455 0.5804955	467576.0 0.419504 0.580496	1.0000000000000000
70298735_20000	448.0	59	11	305649.0 0.35663784 0.64336216	305651.0 0.35862797 0.641372	1.0000000000000000
70298735_7050	460.0	6	12	555607.0 0.3528267 0.6471733	555611.0 0.35282958 0.6471704	1.0000000000000000
70298735_7050	460.0	7	13	769544.0 0.46725592 0.53274405	769543.0 0.46725783 0.53274214	1.0000000000000000
70298735_7050	460.0	8	14	675178.0 0.6072028 0.39279717	675177.0 0.6072008 0.39279923	1.0000000000000000
70298735_7050	460.0	9	15	952129.0 0.2785421 0.7214579	952129.0 0.27854314 0.7214569	1.0000000000000000
70298735_7050	460.0	10	16	882934.0 0.77799815 0.22200187	882932.0 0.77799875 0.22200124	1.0000000000000000
70298735_7050	460.0	11	17	297033.0 0.6599031 0.3400969	297032.0 0.659902 0.34009802	1.0000000000000000
70298735_7050	460.0	12	18	285833.0 0.35342315 0.6465768	285832.0 0.3534244 0.6465756	1.0000000000000000
70298735_7050	460.0	13	19	381478.0 0.4844657 0.51553434	381481.0 0.48445925 0.5155407	1.0000000000000000
70298735_7050	460.0	15	21	329719.0 0.59532815 0.40467185	329713.0 0.59532684 0.40467316	1.0000000000000000
80144140_1200	413.0	50	22	262334.0 0.5084015 0.4915985	262343.0 0.50859374 0.4914063	1.0000000000000000
70298735_7050	460.0	17	23	522605.0 0.24667962 0.7533204	522606.0 0.24668105 0.75331897	1.0000000000000000
70298735_5500	468.0	16	24	590163.0 0.6670852 0.3329148	590165.0 0.6670829 0.33291706	1.0000000000000000
70298735_5500	468.0	17	25	366318.0 0.5363482 0.4636518	366321.0 0.5363493 0.46365073	1.0000000000000000
70298735_5500	468.0	18	26	330628.0 0.5137012 0.4862988	330627.0 0.5137058 0.4862942	1.0000000000000000
70298735_7050	460.0	21	27	459168.0 0.3501638 0.64983624	459166.0 0.35016096 0.64983904	1.0000000000000000
70298735_7050	460.0	22	28	494351.0 0.6035873 0.39641267	494353.0 0.6035849 0.3964151	1.0000000000000000
70298735_6500	478.0	22	30	410842.0 0.47760454 0.5223955	410841.0 0.4776057 0.5223943	1.0000000000000000
70298735_6500	478.0	23	31	341702.0 0.628097 0.371903	341701.0 0.6280959 0.3719041	1.0000000000000000
70298735_6500	478.0	24	32	323550.0 0.39276773 0.6072323	323549.0 0.39276895 0.6072311	1.0000000000000000
70298735_7050	460.0	28	33	467896.0 0.41990313 0.58009684	467895.0 0.41989976 0.58010024	1.0000000000000000
80134721_5500	2300.0	9	34	467766.0 0.57481945 0.42518052	467764.0 0.5802627 0.4197373	1.0000000000000000
80991158_7050	1433.0	93	35	305956.0 0.6494202 0.35057983	305953.0 0.641726 0.35827398	1.0000000000000000
70298735_4200	454.0	29	36	307138.0 0.35690147 0.64309853	307134.0 0.35689634 0.64310366	0.9999999999999999
80986885_10000	2285.0	4	37	394042.0 0.504563 0.49543703	394019.0 0.50129306 0.4987069	1.0000000000000000
70298735_7050	460.0	32	38	306921.0 0.64023316 0.35976684	306920.0 0.64023197 0.359768	0.9999999999999999
70298735_7050	460.0	33	39	229338.0 0.48147276 0.5185272	229338.0 0.48147276 0.5185272	1.0000000000000000
70298735_5500	468.0	32	40	288350.0 0.41240853 0.58759147	288350.0 0.41240853 0.58759147	1.0000000000000000
60004481_15000	846.0	4	41	365534.0 0.4563652 0.5436348	365532.0 0.46352166 0.53647834	1.0000000000000000
70298735_15000	444.0	44	43	517761.0 0.19577952 0.8042205	517755.0 0.19577406 0.8042259	1.0000000000000000
70298735_6500	478.0	34	44	612382.0 0.6799563 0.3200437	612383.0 0.6799536 0.32004645	1.0000000000000000
70298735_5500	468.0	36	45	638488.0 0.3069627 0.6930373	638487.0 0.30696163 0.6930384	1.0000000000000000
70298735_5500	468.0	37	46	551107.0 0.8029221 0.19707789	551107.0 0.8029221 0.19707789	1.0000000000000000
70298735_6500	478.0	37	47	231066.0 0.47003886 0.5299611	231070.0 0.47003505 0.5299649	1.0000000000000000
70298735_7050	460.0	41	48	231461.0 0.5290567 0.47094327	231466.0 0.5290583 0.47094172	1.0000000000000000
70298735_800	337.0	22	49	221210.0 0.49276254 0.5072375	221213.0 0.49276942 0.5072306	1.0000000000000000
70298735_5500	468.0	42	50	477505.0 0.23497765 0.76502234	477506.0 0.23498343 0.76501656	1.0000000000000000
70298735_7050	460.0	45	51	499965.0 0.73065317 0.26934686	499963.0 0.73065406 0.26934594	1.0000000000000000
80239639_5500	1362.0	89	56	441846.0 0.4495209 0.5504791	441846.0 0.44483373 0.5551663	1.0000000000000000
70298735_7050	460.0	50	57	693045.0 0.3539366 0.6460634	693044.0 0.3539429 0.6460571	1.0000000000000000
70298735_3500	466.0	47	58	665237.0 0.6730684 0.3269316	665235.0 0.6730644 0.3269356	0.9999999999999999
70298735_20000	448.0	70	59	336659.0 0.64602166 0.35397837	336658.0 0.6460236 0.35397643	1.0000000000000000
70298735_7050	460.0	53	60	315457.0 0.37777257 0.62222743	315455.0 0.3777686 0.62223136	1.0000000000000000
70298735_7050	460.0	54	61	425135.0 0.46170276 0.53829724	425134.0 0.46170384 0.53829616	1.0000000000000000
70298735_7050	460.0	55	62	367401.0 0.6228862 0.37711385	367401.0 0.62288344 0.37711656	1.0000000000000000
