ID	BITRATE	START_IDX	CAPTURE_START_IDX	KEY	CAPTURE_KEY	CORRELATION
70297757_4200	716.0	18	21	442595.4 0.6927591 0.3724711 0.33766732 0.44799605 0.44262546 0.5046731 0.58818954 0.59017783 0.5792446 0.44419575	442593.4 0.69276 0.37246826 0.33766207 0.4480026 0.44262296 0.5046731 0.58818996 0.59018505 0.579245 0.44419098	0.9999999994686345
70297757_4200	716.0	19	22	444162.8 0.3711567 0.33647573 0.44641513 0.4410635 0.5028922 0.5861139 0.5880952 0.57720053 0.44262823 0.7079589	444161.2 0.37115353 0.3364702 0.44642127 0.4410606 0.5028918 0.5861138 0.5881018 0.57720035 0.4426231 0.7079637	0.9999999995605535
70297757_4200	716.0	20	23	456885.4 0.3271061 0.4339841 0.42878148 0.48888844 0.56979275 0.5717189 0.5611276 0.43030265 0.68824476 0.50005317	456883.8 0.32710066 0.43399 0.4287786 0.48888797 0.56979257 0.57172525 0.56112736 0.43029758 0.68824935 0.50005054	0.9999999994377151
70297757_4200	716.0	21	24	466090.0 0.42541355 0.4203137 0.47923362 0.5585402 0.56042826 0.55004615 0.42180482 0.674653 0.49017787 0.41938895	466089.0 0.42541876 0.4203103 0.47923252 0.5585393 0.56043375 0.5500452 0.42179927 0.67465657 0.49017462 0.41938987	0.9999999991846015
70297757_4200	716.0	22	25	471699.4 0.41531533 0.4735346 0.55189806 0.5537637 0.543505 0.41678873 0.66663 0.4843487 0.41440162 0.47981405	471698.0 0.41531235 0.47353393 0.5518976 0.5537696 0.54350454 0.41678363 0.66663414 0.4843459 0.41440287 0.47981548	0.9999999995083727
70297757_4200	716.0	23	26	471734.6 0.4734993 0.55185694 0.5537224 0.5434645 0.41675764 0.6665803 0.4843126 0.41437072 0.47977826 0.41565746	471733.6 0.4734982 0.551856 0.5537278 0.5434635 0.41675216 0.66658384 0.48430938 0.41437158 0.47977927 0.41565832	0.9999999994409352
70297757_4200	716.0	24	27	475175.2 0.5478611 0.5497131 0.53952944 0.41374004 0.66175383 0.4808058 0.4113704 0.47630432 0.4126478 0.50627434	475174.8 0.54785943 0.54971766 0.5395278 0.41373405 0.66175646 0.480802 0.41137072 0.4763047 0.41264814 0.50627893	0.9999999992360024
70297757_7050	806.0	28	28	494012.4 0.5189566 0.52875394 0.39796773 0.63652045 0.46247017 0.3956783 0.4581403 0.39691108 0.48696956 0.71763176	494012.6 0.5287557 0.5189544 0.39795747 0.63652223 0.46246797 0.39568424 0.45814216 0.39691296 0.4869734 0.7176295	0.9990625899716945
70297757_4200	716.0	26	29	512733.2 0.5000086 0.38343334 0.61328 0.44558653 0.38123727 0.44141477 0.3824211 0.46918944 0.69142586 0.6920032	512733.0 0.50000685 0.38342762 0.61328214 0.44558278 0.38123742 0.44141492 0.38242126 0.46919352 0.69142807 0.6920054	0.9999999997890856
70297757_7050	806.0	30	30	500696.0 0.39265543 0.6280238 0.45629683 0.39039657 0.4520248 0.3916129 0.4804692 0.7080524 0.70863557 0.39183256	500696.6 0.39264497 0.62802505 0.4562943 0.3904021 0.45202625 0.3916144 0.48047262 0.70804954 0.70864075 0.39183012	0.9999999993706689
70297757_7050	806.0	31	31	516386.4 0.60894126 0.44243225 0.37853438 0.43829 0.3797137 0.4658701 0.6865382 0.6871037 0.37992674 0.5326496	516387.8 0.60894156 0.4424291 0.37853914 0.43829075 0.3797146 0.46587273 0.6865344 0.6871076 0.37992376 0.5326462	0.9999999996644530
70297757_7050	806.0	32	32	517779.2 0.44124216 0.37751615 0.43711105 0.37869233 0.46461698 0.6846915 0.6852554 0.37890476 0.5312168 0.62075305	517780.4 0.44123918 0.37752104 0.43711194 0.37869334 0.46461976 0.6846879 0.68525964 0.37890193 0.53121364 0.62075156	0.9999999996689516
70297757_7050	806.0	33	33	527183.6 0.37078163 0.42931342 0.37193683 0.45632866 0.67247725 0.67303115 0.37214547 0.52174044 0.6096794 0.52256554	527184.6 0.3707866 0.4293145 0.37193802 0.45633158 0.6724741 0.67303556 0.37214288 0.5217375 0.60967827 0.5225608	0.9999999996103289
70297757_7050	806.0	34	34	548320.4 0.41276416 0.35759932 0.43873802 0.64655447 0.64708704 0.35779995 0.5016283 0.58617735 0.5024216 0.54923	548321.2 0.41276538 0.35760063 0.43874103 0.6465517 0.6470915 0.3577976 0.5016257 0.5861765 0.5024172 0.54923284	0.9999999996176570
70297757_7050	806.0	35	35	542381.0 0.36151525 0.44354245 0.6536346 0.654173 0.36171806 0.5071214 0.59259635 0.5079234 0.5552444 0.36253113	542381.4 0.36151683 0.44354585 0.65363234 0.6541781 0.36171597 0.5071192 0.59259593 0.5079194 0.55524766 0.36252904	0.9999999996569583
