ID	BITRATE	START_IDX	CAPTURE_START_IDX	KEY	CAPTURE_KEY	CORRELATION
70297757_6500	770.0	8	23	1258064.0 0.48334903 0.6199597 0.15589906 0.5913761 0.6494161	1258064.0 0.48334742 0.6199597 0.15589985 0.5913761 0.64941686	0.9999999999887312
70297757_15000	727.0	20	24	1308133.6 0.59623116 0.14993194 0.56874084 0.62456006 0.560536	1308133.2 0.59623057 0.14993274 0.56874096 0.62456024 0.56053543	0.9999999999978415
70297757_15000	727.0	21	25	1074523.6 0.18252833 0.6923896 0.7603444 0.682401 0.18233661	1074523.6 0.18252926 0.6923896 0.7603444 0.68240005 0.18233661	0.9999999999983881
70297757_15000	727.0	22	26	1277396.0 0.58242625 0.63958865 0.574024 0.15337844 0.5505826	1277395.6 0.5824264 0.63958883 0.5740234 0.15337849 0.55058277	0.9999999999984834
70297757_15000	727.0	23	27	1260579.2 0.6481211 0.5816818 0.15542458 0.5579276 0.5568448	1260579.2 0.6481211 0.581681 0.15542458 0.5579276 0.5568456	0.9999999999959200
70297757_15000	727.0	24	28	1180678.0 0.62104654 0.16594279 0.5956848 0.59452873 0.52279705	1180677.2 0.6210461 0.16594289 0.59568524 0.59453 0.52279574	0.9999999999872132
70297757_20000	703.0	28	29	1039016.0 0.18856783 0.67690104 0.67558825 0.59407747 0.36486542	1039015.2 0.18856798 0.67690253 0.67558974 0.594075 0.36486474	0.9999999999727084
70297757_20000	703.0	29	30	1100793.6 0.6389127 0.63767356 0.56073725 0.3443888 0.31828764	1100792.4 0.6389143 0.6376752 0.56073517 0.34438828 0.31828707	0.9999999999612196
70297757_20000	703.0	30	31	898175.2 0.78152573 0.6872334 0.42207912 0.3900898 0.21907195	898174.0 0.7815279 0.687231 0.42207858 0.3900892 0.21907337	0.9999999999690935
70297757_20000	703.0	31	32	740041.2 0.8340833 0.51227015 0.47344527 0.26588386 0.4143175	740039.2 0.83408153 0.51227015 0.4734452 0.26588592 0.41431725	0.9999999999968395
70297757_3500	663.0	15	33	559078.8 0.6780797 0.6266862 0.351945 0.5484236 0.2948654	559079.6 0.6780787 0.6266871 0.3519463 0.54842097 0.29486677	0.9999999999644257
70297757_3500	663.0	16	34	467218.0 0.74990046 0.42114174 0.6562504 0.35283956 0.31986782	467219.6 0.74990004 0.42114243 0.656246 0.3528405 0.319871	0.9999999999509613
70297757_3500	663.0	17	35	405432.8 0.48532087 0.7562585 0.40660992 0.36861348 0.4831972	405433.6 0.4853224 0.75625455 0.4066116 0.3686177 0.4831938	0.9999999998957505
70297757_4200	716.0	18	36	406040.4 0.75512683 0.40600392 0.36806682 0.48832825 0.48247415	406040.0 0.7551251 0.40600434 0.36806718 0.48247218 0.4883312	0.9996262638502033
70297757_4200	716.0	19	37	372742.0 0.44227374 0.40094757 0.5319524 0.52557534 0.599251	372742.0 0.44227374 0.40094757 0.52557266 0.53195506 0.599251	0.9983501433120661
70297757_4200	716.0	21	39	455636.4 0.43517375 0.42995685 0.4902286 0.5713547 0.57328606	455636.8 0.4299543 0.43517554 0.49022818 0.5732877 0.5713542	0.9984250793442080
70297757_5500	738.0	26	40	479822.4 0.41323832 0.46551806 0.54255074 0.54439306 0.5342998	479824.0 0.41323903 0.46551654 0.5443892 0.5425531 0.5343022	0.9997526226793724
70297757_4800	766.0	25	41	479149.2 0.46616796 0.54331094 0.5451559 0.53505254 0.4103127	479151.6 0.4661698 0.54515314 0.54331446 0.53505194 0.41031066	0.9997633123137595
70297757_7050	806.0	27	42	515584.0 0.5049187 0.4972439 0.5066313 0.3813171 0.609889	515585.6 0.50662977 0.504921 0.49724236 0.38131592 0.609891	0.9971411337812206
70297757_4800	766.0	28	44	476544.8 0.5379767 0.41255513 0.6598561 0.47942397 0.41018808	476544.0 0.5379797 0.4125558 0.6598572 0.47942057 0.41018668	0.9999999997683433
70297757_7050	806.0	30	45	464525.2 0.42323002 0.6769256 0.49182695 0.42079526 0.48722222	464526.4 0.4232289 0.67692816 0.4918235 0.42079848 0.48722094	0.9999999996685389
70297757_7050	806.0	31	46	464316.4 0.67723 0.49204808 0.42098448 0.4874413 0.42229608	464317.6 0.67723256 0.4920447 0.4209877 0.48744008 0.422295	0.9999999996699832
70297757_7050	806.0	32	47	434764.4 0.5254938 0.44959983 0.5205739 0.45100057 0.55333185	434766.0 0.52548957 0.44960278 0.520572 0.45099893 0.55333674	0.9999999968134178
70297757_7050	806.0	33	48	485185.6 0.40287676 0.4664751 0.40413195 0.4958288 0.7306874	485186.8 0.40287986 0.46647394 0.40413094 0.49583375 0.7306814	0.9999999997356359
70297757_15000	727.0	44	49	485476.0 0.46620017 0.40389434 0.4955384 0.7302503 0.40411678	485474.0 0.466198 0.40389186 0.49554044 0.7302492 0.4041205	0.9999999998016456
70297757_7050	806.0	47	62	649839.2 0.61081266 0.47289085 0.30161154 0.4984941 0.6161909	649841.6 0.61081034 0.47288907 0.30161348 0.49849376 0.61619323	0.9999999998784526
70297757_6500	770.0	49	66	1002554.8 0.39940658 0.55879736 0.19569005 0.6125989 0.73350704	1002565.2 0.39940345 0.5587906 0.19568703 0.6125906 0.7335284	0.9999999986959356
70297757_6500	770.0	50	67	1138039.6 0.49227196 0.17239295 0.5396684 0.64618224 0.6494844	1138049.2 0.49226692 0.17239061 0.53966206 0.64620227 0.649478	0.9999999984598787
70297757_20000	703.0	67	68	1212202.8 0.16184586 0.50664794 0.60667247 0.61508685 0.609747	1212203.6 0.16184492 0.5066492 0.606672 0.6097474 0.61508644	0.9998112701144686
70297757_20000	703.0	68	69	1392161.6 0.44115567 0.52825046 0.5355772 0.5309276 0.46408907	1392162.4 0.44115686 0.52825016 0.530928 0.5355769 0.4640881	0.9972189985275376
70297757_20000	703.0	69	70	1225094.0 0.6002886 0.6086145 0.60333085 0.5273775 0.16038851	1225093.6 0.6002888 0.60333186 0.6086147 0.52737683 0.16038774	0.9998121834622057
70297757_20000	703.0	70	71	1062346.4 0.7018521 0.69575894 0.6081698 0.18495944 0.30925977	1062346.0 0.69576013 0.7018523 0.6081691 0.18495858 0.3092599	0.9998360404282636
70297757_20000	703.0	92	91	1011118.8 0.38750342 0.32322413 0.1939861 0.7581038 0.8371825	1011120.0 0.38750198 0.32322177 0.19398686 0.7581039 0.8371855	0.9999999999824929
