ID	BITRATE	START_IDX	CAPTURE_START_IDX	KEY	CAPTURE_KEY	CORRELATION
70220028_2000	799.0	16	1	307055.0 0.6392731 0.3607269	307052.0 0.6390188 0.3609812	1.0000000000000000
80091741_4200	1194.0	13	4	358033.0 0.46095473 0.5390453	358043.0 0.45098493 0.54901505	1.0000000000000000
60000870_7050	1413.0	2	5	426536.0 0.4594923 0.54050773	426511.0 0.46088144 0.5391186	1.0000000000000000
70104894_10000	1075.0	41	11	788738.0 0.74727225 0.25272778	788730.0 0.75161713 0.24838284	1.0000000000000000
80000643_6500	3521.0	3	12	939915.0 0.20874014 0.7912598	939894.0 0.20843521 0.7915648	1.0000000000000000
70297757_5500	738.0	13	14	804214.0 0.24387787 0.7561221	804213.0 0.24387817 0.7561218	1.0000000000000000
80031611_4800	1366.0	87	15	1388014.0 0.43495238 0.5650476	1388033.0 0.43808973 0.5619103	1.0000000000000000
70297757_15000	727.0	23	17	1550264.0 0.52701217 0.47298783	1550263.0 0.52701056 0.4729894	1.0000000000000000
70297757_10000	764.0	18	18	1436567.0 0.5104238 0.4895762	1436569.0 0.5104231 0.4895769	1.0000000000000000
70297757_20000	703.0	29	19	1405258.0 0.5004853 0.49951467	1405261.0 0.5004842 0.49951574	1.0000000000000000
70297757_20000	703.0	30	20	1319203.0 0.5320993 0.4679007	1319204.0 0.53210115 0.46789882	1.0000000000000000
70297757_7050	806.0	18	21	996356.0 0.6195135 0.3804865	996355.0 0.61951214 0.3804879	1.0000000000000000
70297757_7050	806.0	19	22	729468.0 0.5196938 0.4803062	729467.0 0.5196959 0.48030412	1.0000000000000000
70297757_4200	716.0	16	23	734034.0 0.47731575 0.5226842	734036.0 0.47731447 0.5226855	1.0000000000000000
70297757_4200	716.0	17	24	690280.0 0.55581504 0.44418496	690281.0 0.5558171 0.44418287	1.0000000000000000
70297757_7050	806.0	21	25	471463.0 0.65033525 0.34966478	471466.0 0.6503353 0.34966466	1.0000000000000000
70297757_7050	806.0	22	26	314305.0 0.5245033 0.47549674	314304.0 0.5245081 0.47549188	0.9999999999999999
70216224_15000	1432.0	0	27	347755.0 0.43506205 0.56493795	347730.0 0.4297846 0.5702154	1.0000000000000000
80198592_7050	1819.0	6	28	421661.0 0.4708925 0.5291075	421647.0 0.47025356 0.5297465	1.0000000000000000
80096067_2000	489.0	22	29	419277.0 0.5299289 0.4700711	419271.0 0.5327485 0.46725148	1.0000000000000000
70297757_20000	703.0	40	30	456234.0 0.42939368 0.5706063	456232.0 0.42939776 0.57060224	1.0000000000000000
70297757_6500	770.0	26	32	517581.0 0.5046785 0.4953215	517583.0 0.5046785 0.4953215	1.0000000000000000
70297757_6500	770.0	27	33	570820.0 0.44912407 0.55087596	570821.0 0.44912502 0.55087495	1.0000000000000000
70297757_7050	806.0	31	34	542915.0 0.57918644 0.42081356	542916.0 0.57918906 0.42081097	1.0000000000000000
70297757_7050	806.0	33	37	421797.0 0.46342197 0.536578	421801.0 0.46342468 0.5365753	1.0000000000000000
70297757_6500	770.0	32	38	466899.0 0.48474723 0.51525277	466898.0 0.48474827 0.5152517	0.9999999999999999
80109295_6500	1775.0	10	39	436653.0 0.5443476 0.45565242	436651.0 0.55094343 0.44905657	1.0000000000000000
80171659_7050	2406.0	35	40	550912.0 0.35645258 0.6435474	550895.0 0.3559317 0.6440683	1.0000000000000000
81056132_7050	504.0	24	45	576662.0 0.48276114 0.51723886	576643.0 0.47774273 0.52225727	1.0000000000000000
70297757_4200	716.0	40	46	627971.0 0.47956514 0.52043486	627976.0 0.4795661 0.5204339	1.0000000000000000
80217312_4200	1275.0	0	47	523440.0 0.6256266 0.37437338	523450.0 0.62435764 0.37564236	1.0000000000000000
70297757_15000	727.0	56	49	693915.0 0.5720124 0.42798758	693916.0 0.572013 0.42798695	1.0000000000000000
70297757_20000	703.0	59	50	620929.0 0.4782946 0.5217054	620928.0 0.4782954 0.5217046	1.0000000000000000
70308278_4200	989.0	67	51	519917.0 0.62116456 0.37883547	519941.0 0.6230342 0.37696585	1.0000000000000000
70297757_4800	766.0	48	52	596427.0 0.32862696 0.671373	596426.0 0.32862416 0.6713758	1.0000000000000000
70297757_4800	766.0	49	53	707728.0 0.5657894 0.4342106	707729.0 0.56579 0.43420997	1.0000000000000000
70297757_5500	738.0	51	54	867528.0 0.35422835 0.6457717	867527.0 0.35422873 0.64577127	1.0000000000000000
80183328_15000	1952.0	68	55	756424.0 0.7407777 0.25922233	756415.0 0.74063045 0.25936952	0.9999999999999999
70297757_15000	727.0	63	56	931568.0 0.21059977 0.7894002	931570.0 0.21060254 0.7893975	1.0000000000000000
70297757_4200	716.0	50	57	1349545.0 0.5449103 0.4550897	1349541.0 0.54491043 0.45508954	1.0000000000000000
70297757_4800	766.0	53	58	1359773.0 0.45166582 0.5483342	1359771.0 0.45166576 0.54833424	1.0000000000000000
70297757_5500	738.0	55	59	1484747.0 0.50217915 0.49782085	1484748.0 0.50217885 0.49782118	1.0000000000000000
80144140_4800	543.0	44	60	935615.0 0.78779626 0.21220374	935629.0 0.78999156 0.21000846	1.0000000000000000
70297757_7050	806.0	58	61	525030.0 0.3742453 0.6257547	525030.0 0.3742453 0.6257547	1.0000000000000000
70297757_15000	727.0	72	62	524760.0 0.6260729 0.37392712	524761.0 0.6260755 0.37392452	1.0000000000000000
70297757_6500	770.0	62	67	982995.0 0.639754 0.36024597	982996.0 0.6397523 0.36024764	1.0000000000000000
80122759_7050	2219.0	27	70	509179.0 0.3897038 0.6102962	509159.0 0.38637048 0.6136295	1.0000000000000000
70297757_4800	766.0	67	71	648407.0 0.4818486 0.5181514	648407.0 0.48185015 0.51814985	1.0000000000000000
70297757_4800	766.0	68	72	664552.0 0.50556314 0.49443686	664552.0 0.50556165 0.49443835	1.0000000000000000
70297757_5500	738.0	70	73	761030.0 0.43175828 0.5682417	761028.0 0.4317581 0.5682419	1.0000000000000000
60004481_2000	641.0	21	74	785802.0 0.55033326 0.4496667	785806.0 0.55032414 0.4496759	1.0000000000000000
70297757_4800	766.0	72	75	718963.0 0.49148566 0.50851434	718963.0 0.49148288 0.50851715	1.0000000000000000
70297757_6500	770.0	70	76	757411.0 0.48270226 0.51729774	757414.0 0.48270166 0.51729834	1.0000000000000000
70297757_7050	806.0	77	80	808514.0 0.40422183 0.59577817	808511.0 0.40422085 0.5957792	1.0000000000000000
70297757_5500	738.0	78	81	1328184.0 0.36266962 0.63733035	1328189.0 0.36266977 0.63733023	1.0000000000000000
