ID	BITRATE	START_IDX	CAPTURE_START_IDX	KEY	CAPTURE_KEY	CORRELATION
80009431_1200	485.0	1	2	363029.0 0.5407254 0.4592746	363037.0 0.5399587 0.46004125	0.9999999999999999
70130445_3500	785.0	64	3	363095.0 0.45986313 0.5401369	363070.0 0.45999944 0.54000056	1.0000000000000000
70298735_7050	460.0	6	5	555607.0 0.3528267 0.6471733	555608.0 0.3528333 0.6471667	1.0000000000000000
70298735_7050	460.0	7	6	769544.0 0.46725592 0.53274405	769540.0 0.46725446 0.53274554	1.0000000000000000
70298735_7050	460.0	8	7	675178.0 0.6072028 0.39279717	675178.0 0.60720134 0.39279863	1.0000000000000000
80202920_800	358.0	11	8	461864.0 0.56877565 0.43122435	461877.0 0.5741983 0.42580166	1.0000000000000000
70298735_4200	454.0	10	9	883588.0 0.22257772 0.7774223	883588.0 0.22257885 0.7774212	1.0000000000000000
70298735_7050	460.0	12	11	285833.0 0.35342315 0.6465768	285832.0 0.3534279 0.6465721	1.0000000000000000
70298735_4800	451.0	12	12	380825.0 0.4852964 0.51470363	380824.0 0.4852924 0.51470757	1.0000000000000000
70298735_4800	451.0	13	13	329441.0 0.59498364 0.40501636	329440.0 0.59498847 0.40501153	1.0000000000000000
70298735_4800	451.0	14	14	329718.0 0.4046761 0.59532386	329717.0 0.40467128 0.59532875	1.0000000000000000
70298735_4800	451.0	15	15	325205.0 0.6035854 0.39641458	325205.0 0.6035885 0.3964115	1.0000000000000000
70298735_7050	460.0	17	16	522605.0 0.24667962 0.7533204	522603.0 0.24667865 0.75332135	1.0000000000000000
70298735_5500	468.0	16	17	590163.0 0.6670852 0.3329148	590165.0 0.66708124 0.33291876	1.0000000000000000
70298735_5500	468.0	17	18	366318.0 0.5363482 0.4636518	366322.0 0.53635055 0.46364948	1.0000000000000000
70298735_5500	468.0	18	19	330628.0 0.5137012 0.4862988	330627.0 0.5137058 0.4862942	1.0000000000000000
70298735_7050	460.0	21	20	459168.0 0.3501638 0.64983624	459166.0 0.35016096 0.64983904	1.0000000000000000
70298735_7050	460.0	22	21	494351.0 0.6035873 0.39641267	494353.0 0.6035849 0.3964151	1.0000000000000000
70298735_6500	478.0	22	23	410842.0 0.47760454 0.5223955	410839.0 0.47760558 0.5223944	1.0000000000000000
70298735_7050	460.0	28	26	467896.0 0.41990313 0.58009684	467895.0 0.41990402 0.58009595	1.0000000000000000
70298735_4800	451.0	26	27	381044.0 0.71232456 0.28767544	381042.0 0.71232045 0.28767958	0.9999999999999999
70298735_4200	454.0	29	28	307138.0 0.35690147 0.64309853	307137.0 0.35690263 0.6430974	1.0000000000000000
80121840_2000	525.0	8	29	393849.0 0.5047899 0.49521008	393857.0 0.5014993 0.49850073	1.0000000000000000
70298735_4200	454.0	31	30	306757.0 0.6400441 0.35995594	306757.0 0.6400441 0.35995594	1.0000000000000000
80106307_800	411.0	43	31	211772.0 0.5212965 0.4787035	211784.0 0.52137554 0.47862443	1.0000000000000000
70298735_20000	448.0	51	32	270799.0 0.3743256 0.62567437	270796.0 0.37432235 0.62567765	1.0000000000000000
70298735_7050	460.0	38	35	858889.0 0.48480538 0.51519465	858888.0 0.48480478 0.51519525	1.0000000000000000
70298735_2000	449.0	31	36	561414.0 0.78818125 0.21181872	561414.0 0.7881795 0.21182051	1.0000000000000000
70298735_2000	449.0	32	37	314909.0 0.37762654 0.62237346	314910.0 0.37762854 0.6223715	1.0000000000000000
81080637_2000	848.0	57	38	318452.0 0.6254318 0.37456822	318450.0 0.615453 0.38454702	1.0000000000000000
70298735_7050	460.0	41	39	231461.0 0.5290567 0.47094327	231465.0 0.52906054 0.47093946	1.0000000000000000
70298735_800	337.0	22	40	221210.0 0.49276254 0.5072375	221212.0 0.49276713 0.5072329	1.0000000000000000
60020801_1200	377.0	47	41	220794.0 0.51274943 0.48725057	220816.0 0.50814253 0.49185747	1.0000000000000000
70298735_4200	454.0	43	42	473914.0 0.22918083 0.7708192	473912.0 0.22917756 0.7708224	1.0000000000000000
70298735_10000	453.0	52	44	329014.0 0.59070736 0.4092926	329015.0 0.5907056 0.4092944	1.0000000000000000
81074663_2000	779.0	12	47	437284.0 0.45533338 0.54466665	437264.0 0.46415895 0.53584105	1.0000000000000000
70298735_3500	466.0	45	48	479601.0 0.48853526 0.5114647	479602.0 0.4885384 0.5114616	1.0000000000000000
70298735_7050	460.0	50	49	693045.0 0.3539366 0.6460634	693049.0 0.35394034 0.64605963	1.0000000000000000
70308278_4800	1086.0	62	50	644284.0 0.695971 0.30402896	644299.0 0.6949429 0.30505714	1.0000000000000000
70298735_5500	468.0	51	52	446338.0 0.48727423 0.5127258	446335.0 0.48727524 0.51272476	1.0000000000000000
70298735_7050	460.0	55	53	367401.0 0.6228862 0.37711385	367399.0 0.6228841 0.37711588	1.0000000000000000
