ID	BITRATE	START_IDX	CAPTURE_START_IDX	KEY	CAPTURE_KEY	CORRELATION
70301367_3500	456.0	5	12	529113.2 0.61550725 0.8467035 1.1147294 1.2183839 0.29468554	529114.0 0.61550254 0.8467098 1.1147276 1.218382 0.29468507	0.9999999999164497
70301367_6500	456.0	11	14	492968.8 1.1964672 1.3077196 0.82345575 0.8862346 0.2632053	492968.8 1.1964611 1.3077155 0.82346386 0.8862305 0.26320326	0.9999999997334850
70301367_6500	456.0	12	15	459153.6 1.4040291 0.8841007 0.951503 0.62343407 0.28071433	459153.6 1.4040247 0.8841094 0.95149857 0.6234384 0.2807187	0.9999999995317942
70301367_20000	460.0	21	16	480031.4 0.8456488 0.9101155 0.5963214 0.6770286 0.40948778	480033.8 0.84565294 0.9101109 0.5963205 0.6770377 0.40948364	0.9999999997869655
70301367_20000	460.0	22	17	467053.0 0.9354056 0.6128919 0.6958418 0.8828527 0.8023929	467055.4 0.9354008 0.6128909 0.6958511 0.88284385 0.8023909	0.9999999997340001
70301367_4800	471.0	13	18	447449.0 0.6397444 0.7274304 0.9215307 1.2758236 0.5587676	447449.6 0.63974583 0.726341 0.92152727 1.2769215 0.55876684	0.9999946930864173
70301367_7050	464.0	17	19	513685.6 0.6326808 0.8027031 1.1122699 1.4611818 0.38183084	513685.6 0.63268465 0.8027031 1.1122718 1.4611797 0.38182694	0.9999999999476541
70301367_7050	464.0	18	20	571693.2 0.7212558 0.99941194 1.312921 1.0066047 0.2737535	571693.8 0.72125494 0.9994126 1.3129178 1.0066018 0.2737532	0.9999999999433554
70301367_7050	464.0	19	21	581030.4 0.98335135 1.2918223 0.99042845 0.6541689 0.3375142	581031.0 0.983352 1.2918192 0.99042565 0.6541682 0.33751726	0.9999999999478251
70301367_15000	467.0	31	26	621015.0 1.5913545 0.63212323 1.1217909 0.8959929 0.36003962	621010.2 1.5913202 0.6321265 1.1218045 0.896003 0.36004078	0.9999999989925136
70301367_15000	467.0	32	27	780076.0 0.50323045 0.89305276 0.7132959 0.7512563 0.1587012	780076.2 0.503229 0.89305633 0.71329826 0.75125355 0.15870245	0.9999999999795569
70301367_15000	467.0	33	28	668935.0 1.04143 0.83180726 0.8760747 0.5100406 1.154755	668935.2 1.0414342 0.83181006 0.8760714 0.51004493 1.1547531	0.9999999999761873
