ID	BITRATE	START_IDX	CAPTURE_START_IDX	KEY	CAPTURE_KEY	CORRELATION
70305893_4800	1213.0	15	11	1968159.4 0.7696516 0.09997361 0.6303748	1968160.6 0.7696511 0.099974565 0.6303744	0.9999999999999465
70305893_6500	1397.0	11	12	1088950.0 0.18069425 1.1393332 0.17997245	1088948.6 0.18069355 1.1393356 0.17997085	0.9999999999996575
70305893_6500	1397.0	12	13	1838386.6 0.67487276 0.10660489 0.7185224	1838386.6 0.6748733 0.1066038 0.71852297	0.9999999999999843
70305893_4800	1213.0	18	14	1359187.4 0.14418763 0.9718476 0.38396472	1359186.6 0.14418843 0.97184813 0.38396347	0.9999999999965493
70305893_5500	1297.0	20	18	1663605.4 0.24343754 0.38890594 0.86765647	1663604.0 0.24343714 0.38890624 0.8676566	0.9999999999994844
70305893_5500	1297.0	21	19	1515566.0 0.42689398 0.95240855 0.12069748	1515566.6 0.4268938 0.9524075 0.12069875	0.9999999999996785
70305893_7050	1445.0	16	20	2176451.2 0.6632071 0.08404691 0.752746	2176452.8 0.6632062 0.08404823 0.7527455	0.9999999999995549
70305893_5500	1297.0	26	24	2343790.0 0.6655545 0.7507025 0.083743	2343788.8 0.6655549 0.75070333 0.08374176	0.9999999999999535
70305893_5500	1297.0	27	25	2628728.0 0.66933095 0.07466577 0.75600326	2628724.8 0.66933215 0.07466472 0.7560031	0.9999999999976332
70305893_5500	1297.0	28	26	1586864.6 0.12368793 1.2523608 0.123951346	1586860.6 0.12368635 1.252362 0.12395165	0.9999999999989474
70305893_6500	1397.0	23	27	2495355.2 0.79641044 0.07882405 0.6247656	2495353.2 0.7964099 0.07882411 0.62476605	0.9999999999990895
70305893_20000	1360.0	38	38	1786538.0 0.920281 0.37148833 0.20823067	1786542.0 0.9202812 0.37148917 0.20822965	0.9999999999972160
70305893_4200	1335.0	35	39	907400.7 0.73140895 0.40997544 0.35861555	907399.3 0.7314101 0.40997496 0.35861498	0.9999999999999198
70305893_4200	1335.0	36	40	652146.0 0.5704428 0.49898028 0.4305769	652143.3 0.57044363 0.49898082 0.4305756	0.9999999999790887
70305893_15000	1359.0	37	41	535337.3 0.6078523 0.52452534 0.36762244	535337.3 0.6078541 0.5245235 0.36762244	0.9999999998964214
70305893_15000	1359.0	38	42	629788.7 0.44586065 0.31248894 0.74165034	629788.0 0.44585955 0.31248927 0.7416512	0.9999999999916869
70305893_4200	1335.0	40	44	651685.3 0.7167309 0.35221756 0.4310516	651685.3 0.7167309 0.352216 0.43105313	0.9999999999693449
70305893_6500	1397.0	39	45	719406.0 0.31905904 0.39047632 0.79046464	719407.3 0.31905988 0.3904756 0.7904646	0.9999999999957065
70305893_20000	1360.0	45	46	750890.0 0.37410006 0.75732 0.36857995	750894.0 0.37410206 0.7573186 0.36857933	0.9999999999821485
70305893_7050	1445.0	39	47	1167744.0 0.48697832 0.23700571 0.776016	1167744.6 0.48697805 0.2370073 0.7760147	0.9999999999993786
70305893_7050	1445.0	40	48	929659.3 0.2977026 0.9747528 0.22754465	929662.7 0.29770368 0.9747482 0.22754812	0.9999999999978252
70305893_7050	1445.0	45	53	586931.3 0.5436428 0.3287148 0.62764245	586930.0 0.54364574 0.3287138 0.6276404	0.9999999998585570
70305893_7050	1445.0	46	54	647785.3 0.29783478 0.5686807 0.63348454	647782.7 0.29783446 0.5686799 0.6334856	0.9999999999888699
70305893_5500	1297.0	56	55	1169856.6 0.314895 0.35077888 0.83432615	1169856.6 0.31489414 0.35077888 0.83432704	0.9999999999991385
70305893_5500	1297.0	57	56	1186170.6 0.34595445 0.82285124 0.33119434	1186172.6 0.34595385 0.8228507 0.33119547	0.9999999999954605
70305893_4800	1213.0	63	62	936894.7 0.28751576 0.53516686 0.6773173	936893.3 0.28751406 0.53516656 0.6773194	0.9999999999960905
