ID	BITRATE	START_IDX	CAPTURE_START_IDX	KEY	CAPTURE_KEY	CORRELATION
70308278_2000	689.0	45	4	821408.7 0.8018432 0.2394204 0.45873633	821393.3 0.80185944 0.23942731 0.45871326	0.9999999976938965
70308278_5500	1352.0	39	39	567892.7 0.2831204 0.6670785 0.54980105	567890.7 0.28311786 0.6670791 0.549803	0.9999999999783452
70308278_5500	1352.0	40	40	690235.3 0.54884034 0.45235008 0.4988096	690234.0 0.54884 0.45235094 0.4988091	0.9999999999596290
70308278_5500	1352.0	41	41	605798.7 0.5153989 0.56833404 0.416267	605798.0 0.5153995 0.568333 0.41626745	0.9999999999685784
70308278_7050	1515.0	61	53	1085776.6 0.18040727 0.54963976 0.769953	1085794.6 0.18040244 0.54963064 0.76996696	0.9999999995269182
70308278_6500	1488.0	60	54	1236251.4 0.4827392 0.6762338 0.34102693	1236272.0 0.48273033 0.6762476 0.34102204	0.9999999991763548
70308278_6500	1488.0	61	55	1138172.6 0.7345063 0.37041393 0.3950798	1138194.0 0.7345198 0.37040785 0.39507237	0.9999999999771251
70308278_6500	1488.0	69	62	3927632.0 0.17354935 0.9242475 0.40220317	3927652.0 0.17354873 0.9242494 0.40220186	0.9999999999978111
70308278_7050	1515.0	78	71	3747156.0 0.26191944 0.23205465 1.0060259	3747173.2 0.26191798 0.23205386 1.0060282	0.9999999999995773
70308278_7050	1515.0	79	72	4001150.8 0.21732374 0.94216293 0.3405133	4001149.2 0.21732406 0.9421698 0.34050617	0.9999999999291166
70308278_7050	1515.0	80	73	3552562.8 1.0611315 0.38351047 0.055358063	3552561.2 1.0611392 0.38350245 0.05535837	0.9999999999297432
70308278_7050	1515.0	81	74	2298363.2 0.59278923 0.08556654 0.82164425	2298362.8 0.5927768 0.085567 0.8216562	0.9999999995127723
70308278_4200	989.0	84	79	2438455.2 0.08035743 0.0804739 1.3391687	2438477.2 0.08035753 0.08047317 1.3391694	0.9999999999998402
