ID	BITRATE	START_IDX	CAPTURE_START_IDX	KEY	CAPTURE_KEY	CORRELATION
70301367_7050	464.0	10	10	533644.4 0.36714152 0.7369196 0.5979863 0.5057713 0.29218146	533642.4 0.367141 0.7369167 0.59798473 0.50577503 0.29218256	0.9999999999259430
70301367_5500	471.0	10	11	551574.0 0.7129669 0.5785516 0.48933235 0.28268373 0.43646547	551571.2 0.7129633 0.57854724 0.48933485 0.2826852 0.4364695	0.9999999998641262
70301367_5500	471.0	11	12	446172.4 0.71522576 0.60492986 0.34946355 0.5395739 0.29080686	446172.0 0.7152175 0.6049304 0.34946388 0.53957665 0.29081163	0.9999999998289069
70301367_6500	456.0	12	13	370085.6 0.72929883 0.42131606 0.6505117 0.35059997 0.3482735	370084.8 0.7293004 0.42131153 0.6505104 0.35060072 0.3482769	0.9999999998550151
70301367_6500	456.0	13	14	340751.6 0.45758554 0.70651174 0.3807818 0.378255 0.576866	340750.4 0.45758125 0.70651126 0.3807831 0.37825927 0.5768651	0.9999999997880308
70301367_6500	456.0	14	15	428287.2 0.56211114 0.3029556 0.30094525 0.45896307 0.87502503	428286.4 0.5621098 0.30295613 0.30094814 0.45896158 0.87502426	0.9999999999803032
70301367_6500	456.0	15	16	431995.2 0.3003552 0.2983621 0.4550236 0.8675143 0.5787449	431996.4 0.30035436 0.2983636 0.45501998 0.86750954 0.5787525	0.9999999997964344
70301367_7050	464.0	17	17	458552.4 0.28108674 0.42866856 0.81726754 0.54523754 0.42773956	458552.0 0.2810848 0.42866895 0.81727046 0.5452359 0.42773992	0.9999999999807574
70301367_7050	464.0	18	18	469596.4 0.41858712 0.798047 0.5324146 0.41767994 0.3332713	469596.0 0.41858748 0.7980498 0.53241295 0.4176803 0.33326945	0.9999999999762356
70301367_7050	464.0	19	19	469412.0 0.7983605 0.53262377 0.41784403 0.33340222 0.41776946	469410.4 0.79836535 0.53262347 0.41784546 0.3334012 0.41776448	0.9999999999086192
70301367_7050	464.0	20	20	405816.0 0.616092 0.48332494 0.38565016 0.4832387 0.5316942	405814.4 0.61609197 0.48332685 0.3856492 0.4832332 0.5316987	0.9999999990745064
70301367_7050	464.0	21	21	384446.8 0.5101902 0.40708622 0.5100992 0.561248 0.5113763	384445.6 0.5101918 0.4070849 0.510093 0.56125236 0.51137793	0.9999999978740297
70301367_7050	464.0	22	22	506217.6 0.3091615 0.38739467 0.42623964 0.3883646 0.98883957	506215.2 0.309161 0.38739058 0.42624363 0.38836646 0.9888384	0.9999999999397025
70301367_7050	464.0	23	23	595347.6 0.32939747 0.3624269 0.3302222 0.8407995 0.6371538	595346.0 0.32939333 0.3624296 0.33022308 0.84079677 0.6371572	0.9999999998963209
70301367_7050	464.0	24	24	606340.8 0.35585597 0.32423514 0.8255555 0.62560195 0.36875135	606340.0 0.3558581 0.3242356 0.8255517 0.62560445 0.3687502	0.9999999999480345
70301367_7050	464.0	4	25	569568.8 0.34524363 0.8788543 0.66599154 0.39255837 0.21735214	569550.4 0.3451793 0.87887746 0.66601485 0.3925693 0.21735917	0.9999999929000805
70301367_2000	458.0	13	26	799896.4 0.6257923 0.47422144 0.27952245 0.15477005 0.96569383	799893.6 0.62578946 0.4742243 0.27952218 0.15476683 0.96569717	0.9999999999690624
70301367_2000	458.0	14	27	678053.2 0.5594369 0.32975143 0.18258154 1.1392248 0.28900534	678052.0 0.5594394 0.3297505 0.18257745 1.1392268 0.28900585	0.9999999999873560
70301367_15000	467.0	35	28	604756.0 0.36971936 0.20470901 1.2773019 0.3240348 0.3242349	604754.4 0.36971703 0.20470625 1.2773037 0.32403404 0.32423908	0.9999999999808542
70301367_3500	456.0	32	36	382452.4 0.2900204 0.69237113 0.51302594 0.49678338 0.50779915	382451.2 0.29002133 0.69237334 0.5130171 0.49677974 0.50780857	0.9999999988571507
70301367_5500	471.0	35	37	416474.4 0.635811 0.4711094 0.4561985 0.46632156 0.47055954	416474.8 0.6358104 0.47110653 0.45619565 0.46632352 0.47056386	0.9999999991571509
70301367_5500	471.0	36	38	360289.6 0.5445758 0.5273397 0.5390414 0.54394025 0.34510294	360289.6 0.54457307 0.5273369 0.53904414 0.5439458 0.34510016	0.9999999991653825
70301367_7050	464.0	41	39	344683.2 0.5512192 0.563445 0.5685743 0.36072835 0.45603326	344682.4 0.5512147 0.563452 0.56857556 0.36072627 0.4560314	0.9999999989852624
70301367_6500	456.0	40	40	347304.4 0.55918956 0.56427735 0.35800582 0.45259145 0.5659358	347305.2 0.55919695 0.5642818 0.35800213 0.45258754 0.5659317	0.9999999988148097
70301367_6500	456.0	41	41	397458.8 0.49307248 0.3128299 0.39547998 0.49452168 0.8040959	397457.6 0.493079 0.31282833 0.39547867 0.4945207 0.8040933	0.9999999998071808
70301367_3500	456.0	38	43	376228.0 0.41779187 0.5224279 0.84946895 0.34345132 0.36686	376228.0 0.41779453 0.52242523 0.84946626 0.34345397 0.36686	0.9999999999623909
70301367_3500	456.0	39	44	391853.6 0.5015955 0.81559545 0.3297558 0.35223106 0.50082225	391852.4 0.5015945 0.8155953 0.32975936 0.3522321 0.50081867	0.9999999999218550
70301367_3500	456.0	40	45	374642.8 0.8530632 0.3449045 0.36841226 0.52382964 0.40979034	374642.0 0.8530624 0.34490794 0.36841303 0.5238254 0.4097912	0.9999999999300294
70301367_3500	456.0	41	46	325369.6 0.39713606 0.42420375 0.60315716 0.471848 0.60365504	325368.0 0.39714107 0.4242058 0.60315394 0.47185034 0.6036488	0.9999999999003774
70301367_5500	471.0	45	47	398261.6 0.34656617 0.49276406 0.3854803 0.49316582 0.78202367	398261.6 0.34656367 0.49275905 0.38548782 0.4931633 0.7820262	0.9999999995692795
70301367_6500	456.0	48	48	413238.4 0.47490263 0.37151676 0.47529706 0.753686 0.4245975	413235.6 0.47490343 0.3715193 0.47529304 0.7536887 0.42459556	0.9999999998265745
70301367_6500	456.0	49	49	389526.8 0.39413205 0.5042297 0.79956496 0.45044395 0.3516292	389523.6 0.3941353 0.5042262 0.799569 0.45044255 0.35162696	0.9999999998648547
70301367_4800	471.0	50	54	299670.8 0.37588912 0.46370214 0.40941924 0.7516214 0.49936795	299673.2 0.37588614 0.46370515 0.40941602 0.7516255 0.49936733	0.9999999999031827
