ID	BITRATE	START_IDX	CAPTURE_START_IDX	KEY	CAPTURE_KEY	CORRELATION
70301367_7050	464.0	0	0	406002.4 0.61580914 0.48293555 0.38547307 0.53145003 0.4843321	406002.0 0.61580485 0.48293358 0.38547102 0.53145057 0.48433998	0.9999999984830568
70301367_7050	464.0	1	1	506221.6 0.38732642 0.30915907 0.42623627 0.38844648 0.98883176	506221.6 0.38732445 0.3091571 0.42623627 0.3884524 0.9888298	0.9999999999291089
70301367_6500	456.0	9	9	484443.6 0.40442684 0.40481082 0.8117622 0.5571402 0.32185996	484440.8 0.40442505 0.40481105 0.8117648 0.5571413 0.3218577	0.9999999999900575
70301367_6500	456.0	10	10	502372.8 0.39036348 0.78279114 0.53725636 0.3103731 0.47921583	502370.0 0.39036366 0.7827936 0.5372574 0.31037083 0.47921452	0.9999999999868885
70301367_6500	456.0	11	11	475830.4 0.82645625 0.5672252 0.32768607 0.50594705 0.27268538	475828.0 0.8264583 0.567226 0.32768354 0.50594544 0.27268678	0.9999999999680989
70301367_6500	456.0	12	12	370085.6 0.72929883 0.42131606 0.6505117 0.35059997 0.3482735	370084.0 0.7292993 0.42131245 0.65050906 0.3506015 0.3482777	0.9999999998667082
70301367_6500	456.0	13	13	340751.6 0.45758554 0.70651174 0.3807818 0.378255 0.576866	340750.4 0.45758125 0.70650834 0.3807831 0.37825927 0.576868	0.9999999997477704
70301367_6500	456.0	14	14	428287.2 0.56211114 0.3029556 0.30094525 0.45896307 0.87502503	428286.8 0.56210697 0.30295587 0.30094787 0.45896345 0.87502575	0.9999999999473994
70301367_6500	456.0	15	15	431995.2 0.3003552 0.2983621 0.4550236 0.8675143 0.5787449	431996.8 0.30035406 0.2983633 0.4550219 0.86751103 0.57874966	0.9999999999186597
70301367_7050	464.0	17	16	458552.4 0.28108674 0.42866856 0.81726754 0.54523754 0.42773956	458552.4 0.28108457 0.42867073 0.8172719 0.5452332 0.42773956	0.9999999998961675
70301367_7050	464.0	18	17	469596.4 0.41858712 0.798047 0.5324146 0.41767994 0.3332713	469596.4 0.41858923 0.79805124 0.5324104 0.41767994 0.33326915	0.9999999998771985
70301367_6500	456.0	18	18	518612.4 0.7226244 0.48208448 0.37820345 0.30176678 0.6153208	518614.0 0.7226222 0.4820888 0.3782023 0.3017697 0.615317	0.9999999998720556
70301367_6500	456.0	19	19	455027.6 0.5494502 0.43105298 0.3439352 0.70130473 0.47425696	455017.2 0.54946935 0.43106285 0.34394744 0.70131856 0.47420186	0.9999999742217005
70301367_6500	456.0	20	20	433659.2 0.45229298 0.36088246 0.73586124 0.4976258 0.45333755	433648.8 0.4523038 0.36089572 0.73587656 0.49756852 0.45335534	0.9999999740781772
70301367_7050	464.0	24	23	606340.8 0.35585597 0.32423514 0.8255555 0.62560195 0.36875135	606341.2 0.35585576 0.32423493 0.82555336 0.6256016 0.36875445	0.9999999999786983
70301367_7050	464.0	4	24	569568.8 0.34524363 0.8788543 0.66599154 0.39255837 0.21735214	569553.2 0.3451776 0.8788766 0.6660098 0.39257264 0.21736337	0.9999999921241157
70301367_2000	458.0	13	25	799896.4 0.6257923 0.47422144 0.27952245 0.15477005 0.96569383	799896.4 0.6257898 0.47422144 0.27952495 0.15477005 0.96569383	0.9999999999867448
70301367_2000	458.0	14	26	678053.2 0.5594369 0.32975143 0.18258154 1.1392248 0.28900534	678054.4 0.55943596 0.3297538 0.18258123 1.1392227 0.28900632	0.9999999999950271
70301367_15000	467.0	35	27	604756.0 0.36971936 0.20470901 1.2773019 0.3240348 0.3242349	604757.2 0.36972028 0.20471026 1.2772977 0.32403418 0.32423756	0.9999999999963382
70301367_15000	467.0	36	28	586158.8 0.21120386 1.3178271 0.33431554 0.33452198 0.30213144	586160.0 0.21120512 1.3178228 0.33431485 0.3345247 0.30213252	0.9999999999964930
70301367_6500	456.0	28	29	681618.0 1.1332667 0.2874924 0.2876758 0.25981855 0.5317465	681619.2 1.1332648 0.28749484 0.2876753 0.25981957 0.5317456	0.9999999999953123
70301367_20000	460.0	38	30	459589.2 0.42638296 0.42665058 0.38533762 0.7886326 0.47299632	459591.6 0.4263829 0.42665052 0.38533777 0.7886306 0.4729982	0.9999999999826109
70301367_3500	456.0	31	36	389357.2 0.54312855 0.28487724 0.68009275 0.503928 0.48797354	389366.4 0.54319274 0.2848628 0.6800792 0.5039084 0.48795685	0.9999999689178642
70301367_3500	456.0	32	37	382452.4 0.2900204 0.69237113 0.51302594 0.49678338 0.50779915	382450.8 0.29001376 0.6923766 0.5130202 0.49678022 0.5078091	0.9999999991312597
70301367_5500	471.0	35	38	416474.4 0.635811 0.4711094 0.4561985 0.46632156 0.47055954	416475.2 0.63581216 0.4711085 0.45619524 0.4663231 0.47056106	0.9999999996750680
70301367_5500	471.0	36	39	360289.6 0.5445758 0.5273397 0.5390414 0.54394025 0.34510294	360289.2 0.5445764 0.5273375 0.53904474 0.5439436 0.34509778	0.9999999996968683
70301367_7050	464.0	41	40	344683.2 0.5512192 0.563445 0.5685743 0.36072835 0.45603326	344682.0 0.55121535 0.56345266 0.56857336 0.3607238 0.45603484	0.9999999987742904
70301367_6500	456.0	40	41	347304.4 0.55918956 0.56427735 0.35800582 0.45259145 0.5659358	347304.0 0.55919886 0.56428087 0.3580005 0.45259196 0.5659278	0.9999999976291885
70301367_6500	456.0	41	42	397458.8 0.49307248 0.3128299 0.39547998 0.49452168 0.8040959	397468.4 0.4930631 0.3128173 0.39547044 0.4945022 0.80414695	0.9999999974617483
70301367_3500	456.0	38	44	376228.0 0.41779187 0.5224279 0.84946895 0.34345132 0.36686	376238.8 0.41778517 0.5224049 0.8495216 0.34344143 0.3668468	0.9999999974831356
70301367_3500	456.0	39	45	391853.6 0.5015955 0.81559545 0.3297558 0.35223106 0.50082225	391862.8 0.50157607 0.8156502 0.32974806 0.3522202 0.5008054	0.9999999962126536
70301367_3500	456.0	40	46	374642.8 0.8530632 0.3449045 0.36841226 0.52382964 0.40979034	374653.2 0.853117 0.34489498 0.36839938 0.5238098 0.40977898	0.9999999979425979
70301367_3500	456.0	41	47	325369.6 0.39713606 0.42420375 0.60315716 0.471848 0.60365504	325368.0 0.397138 0.42420274 0.60315394 0.47185034 0.6036549	0.9999999998312339
70301367_5500	471.0	45	48	398261.6 0.34656617 0.49276406 0.3854803 0.49316582 0.78202367	398261.6 0.34656116 0.49275905 0.38548782 0.49316832 0.78202367	0.9999999995122728
70301367_6500	456.0	48	49	413238.4 0.47490263 0.37151676 0.47529706 0.753686 0.4245975	413236.8 0.47490203 0.3715182 0.47529647 0.75368404 0.42459914	0.9999999999861556
70301367_6500	456.0	49	50	389526.8 0.39413205 0.5042297 0.79956496 0.45044395 0.3516292	389525.6 0.39413327 0.5042288 0.79956234 0.45044538 0.3516303	0.9999999999921775
70301367_6500	456.0	50	51	377192.8 0.52071774 0.8257103 0.46517324 0.3631273 0.3252713	377192.0 0.52071625 0.8257068 0.46517423 0.36312807 0.32527465	0.9999999999858574
70301367_6500	456.0	51	52	377152.8 0.8257979 0.46522257 0.3631658 0.32530582 0.5205079	377152.4 0.8257935 0.46522307 0.36316618 0.3253088 0.5205084	0.9999999999898879
70301367_6500	456.0	52	53	297630.0 0.5895239 0.4601989 0.41222322 0.6595807 0.37847328	297630.0 0.5895239 0.4601989 0.4122266 0.6595807 0.3784699	0.9999999998057465
70301367_10000	477.0	60	60	427932.0 0.3496981 0.34258246 0.5801903 0.64595544 0.5815737	427930.8 0.34969205 0.34258342 0.5801896 0.64595956 0.58157533	0.9999999998018070
