ID	BITRATE	START_IDX	CAPTURE_START_IDX	KEY	CAPTURE_KEY	CORRELATION
70301367_20000	460.0	7	6	597139.6 0.37443337 0.2073217 1.2935936 0.3280757 0.29657552	597139.6 0.37443003 0.2073217 1.2935936 0.3280757 0.29657888	0.9999999999860683
70301367_15000	467.0	17	18	549718.4 0.3564043 0.5805027 0.71536994 0.49098232 0.35674086	549718.0 0.3564009 0.5805049 0.71537226 0.49098083 0.3567411	0.9999999999459411
70301367_15000	467.0	18	19	567647.2 0.5621678 0.69277537 0.47547492 0.34547338 0.4241085	567647.6 0.5621692 0.6927766 0.47547278 0.34547314 0.42410818	0.9999999999628969
70301367_15000	467.0	19	20	491902.8 0.7994506 0.54868966 0.39867023 0.48941374 0.26377568	491902.4 0.7994533 0.5486881 0.39867055 0.48941416 0.26377386	0.9999999999830075
70301367_15000	467.0	20	21	386158.4 0.6989412 0.5078408 0.6234333 0.33600718 0.33377755	386158.0 0.6989393 0.50784135 0.62343395 0.33600494 0.33378047	0.9999999999255179
70301367_15000	467.0	21	22	356824.8 0.54958904 0.67468405 0.36362943 0.3612165 0.55088097	356824.4 0.54958963 0.67468476 0.36362705 0.36121967 0.5508788	0.9999999998523065
70301367_6500	456.0	14	23	428287.2 0.56211114 0.3029556 0.30094525 0.45896307 0.87502503	428285.6 0.5621109 0.30295438 0.3009487 0.45896244 0.8750236	0.9999999999740430
70301367_6500	456.0	15	24	431995.2 0.3003552 0.2983621 0.4550236 0.8675143 0.5787449	431996.0 0.3003523 0.29836386 0.45502043 0.86750805 0.5787554	0.9999999996312547
70301367_7050	464.0	17	25	458552.4 0.28108674 0.42866856 0.81726754 0.54523754 0.42773956	458552.0 0.2810848 0.42866895 0.81726825 0.5452381 0.42773992	0.9999999999925796
70301367_7050	464.0	18	26	469596.4 0.41858712 0.798047 0.5324146 0.41767994 0.3332713	469596.4 0.41858712 0.798047 0.5324146 0.41767994 0.3332713	0.9999999999999999
70301367_15000	467.0	29	30	490154.0 0.3192915 0.3181082 0.44026774 0.40109026 1.0212423	490155.6 0.3192925 0.31810918 0.44026837 0.40108895 1.0212411	0.9999999999954191
70301367_3500	456.0	38	54	376228.0 0.41779187 0.5224279 0.84946895 0.34345132 0.36686	376228.0 0.41779718 0.5224279 0.84946895 0.34344068 0.3668653	0.9999999995106145
70301367_3500	456.0	39	55	391853.6 0.5015955 0.81559545 0.3297558 0.35223106 0.50082225	391851.6 0.50159806 0.8155996 0.3297473 0.35223794 0.5008172	0.9999999995015715
70301367_3500	456.0	40	56	374642.8 0.8530632 0.3449045 0.36841226 0.52382964 0.40979034	374640.0 0.8530696 0.34489644 0.36842036 0.5238255 0.40978807	0.9999999995523633
70301367_3500	456.0	41	57	325369.6 0.39713606 0.42420375 0.60315716 0.471848 0.60365504	325366.0 0.39712816 0.42421457 0.6031546 0.4718471 0.6036556	0.9999999975767854
70301367_5500	471.0	45	58	398261.6 0.34656617 0.49276406 0.3854803 0.49316582 0.78202367	398260.8 0.34656936 0.4927575 0.38548356 0.49316677 0.7820227	0.9999999997614462
70301367_6500	456.0	48	59	413238.4 0.47490263 0.37151676 0.47529706 0.753686 0.4245975	413234.8 0.4749019 0.37151515 0.47529635 0.7536853 0.4246012	0.9999999999020656
70301367_5500	471.0	47	60	379794.4 0.40422395 0.5171456 0.8200489 0.46198943 0.29659206	379794.0 0.40422702 0.5171461 0.8200472 0.4619873 0.29659235	0.9999999999579378
70301367_5500	471.0	48	61	396909.2 0.4948462 0.7846883 0.44206837 0.28380296 0.49459425	396909.6 0.4948457 0.784685 0.44206542 0.28380266 0.4946013	0.9999999997496208
70301367_5500	471.0	49	62	367422.4 0.847662 0.47754574 0.30657902 0.534287 0.3339263	367422.4 0.84765923 0.477543 0.30657902 0.53429514 0.33392358	0.9999999997633463
70301367_5500	471.0	50	63	332938.4 0.5270074 0.33833286 0.5896256 0.3685126 0.67652154	332938.4 0.52700436 0.33833286 0.5896346 0.3685096 0.6765185	0.9999999993757360
70301367_15000	467.0	62	64	322614.8 0.34916252 0.60849965 0.38030803 0.69817317 0.46385658	322612.8 0.3491616 0.6085065 0.3803042 0.69817126 0.46385634	0.9999999996892189
70301367_15000	467.0	63	65	355905.6 0.5515817 0.34473467 0.6328673 0.42046824 0.55034816	355903.2 0.5515882 0.3447314 0.6328659 0.42046827 0.5503463	0.9999999995041030
70301367_15000	467.0	64	66	336021.6 0.36513427 0.67031705 0.44534937 0.58291495 0.43628445	336019.2 0.36513093 0.67031586 0.44534957 0.58291316 0.43629056	0.9999999995789203
70301367_15000	467.0	65	67	386257.6 0.58313674 0.387428 0.507102 0.37954205 0.6427913	386256.0 0.583134 0.387427 0.5070989 0.3795462 0.6427939	0.9999999996220910
70301367_15000	467.0	66	68	406731.6 0.36792567 0.48157558 0.3604367 0.61043453 0.67962754	406730.0 0.36792466 0.48157254 0.36044058 0.6104369 0.67962533	0.9999999997977581
70301367_15000	467.0	67	69	446421.2 0.43876055 0.32839167 0.55616313 0.61920446 0.5574803	446420.8 0.43875644 0.32839417 0.5561636 0.6192005 0.5574852	0.9999999994295837
