ID	BITRATE	START_IDX	CAPTURE_START_IDX	KEY	CAPTURE_KEY	CORRELATION
70021636_3500	745.0	10	0	409329.0 0.5153727 0.48462728	409353.0 0.5209562 0.47904375	1.0000000000000000
70295915_3500	548.0	45	1	409808.0 0.48461717 0.5153828	409784.0 0.4785399 0.5214601	1.0000000000000000
70301367_7050	464.0	27	5	602917.0 0.6291546 0.3708454	602919.0 0.6291525 0.3708475	1.0000000000000000
70301367_1200	393.0	7	8	249311.0 0.5366069 0.46339312	249310.0 0.536605 0.46339497	1.0000000000000000
80009431_5500	1623.0	3	9	311628.0 0.37099043 0.6290096	311632.0 0.37072253 0.62927747	1.0000000000000000
80013870_800	621.0	10	10	353792.0 0.5552443 0.44475567	353800.0 0.5542764 0.44572356	1.0000000000000000
70301367_7050	464.0	7	18	347386.0 0.6436327 0.35636726	347392.0 0.64362735 0.35637262	1.0000000000000000
70301367_3500	456.0	22	19	896254.0 0.13813049 0.8618695	896257.0 0.13813114 0.86186886	1.0000000000000000
80081770_10000	1497.0	3	20	968435.0 0.7975228 0.20247719	968418.0 0.7976473 0.2023527	1.0000000000000000
80184100_20000	2098.0	36	21	332917.0 0.5879964 0.4120036	332929.0 0.5886 0.41140002	0.9999999999999999
80122759_20000	2410.0	84	23	340766.0 0.58494097 0.415059	340751.0 0.5754407 0.4245593	1.0000000000000000
81080637_4800	1260.0	68	30	332529.0 0.67785066 0.32214934	332553.0 0.68022543 0.3197746	1.0000000000000000
80109295_6500	1775.0	2	36	325319.0 0.38880914 0.61119086	325334.0 0.39274406 0.60725594	1.0000000000000000
80013870_3500	1089.0	3	37	629716.0 0.31212643 0.6878736	629721.0 0.31372783 0.6862722	1.0000000000000000
