ID	BITRATE	START_IDX	CAPTURE_START_IDX	KEY	CAPTURE_KEY	CORRELATION
70308278_10000	2309.0	8	7	337927.34 0.4309595 0.4884837 0.58055675	337924.66 0.43096292 0.48848167 0.58055544	0.9999999996183923
70308278_7050	1515.0	14	17	552755.3 0.3754808 0.6804584 0.44406086	552756.0 0.37548393 0.68045396 0.4440621	0.9999999999998044
70308278_7050	1515.0	60	65	832096.7 0.5473847 0.23540774 0.7172075	832093.3 0.54738575 0.2354063 0.717208	0.9999999999960828
70308278_7050	1515.0	61	66	1085776.6 0.18040727 0.54963976 0.769953	1085793.4 0.18040265 0.54962945 0.76996785	0.9999999994120194
70308278_7050	1515.0	62	67	1254968.6 0.47553858 0.66614974 0.35831174	1254984.6 0.47553092 0.66616434 0.3583048	0.9999999994617809
70308278_7050	1515.0	63	68	1138174.6 0.7345068 0.39507997 0.37041327	1138191.4 0.73452145 0.39507154 0.37040696	0.9999999999595494
70308278_6500	1488.0	68	74	2961078.8 0.043861043 0.23019922 1.2259398	2961079.2 0.04385124 0.23019984 1.2259489	0.9999999999802758
70308278_6500	1488.0	69	75	3927632.0 0.17354935 0.9242475 0.40220317	3927652.8 0.17354895 0.9242497 0.4022013	0.9999999999944762
70308278_7050	1515.0	71	76	4025235.2 0.9018434 0.3924511 0.2057055	4025234.0 0.9018437 0.39245096 0.20570531	0.9999999999999947
