ID	BITRATE	START_IDX	CAPTURE_START_IDX	KEY	CAPTURE_KEY	CORRELATION
70305893_6500	1397.0	9	11	602318.7 0.84796304 0.32535434 0.32668254	602318.0 0.8479624 0.32535473 0.32668293	0.9999999999999999
70305893_6500	1397.0	10	12	1088940.6 0.17996114 0.1806958 1.1393431	1088940.6 0.17996114 0.1806958 1.1393431	1.0000000000000000
70305893_4800	1213.0	19	16	1498523.4 0.8814831 0.34826285 0.27025405	1498524.0 0.88148206 0.34826335 0.2702546	0.9999999999999631
70305893_15000	1359.0	15	17	1049233.4 0.49739268 0.38598087 0.6166264	1049233.4 0.49739268 0.38597992 0.61662734	0.9999999999999869
70305893_5500	1297.0	20	18	1663605.4 0.24343754 0.38890594 0.86765647	1663603.4 0.24343723 0.3889064 0.86765635	0.9999999999992161
70305893_5500	1297.0	21	19	1515566.0 0.42689398 0.95240855 0.12069748	1515564.0 0.42689455 0.9524085 0.120696984	0.9999999999992497
70305893_7050	1445.0	16	20	2176451.2 0.6632071 0.08404691 0.752746	2176448.0 0.66320723 0.084047034 0.75274575	0.9999999999999190
70305893_7050	1445.0	25	30	3595076.0 0.05448202 1.0801966 0.36532134	3595096.8 0.054481704 1.080199 0.36531922	0.9999999999960881
70305893_20000	1360.0	31	31	3595186.8 1.0801798 0.36530954 0.05451066	3595169.2 1.0801772 0.36531186 0.054510925	0.9999999999951276
70305893_20000	1360.0	38	37	1786538.0 0.920281 0.37148833 0.20823067	1786542.0 0.92028064 0.37148917 0.2082302	0.9999999999981722
70305893_4200	1335.0	35	38	907400.7 0.73140895 0.40997544 0.35861555	907399.3 0.7314101 0.40997607 0.35861388	0.9999999999874500
70305893_4200	1335.0	36	39	652146.0 0.5704428 0.49898028 0.4305769	652144.0 0.5704446 0.49897876 0.43057668	0.9999999998223873
70305893_15000	1359.0	37	40	535337.3 0.6078523 0.52452534 0.36762244	535337.3 0.6078523 0.52452534 0.36762244	1.0000000000000000
70305893_15000	1359.0	38	41	629788.7 0.44586065 0.31248894 0.74165034	629789.3 0.4458602 0.31248865 0.7416512	0.9999999999991971
70305893_15000	1359.0	39	42	629862.7 0.31245223 0.7415632 0.4459845	629863.3 0.31245193 0.7415641 0.44598407	0.9999999999991948
70305893_15000	1359.0	40	43	651683.3 0.7167331 0.4310514 0.35221556	651685.3 0.71673244 0.43105006 0.35221756	0.9999999999693451
70305893_15000	1359.0	41	44	719404.7 0.39047423 0.31905964 0.79046607	719407.3 0.39047283 0.31906125 0.79046595	0.9999999999828264
70305893_15000	1359.0	42	45	1136256.6 0.20200807 0.5004723 0.7975197	1136260.0 0.20200922 0.5004726 0.7975182	0.9999999999996343
70305893_6500	1397.0	41	46	1167741.4 0.48697856 0.776016 0.23700538	1167745.4 0.4869786 0.77601504 0.23700629	1.0000000000000000
70305893_15000	1359.0	47	50	472026.66 0.67598724 0.4087354 0.4152774	472025.34 0.675987 0.40873653 0.41527644	0.9999999999764642
70305893_6500	1397.0	46	51	504890.66 0.38824645 0.3821283 0.7296253	504891.34 0.38212976 0.38824394 0.7296263	0.9995271493286312
70305893_15000	1359.0	49	52	649842.0 0.30164564 0.5668778 0.6314766	649843.3 0.3016435 0.5668782 0.63147837	0.9999999999980439
70305893_6500	1397.0	50	55	1062849.4 0.21205169 0.9183258 0.36962247	1062850.6 0.21205238 0.91832566 0.36962202	0.9999999999990260
70305893_5500	1297.0	61	59	1034958.0 0.7552674 0.48446023 0.26027238	1034957.3 0.75526786 0.4844596 0.26027256	0.9999999999974748
