ID	BITRATE	START_IDX	CAPTURE_START_IDX	KEY	CAPTURE_KEY	CORRELATION
70308278_20000	3680.0	44	46	2554399.2 0.4351344 0.5642579 0.5006077	2554398.8 0.4351341 0.5642584 0.50060743	0.9999999999936987
70308278_20000	3680.0	45	47	2729154.8 0.5281269 0.4685524 0.5033207	2729155.2 0.52812713 0.46855193 0.50332093	0.9999999999828320
70308278_20000	3680.0	50	52	2067482.6 0.6760429 0.72910213 0.094854966	2067482.0 0.67604166 0.7291033 0.094854996	0.9999999999940257
70308278_20000	3680.0	51	53	1609814.0 0.9363852 0.12182215 0.44179267	1609816.6 0.9363849 0.12182195 0.44179317	0.9999999999994453
70308278_20000	3680.0	71	74	5119041.5 0.68129474 0.4962302 0.32247502	5119023.5 0.68129164 0.49623194 0.32247636	0.9999999999664061
70308278_20000	3680.0	72	75	3418400.8 0.7431027 0.48290506 0.27399215	3418401.2 0.74310267 0.48290527 0.27399212	0.9999999999997429
70308278_20000	3680.0	73	76	2314133.2 0.7133396 0.40473685 0.38192356	2314132.8 0.7133402 0.40473694 0.38192278	0.9999999999976589
70308278_15000	3347.0	72	84	7112511.5 0.23076434 0.8811868 0.38804886	7112492.5 0.23076524 0.8811849 0.3880499	0.9999999999991349
70308278_15000	3347.0	73	85	7012236.5 0.89378774 0.39359796 0.21261433	7012217.5 0.8937859 0.39359903 0.21261506	0.9999999999986714
70308278_15000	3347.0	74	86	3881056.8 0.711147 0.38414848 0.40470445	3881056.0 0.7111472 0.3841488 0.40470403	0.9999999999977320
70308278_20000	3680.0	95	100	4575935.5 0.042821627 0.042883255 1.4142951	4575916.0 0.04282181 0.042883217 1.414295	0.9999999999999906
