ID	BITRATE	START_IDX	CAPTURE_START_IDX	KEY	CAPTURE_KEY	CORRELATION
80163052_7050	418.0	1	1	392823.0 0.50540066 0.49459934	392840.0 0.50081456 0.4991854	1.0000000000000000
70039177_10000	769.0	102	3	897093.0 0.41041675 0.5895832	897111.0 0.41999486 0.58000517	1.0000000000000000
896970_6500	1832.0	19	6	646986.0 0.32690507 0.6730949	646963.0 0.3368307 0.6631693	1.0000000000000000
70308278_15000	3347.0	8	7	794176.0 0.5402392 0.45976081	794177.0 0.54023975 0.45976022	1.0000000000000000
80093138_4800	1489.0	16	8	626677.0 0.57320595 0.42679402	626695.0 0.5826295 0.4173705	0.9999999999999999
70308278_20000	3680.0	16	15	677911.0 0.28921053 0.71078944	677910.0 0.28921095 0.710789	1.0000000000000000
70308278_20000	3680.0	17	16	1234081.0 0.3904541 0.6095459	1234083.0 0.39045268 0.6095473	1.0000000000000000
70308278_15000	3347.0	22	17	1201641.0 0.62600476 0.3739952	1201639.0 0.626005 0.373995	1.0000000000000000
70308278_20000	3680.0	20	19	404117.0 0.5135889 0.48641112	404117.0 0.5135889 0.48641112	0.9999999999999999
70308278_15000	3347.0	3	37	414017.0 0.52634794 0.47365203	414021.0 0.5258622 0.47413778	1.0000000000000000
80174429_7050	2129.0	32	38	905275.0 0.21726437 0.78273565	905261.0 0.21684685 0.7831531	1.0000000000000000
70308278_10000	2309.0	54	59	2993463.0 0.58801895 0.41198105	2993459.0 0.5880197 0.41198024	1.0000000000000000
70308278_10000	2309.0	57	62	2299926.0 0.73867464 0.26132536	2299925.0 0.7386745 0.26132548	1.0000000000000000
70308278_10000	2309.0	60	66	3361788.0 0.5907871 0.4092129	3361787.0 0.5907873 0.4092127	1.0000000000000000
70308278_10000	2309.0	71	78	1511406.0 0.5941739 0.4058261	1511404.0 0.5941734 0.40582663	1.0000000000000000
70308278_10000	2309.0	77	84	2613572.0 0.6009695 0.39903054	2613575.0 0.6009703 0.39902967	1.0000000000000000
70308278_10000	2309.0	87	95	5488308.0 0.964297 0.03570299	5488312.0 0.9642967 0.035703328	1.0000000000000000
70308278_10000	2309.0	92	98	7876138.0 0.2800163 0.7199837	7876139.0 0.2800164 0.71998364	1.0000000000000000
