ID	BITRATE	START_IDX	CAPTURE_START_IDX	KEY	CAPTURE_KEY	CORRELATION
70301367_6500	456.0	9	9	698447.2 1.534	698445.0 1.5339977	0.9999999999394892
70301367_6500	456.0	10	10	692286.2 1.7484229	692285.6 1.74842	0.9999999998709527
70301367_6500	456.0	11	11	709279.0 1.5868381	709278.2 1.58684	0.9999999998747398
70301367_6500	456.0	12	12	597591.6 2.0255337	597592.4 2.025528	0.9999999997829313
70301367_6500	456.0	13	13	681612.4 1.3039054	681612.2 1.3039101	0.9999999998133727
70301367_6500	456.0	14	14	631384.4 1.9950637	631374.0 1.9950932	0.9999999925427031
70301367_6500	456.0	15	15	675927.4 1.403457	675923.6 1.4034278	0.9999999922894943
70301367_15000	467.0	31	23	810811.6 2.353807	810807.6 2.3537865	0.9999999989028493
70301367_15000	467.0	32	24	1036613.2 1.0348914	1036615.4 1.0348921	0.9999999999952671
70301367_15000	467.0	33	25	848456.8 2.4222116	848458.8 2.4222107	0.9999999999952064
70301367_3500	456.0	38	44	573511.2 1.8827497	573514.2 1.8827904	0.9999999935325061
