ID	BITRATE	START_IDX	CAPTURE_START_IDX	KEY	CAPTURE_KEY	CORRELATION
70308278_5500	1352.0	14	15	302720.0 0.64933604 0.3482228 0.5024412	302720.66 0.6493346 0.34822533 0.5024401	0.9999999999809120
70308278_5500	1352.0	15	16	375277.34 0.28089625 0.40529758 0.8138061	375276.66 0.28089944 0.40529832 0.8138023	0.9999999999987509
70308278_5500	1352.0	16	17	611465.3 0.2487451 0.49946088 0.7517941	611464.0 0.24874564 0.49945867 0.7517957	0.9999999999718161
70308278_5500	1352.0	17	18	702754.7 0.43457982 0.6541344 0.41128576	702753.3 0.43457782 0.65413564 0.41128656	0.9999999999382554
70308278_5500	1352.0	18	19	707470.7 0.6497739 0.40854412 0.4416819	707472.0 0.6497727 0.40854338 0.44168392	0.9999999999337217
70308278_4200	989.0	26	28	282302.66 0.43031475 0.48993164 0.57975364	282302.0 0.43031222 0.48993632 0.5797515	0.9999999985416281
70308278_4200	989.0	30	31	965982.7 0.20321482 0.34380844 0.9529767	965982.0 0.203216 0.34380764 0.95297635	0.9999999999973727
70308278_4800	1086.0	29	32	1310654.6 0.25339323 0.7023666 0.54424024	1310656.0 0.2533937 0.7023643 0.54424196	0.9999999999717317
70308278_6500	1488.0	31	33	1242750.6 0.7407423 0.57397836 0.18527932	1242752.0 0.7407415 0.5739794 0.18527912	0.9999999999949550
70308278_6500	1488.0	32	34	791006.0 0.9017782 0.2910926 0.30712914	791006.7 0.90178 0.29109237 0.30712762	0.9999999999981251
70308278_6500	1488.0	33	35	483580.66 0.47614807 0.5023795 0.52147245	483578.66 0.47615004 0.5023795 0.5214705	0.9999999999661332
70308278_6500	1488.0	34	36	432494.0 0.5617211 0.5830694 0.35520956	432492.0 0.5617214 0.5830674 0.3552112	0.9999999999695491
70308278_6500	1488.0	35	37	2015974.6 0.12508789 0.07620433 1.2987078	2015954.6 0.12508813 0.07620509 1.2987068	0.9999999999999483
70308278_6500	1488.0	36	38	3004778.8 0.051127225 0.8713327 0.57754004	3004759.2 0.051127557 0.87132907 0.57754344	0.9999999999700182
70308278_5500	1352.0	34	39	3209313.2 0.8157926 0.5407319 0.14347556	3209312.0 0.8157929 0.5407324 0.14347468	0.9999999999993050
70308278_4800	1086.0	51	56	548956.7 0.28546697 0.676567 0.53796595	548978.7 0.28545734 0.67654175 0.5380008	0.9999999876898999
70308278_4800	1086.0	58	63	671127.3 0.30846012 0.43649095 0.755049	671109.3 0.30846837 0.43650118 0.7550305	0.9999999997251859
70308278_4800	1086.0	66	72	1898341.4 0.13934217 0.16769376 1.1929641	1898340.6 0.13934276 0.16769277 1.1929646	0.9999999999991261
60020801_5500	1058.0	73	76	802832.7 0.6372498 0.2438229 0.61892724	802832.7 0.6291722 0.25324705 0.6175807	0.9998998112234712
70308278_4200	989.0	76	81	1115912.6 0.72758925 0.35346675 0.4189441	1115912.6 0.72759104 0.35346586 0.4189432	0.9999999999991899
70308278_4200	989.0	77	82	2097900.0 0.18801564 0.22284427 1.08914	2097898.0 0.18801534 0.222844 1.0891407	1.0000000000000000
70308278_3500	1007.0	67	83	1966049.4 0.23778905 1.1621814 0.100029536	1966048.6 0.23778863 1.1621819 0.10002957	0.9999999999998906
70308278_4800	1086.0	81	84	2562695.2 0.8916144 0.0767403 0.53164536	2562677.2 0.89160895 0.076741226 0.5316499	0.9999999999492305
