ID	BITRATE	START_IDX	CAPTURE_START_IDX	KEY	CAPTURE_KEY	CORRELATION
80121387_4200	1386.0	17	0	716615.0 0.72236973 0.27763024	716597.0 0.72611105 0.27388895	1.0000000000000000
70102778_20000	865.0	87	2	927026.0 0.40791088 0.5920891	927048.0 0.40643418 0.5935658	1.0000000000000000
70308278_10000	2309.0	8	7	310705.0 0.4687179 0.53128207	310703.0 0.46872094 0.5312791	1.0000000000000000
80171659_1200	518.0	11	8	361260.0 0.45786414 0.54213583	361254.0 0.45693612 0.5430639	0.9999999999999999
80993095_1200	396.0	15	12	543785.0 0.36306813 0.6369319	543764.0 0.36056083 0.63943917	1.0000000000000000
70308278_7050	1515.0	14	17	583676.0 0.3555894 0.6444106	583676.0 0.35559282 0.64440715	1.0000000000000000
70308278_7050	1515.0	15	18	621584.0 0.60511047 0.3948895	621583.0 0.60510826 0.39489174	1.0000000000000000
70308278_10000	2309.0	20	19	510908.0 0.4804368 0.5195632	510905.0 0.48043767 0.51956236	1.0000000000000000
70308278_7050	1515.0	18	20	741712.0 0.3578842 0.64211583	741711.0 0.35788468 0.64211535	1.0000000000000000
80000643_6500	3521.0	2	24	673383.0 0.7086383 0.2913617	673393.0 0.70809317 0.2919068	1.0000000000000000
80093106_5500	1538.0	50	34	1118558.0 0.17862014 0.82137984	1118553.0 0.17549817 0.8245018	1.0000000000000000
70308278_7050	1515.0	53	58	492378.0 0.3981758 0.6018242	492377.0 0.39817458 0.6018254	1.0000000000000000
70308278_7050	1515.0	60	65	651359.0 0.69927186 0.30072817	651356.0 0.6992735 0.30072647	1.0000000000000000
70308278_7050	1515.0	61	66	792668.0 0.24711733 0.75288266	792664.0 0.24711606 0.752884	1.0000000000000000
80216541_4200	1518.0	32	67	1432830.0 0.42017266 0.5798273	1432810.0 0.416513 0.583487	0.9999999999999999
70308278_7050	1515.0	64	69	871265.0 0.5161116 0.48388836	871261.0 0.51611054 0.48388943	1.0000000000000000
60000870_20000	2703.0	16	70	1058443.0 0.395565 0.604435	1058429.0 0.39832053 0.60167944	1.0000000000000000
80174429_2000	632.0	36	73	326791.0 0.6009743 0.39902568	326811.0 0.60268474 0.39731526	1.0000000000000000
70308278_7050	1515.0	71	76	5209840.0 0.6967838 0.30321622	5209839.0 0.6967839 0.3032161	1.0000000000000000
70308278_7050	1515.0	72	77	2407721.0 0.6561009 0.34389907	2407719.0 0.65610105 0.34389892	1.0000000000000000
81080637_5500	1871.0	4	87	315880.0 0.37067875 0.6293213	315857.0 0.3796338 0.62036616	1.0000000000000000
70308278_10000	2309.0	93	90	5866921.0 0.96655315 0.033446845	5866921.0 0.96655315 0.033446845	0.9999999999999999
