ID	BITRATE	START_IDX	CAPTURE_START_IDX	KEY	CAPTURE_KEY	CORRELATION
70308278_6500	1488.0	93	3	777619.0 0.57637864 0.42362133	777618.0 0.57638067 0.4236193	1.0000000000000000
70308278_5500	1352.0	14	15	301981.0 0.65092504 0.34907493	301982.0 0.6509229 0.3490771	1.0000000000000000
70308278_5500	1352.0	15	16	257513.0 0.4093541 0.5906459	257514.0 0.4093564 0.59064364	1.0000000000000000
70308278_5500	1352.0	16	17	457502.0 0.33245537 0.6675446	457500.0 0.33245683 0.6675432	1.0000000000000000
70308278_5500	1352.0	17	18	765099.0 0.39916795 0.60083205	765097.0 0.39916638 0.6008336	1.0000000000000000
70308278_5500	1352.0	18	19	748729.0 0.6139685 0.38603154	748729.0 0.6139685 0.38603154	1.0000000000000000
70308278_5500	1352.0	19	20	601510.0 0.48051238 0.5194876	601512.0 0.48051077 0.5194892	1.0000000000000000
70308278_4800	1086.0	79	22	364333.0 0.31422353 0.6857765	364334.0 0.31422266 0.6857773	1.0000000000000000
70308278_5500	1352.0	22	23	446002.0 0.5602015 0.43979847	446000.0 0.5602063 0.43979374	1.0000000000000000
80202920_15000	3217.0	2	24	532916.0 0.37395012 0.6260499	532899.0 0.36807725 0.6319227	1.0000000000000000
70308278_4200	989.0	26	28	259788.0 0.4676082 0.5323918	259788.0 0.46760437 0.53239566	1.0000000000000000
70308278_4200	989.0	27	29	301975.0 0.45801473 0.5419853	301975.0 0.45801803 0.54198194	1.0000000000000000
70308278_4200	989.0	30	31	528415.0 0.37149212 0.6285079	528415.0 0.371494 0.628506	1.0000000000000000
70308278_4800	1086.0	29	32	1252671.0 0.2651223 0.7348777	1252670.0 0.2651233 0.7348767	1.0000000000000000
70308278_7050	1515.0	34	33	1633873.0 0.563422 0.436578	1633872.0 0.56342113 0.43657887	1.0000000000000000
70308278_6500	1488.0	32	34	943568.0 0.7559731 0.24402693	943570.0 0.7559736 0.24402641	1.0000000000000000
70308278_6500	1488.0	33	35	473197.0 0.4865965 0.51340353	473196.0 0.4865975 0.51340246	1.0000000000000000
70308278_6500	1488.0	34	36	495115.0 0.4906759 0.5093241	495112.0 0.49067685 0.5093231	1.0000000000000000
70308278_6500	1488.0	35	37	405800.0 0.6214243 0.37857565	405798.0 0.62142247 0.37857753	1.0000000000000000
70308278_4200	989.0	37	38	2771784.0 0.055424232 0.9445758	2771760.0 0.055425435 0.9445746	1.0000000000000000
70308278_5500	1352.0	34	39	4353512.0 0.60138434 0.39861566	4353513.0 0.6013842 0.39861578	0.9999999999999999
70308278_5500	1352.0	35	40	2195836.0 0.790304 0.209696	2195834.0 0.7903052 0.20969482	1.0000000000000000
80199806_6500	1765.0	40	42	629494.0 0.684275 0.315725	629484.0 0.6884591 0.31154087	1.0000000000000000
80199806_7050	1675.0	21	43	356908.0 0.5567261 0.4432739	356891.0 0.5494955 0.45050448	1.0000000000000000
70308278_4800	1086.0	41	44	473006.0 0.33991113 0.6600889	473010.0 0.33991036 0.6600896	1.0000000000000000
70041162_7050	1260.0	64	46	904895.0 0.21693124 0.7830688	904886.0 0.21705829 0.7829417	1.0000000000000000
70103763_6500	1462.0	2	48	492712.0 0.59660006 0.40339994	492701.0 0.60103184 0.39896813	1.0000000000000000
70298735_2000	449.0	21	54	487655.0 0.22478391 0.7752161	487641.0 0.22460376 0.7753962	1.0000000000000000
70308278_4800	1086.0	51	56	528115.0 0.29673272 0.7032673	528117.0 0.2967335 0.7032665	1.0000000000000000
70297757_4800	766.0	5	58	491406.0 0.5998482 0.40015182	491404.0 0.601035 0.398965	1.0000000000000000
80106307_800	411.0	7	59	477332.0 0.41153327 0.5884667	477333.0 0.41072583 0.58927417	1.0000000000000000
70308278_4800	1086.0	58	63	499957.0 0.4140676 0.5859324	499956.0 0.41406843 0.58593154	1.0000000000000000
80993095_3500	682.0	29	69	369772.0 0.46326116 0.5367389	369793.0 0.46736687 0.5326331	1.0000000000000000
80097391_5500	521.0	35	70	347081.0 0.56546164 0.43453833	347089.0 0.56747407 0.43252596	1.0000000000000000
70308278_4800	1086.0	66	72	582859.0 0.45383018 0.5461698	582858.0 0.45383266 0.5461673	1.0000000000000000
70308278_4800	1086.0	67	73	2582993.0 0.12324462 0.87675536	2582991.0 0.12324394 0.8767561	1.0000000000000000
70308278_4200	989.0	70	75	1515620.0 0.6667232 0.3332768	1515619.0 0.6667236 0.33327636	1.0000000000000000
80198592_4800	1174.0	45	77	699142.0 0.28423554 0.71576446	699129.0 0.29081187 0.70918816	1.0000000000000000
70308278_4200	989.0	76	81	1206364.0 0.6730357 0.32696432	1206365.0 0.67303675 0.32696325	1.0000000000000000
70308278_4200	989.0	77	82	861943.0 0.45761496 0.54238504	861941.0 0.45761484 0.54238516	1.0000000000000000
70308278_4200	989.0	78	83	2752412.0 0.16985284 0.83014715	2752410.0 0.1698526 0.8301474	1.0000000000000000
70308278_3500	1007.0	68	84	2481569.0 0.92075056 0.07924946	2481569.0 0.92075056 0.07924946	1.0000000000000000
70308278_6500	1488.0	82	85	1559108.0 0.12613751 0.8738625	1559110.0 0.12613799 0.873862	1.0000000000000000
70308278_4800	1086.0	87	91	1667911.0 0.6013696 0.39863038	1667910.0 0.6013706 0.39862943	1.0000000000000000
