ID	BITRATE	START_IDX	CAPTURE_START_IDX	KEY	CAPTURE_KEY	CORRELATION
70301367_4800	471.0	28	5	442229.34 0.27994525 0.4004664 0.8195883	442226.0 0.27994058 0.40046492 0.8195945	0.9999999999989505
70301367_4800	471.0	29	6	504619.34 0.35095364 0.71825624 0.43079007	504618.0 0.35095063 0.71825814 0.4307912	0.9999999999611673
70301367_7050	464.0	10	10	605525.3 0.32355872 0.64944106 0.52700025	605521.3 0.32355922 0.6494404 0.5270004	0.9999999999989844
70301367_7050	464.0	11	11	654844.7 0.60052866 0.48730946 0.41216186	654842.0 0.6005265 0.48730838 0.41216508	0.9999999999159034
70301367_7050	464.0	12	12	496623.34 0.6425634 0.54347426 0.31396228	496622.66 0.6425603 0.543477 0.31396273	0.9999999998701710
70301367_6500	456.0	12	13	444380.66 0.60736895 0.3508771 0.541754	444378.66 0.6073716 0.3508742 0.5417542	0.9999999999894976
70301367_6500	456.0	13	14	350946.66 0.4442926 0.6859875 0.36972	350944.66 0.44428942 0.6859885 0.36972213	0.9999999998590319
70301367_6500	456.0	14	15	332925.34 0.7231201 0.38973302 0.38714686	332925.34 0.72311705 0.38973302 0.38714987	0.9999999999704930
70301367_6500	456.0	15	16	303474.0 0.42755556 0.42471844 0.647726	303474.0 0.42755556 0.42472172 0.6477227	0.9999999999202445
70301367_7050	464.0	17	17	466813.34 0.2761125 0.42108265 0.8028048	466813.34 0.27611035 0.42108265 0.802807	0.9999999999980440
70301367_7050	464.0	18	18	547564.7 0.35898408 0.6844123 0.4566036	547564.7 0.35898408 0.6844141 0.45660177	0.9999999999680224
70301367_7050	464.0	19	19	547280.7 0.6847674 0.45684054 0.35839197	547280.7 0.6847693 0.4568387 0.35839197	0.9999999999680391
70301367_7050	464.0	20	20	401776.0 0.62228703 0.48818496 0.389528	401774.66 0.6222866 0.4881866 0.3895268	0.9999999999249345
70301367_7050	464.0	21	21	365833.34 0.5361485 0.42779863 0.5360528	365830.66 0.5361524 0.42779902 0.5360486	0.9999999978493380
70301367_7050	464.0	22	22	378919.34 0.41302457 0.5175402 0.5694352	378917.34 0.41302413 0.51753503 0.56944084	0.9999999980381739
70301367_7050	464.0	23	23	405648.66 0.48343807 0.5319135 0.48464847	405647.34 0.48343223 0.5319177 0.48465005	0.9999999914332888
70301367_7050	464.0	24	24	608623.3 0.35452142 0.32301918 0.82245946	608622.0 0.35452384 0.32301986 0.8224563	0.9999999999935164
70301367_7050	464.0	25	25	717662.0 0.27394095 0.69749826 0.5285608	717660.7 0.27394143 0.69749534 0.52856314	0.9999999999448093
70301367_7050	464.0	26	26	735656.7 0.68043697 0.5156318 0.30393118	735654.7 0.6804347 0.5156346 0.30393064	0.9999999999160315
70301367_7050	464.0	6	27	484476.0 0.78296554 0.46150687 0.25552762	484476.0 0.78296757 0.4615048 0.25552762	0.9999999999808747
70301367_2000	458.0	15	28	746562.7 0.29949126 0.16582666 1.034682	746560.0 0.299491 0.16582324 1.0346857	0.9999999999972119
70301367_3500	456.0	22	29	728142.7 0.17002162 1.0608553 0.26912308	728142.0 0.17001766 1.0608577 0.26912472	0.9999999999861289
70301367_6500	456.0	28	30	776333.3 0.9950043 0.25241736 0.25257838	776334.0 0.99500346 0.25241843 0.25257814	0.9999999999988717
70301367_3500	456.0	32	36	381284.0 0.29090914 0.6944928 0.5145981	381281.34 0.29091117 0.69449764 0.51459116	0.9999999995530454
70301367_5500	471.0	35	37	433999.34 0.61013687 0.45208594 0.43777716	433998.0 0.6101388 0.45208502 0.4377762	0.9999999999994589
70301367_5500	471.0	36	38	386940.66 0.50706744 0.49101844 0.5019142	386940.0 0.5070657 0.4910167 0.5019176	0.9999999364050332
70301367_7050	464.0	41	39	386789.34 0.4912131 0.5021079 0.5066789	386789.34 0.49120796 0.5021131 0.5066789	0.9999998878776449
70301367_7050	464.0	42	40	343016.66 0.56618243 0.5713367 0.36248094	343017.34 0.56618714 0.57133555 0.3624773	0.9999999996855450
70301367_7050	464.0	43	41	318334.66 0.61563516 0.3905858 0.4937791	318333.34 0.61563766 0.3905843 0.493778	0.9999999999728149
70301367_6500	456.0	42	42	318717.34 0.39011684 0.4931862 0.6166969	318715.34 0.39011616 0.49318618 0.6166976	1.0000000000000000
70301367_6500	456.0	43	43	448889.34 0.3501687 0.43786293 0.71196836	448886.66 0.3501686 0.43786332 0.7119681	0.9999999999987467
70301367_3500	456.0	39	44	430241.34 0.45684126 0.7428249 0.30033377	430240.66 0.45683968 0.7428238 0.30033657	0.9999999999709481
70301367_3500	456.0	40	45	391222.0 0.8169121 0.33028817 0.35279968	391222.0 0.81690955 0.33029073 0.35279968	0.9999999999906745
70301367_3500	456.0	41	46	308992.0 0.4181856 0.44668794 0.6351265	308991.34 0.4181897 0.4466889 0.63512135	0.9999999999609633
70301367_5500	471.0	45	47	325196.66 0.4244324 0.6034779 0.47208974	325196.66 0.42442933 0.60347176 0.47209895	0.9999999968905580
70301367_6500	456.0	48	48	364122.66 0.53896123 0.4216299 0.5394089	364120.0 0.5389624 0.42163298 0.5394046	0.9999999991874882
70301367_7050	464.0	49	49	440925.34 0.3481882 0.44545183 0.7063599	440922.66 0.3481903 0.44544774 0.70636195	0.9999999998260601
70301367_7050	464.0	50	50	455548.0 0.43115324 0.68368644 0.3851603	455544.66 0.43114984 0.6836893 0.38516092	0.9999999998927631
70301367_6500	456.0	51	51	415920.66 0.7488255 0.4218593 0.32931522	415917.34 0.74882907 0.42185786 0.32931304	0.9999999999991257
70301367_4800	471.0	50	54	249528.0 0.4514243 0.5568834 0.4916923	249529.33 0.4514219 0.55688846 0.4916897	0.9999999994589683
70301367_4800	471.0	51	55	324592.0 0.4281005 0.3779853 0.69391423	324595.34 0.42810225 0.3779814 0.6939163	0.9999999998896887
70301367_4800	471.0	52	56	331717.34 0.3698661 0.67900884 0.45112503	331720.0 0.36986312 0.6790124 0.45112443	0.9999999999975474
70301367_2000	458.0	43	57	415840.0 0.54165065 0.35986438 0.598485	415840.66 0.5416546 0.3598662 0.5984792	0.9999999993864042
