ID	BITRATE	START_IDX	CAPTURE_START_IDX	KEY	CAPTURE_KEY	CORRELATION
70301367_6500	456.0	9	9	456365.4 0.4293095 0.42971706 0.86170644 0.5914186 0.34166262 0.52752686 0.28431603 0.2824294 0.430725 0.82118845	456363.8 0.4293066 0.42971638 0.8617072 0.5914185 0.34165943 0.5275243 0.28431702 0.28243256 0.43072653 0.8211913	0.9999999999394892
70301367_6500	456.0	10	10	467184.0 0.4197661 0.8417519 0.57772315 0.33375072 0.5153109 0.2777321 0.27588916 0.4207507 0.8021722 0.53515315	467183.4 0.4197645 0.8417508 0.5777217 0.33374688 0.51530725 0.27773246 0.27589166 0.42075124 0.8021732 0.5351603	0.9999999998709527
70301367_6500	456.0	11	11	467190.6 0.84173995 0.577715 0.33374602 0.5153036 0.2777282 0.27588525 0.42074478 0.80216086 0.53514564 0.4198308	467190.2 0.8417386 0.5777133 0.33374202 0.5152998 0.27772844 0.27588764 0.42074513 0.8021615 0.5351525 0.41983116	0.9999999998747398
70301367_6500	456.0	12	12	419840.0 0.6428711 0.3713867 0.5734208 0.30905107 0.30700028 0.4681974 0.8926305 0.59550065 0.46718034 0.37276104	419840.2 0.6428684 0.3713818 0.5734158 0.30905092 0.30700254 0.4681972 0.8926301 0.59550756 0.46718013 0.37276566	0.9999999997829313
70301367_6500	456.0	13	13	429682.0 0.36288 0.56028646 0.30197215 0.29996836 0.4574732 0.8721846 0.58186054 0.45647943 0.36422285 0.7426725	429682.2 0.36287516 0.5602816 0.30197203 0.29997054 0.457473 0.87218416 0.5818673 0.45647925 0.36422732 0.7426698	0.9999999998133727
70301367_6500	456.0	14	14	441657.4 0.54509443 0.29378426 0.2918348 0.44506896 0.84853554 0.56608355 0.44410214 0.35434705 0.72253513 0.48861402	441652.0 0.5450966 0.29378787 0.29184064 0.4450744 0.8485459 0.56609726 0.4441076 0.35435593 0.72254175 0.48855206	0.9999999925427031
70301367_6500	456.0	15	15	432827.2 0.29977784 0.2977886 0.45414892 0.8658467 0.57763237 0.45316237 0.36157617 0.7372758 0.49858236 0.454209	432822.8 0.29978088 0.29779392 0.4541535 0.86585546 0.5776452 0.45316696 0.36158445 0.7372809 0.49851808 0.4542205	0.9999999922894943
70301367_15000	467.0	31	23	596255.2 0.3619239 0.32971787 0.8395164 0.636184 0.37499043 0.20762755 1.2955124 0.3286546 0.3288575 0.29701546	596250.6 0.36187804 0.32972208 0.8395245 0.63618886 0.374995 0.20763081 1.2955207 0.3286571 0.32886338 0.2970194	0.9999999989028493
70301367_15000	467.0	32	24	625584.8 0.31425956 0.8001569 0.60635746 0.35740957 0.19789323 1.2347742 0.3132461 0.31343952 0.28309032 0.57937306	625586.2 0.31426045 0.8001567 0.6063561 0.35741037 0.1978944 1.2347699 0.31324542 0.31344202 0.28309128 0.5793734	0.9999999999952671
70301367_15000	467.0	33	25	629742.6 0.79487395 0.602354 0.35504982 0.19658667 1.2266217 0.3111779 0.31137007 0.28122124 0.5755478 0.34519657	629744.0 0.7948738 0.6023527 0.35505062 0.19658782 1.2266175 0.31117725 0.31137255 0.28122222 0.5755482 0.3451974	0.9999999999952064
70301367_3500	456.0	38	44	394733.4 0.39820546 0.49793607 0.8096452 0.32735005 0.34966132 0.49716845 0.3889334 0.49757886 0.78901607 0.44450507	394737.8 0.39820608 0.4979229 0.8097096 0.32734638 0.34965488 0.49715784 0.38892904 0.49757078 0.78900474 0.4444976	0.9999999935325061
