ID	BITRATE	START_IDX	CAPTURE_START_IDX	KEY	CAPTURE_KEY	CORRELATION
70305893_10000	1410.0	14	17	1280084.4 0.4076911 0.31637368 0.50542295 1.1276101 0.1429023	1280084.0 0.4076928 0.31637222 0.5054246 1.1276103 0.14289999	0.9999999999902767
70305893_10000	1410.0	15	18	1726658.8 0.23454838 0.37470287 0.83597064 0.10594276 0.94883543	1726656.4 0.23454754 0.37470454 0.8359718 0.10594117 0.948835	0.9999999999943342
70305893_15000	1359.0	34	37	1314405.6 1.2508467 0.5049263 0.28302678 0.24756894 0.21363117	1314406.8 1.2508457 0.5049282 0.28302655 0.24756873 0.21363097	0.9999999999972459
70305893_15000	1359.0	35	38	735478.4 0.90237594 0.50580955 0.44244128 0.3817896 0.26758367	735479.6 0.9023785 0.5058087 0.44244054 0.38178897 0.26758322	0.9999999999962248
70305893_15000	1359.0	36	39	656840.4 0.5663659 0.49541107 0.42749807 0.29961923 0.7111058	656840.8 0.56636554 0.49541074 0.4274978 0.29961902 0.71110684	0.9999999999959747
70305893_15000	1359.0	37	40	620399.2 0.5245107 0.4526086 0.31721833 0.7528749 0.45278752	620399.6 0.5245103 0.45260826 0.31721812 0.75287604 0.4527872	0.9999999999977714
70305893_15000	1359.0	38	41	582050.0 0.48242936 0.33811873 0.80247915 0.48262006 0.3943527	582051.2 0.48242837 0.33811802 0.80247927 0.48261908 0.39435536	0.9999999999642545
70305893_15000	1359.0	39	42	697196.8 0.2822761 0.6699442 0.40291205 0.32922268 0.81564486	697198.8 0.2822753 0.66994375 0.4029109 0.3292246 0.8156454	0.9999999999855426
70305893_15000	1359.0	40	43	980950.8 0.47615334 0.286364 0.23399033 0.579708 0.9237843	980953.2 0.4761532 0.2863633 0.2339918 0.5797086 0.9237831	0.9999999999952014
70305893_15000	1359.0	41	44	904823.2 0.31045735 0.2536772 0.6284819 1.0015073 0.30587634	904824.8 0.31045678 0.25367895 0.628483 1.0015066 0.30587468	0.9999999999904753
70305893_15000	1359.0	47	50	594712.4 0.53653497 0.32441565 0.32960808 0.61942714 0.69001424	594712.8 0.53653294 0.32441542 0.32960615 0.6194284 0.6900171	0.9999999999593895
