ID	BITRATE	START_IDX	CAPTURE_START_IDX	KEY	CAPTURE_KEY	CORRELATION
70301367_2000	458.0	12	0	716340.0 0.30121312 0.6987869	716337.0 0.30121157 0.6987884	1.0000000000000000
70208599_4800	853.0	47	1	696810.0 0.71455204 0.28544798	696823.0 0.71835744 0.28164253	1.0000000000000000
70301367_7050	464.0	28	5	996044.0 0.22447704 0.77552295	996044.0 0.22447602 0.77552396	1.0000000000000000
80096067_5500	1125.0	68	6	969133.0 0.8007714 0.19922858	969108.0 0.7970794 0.20292063	1.0000000000000000
80986885_4200	1096.0	1	9	515027.0 0.6129329 0.38706708	515034.0 0.619596 0.38040403	1.0000000000000000
70301367_7050	464.0	10	10	589176.0 0.3325373 0.6674627	589175.0 0.33253446 0.6674655	1.0000000000000000
70301367_6500	456.0	11	11	663156.0 0.59300226 0.40699774	663157.0 0.59300286 0.40699714	1.0000000000000000
70301367_7050	464.0	13	12	425823.0 0.63383615 0.36616388	425826.0 0.633834 0.366166	1.0000000000000000
70301367_6500	456.0	13	13	396668.0 0.39308187 0.60691816	396668.0 0.39308187 0.60691816	1.0000000000000000
80091741_600	331.0	1	15	324985.0 0.5953136 0.40468636	324998.0 0.6034129 0.39658704	1.0000000000000000
70301367_7050	464.0	17	16	325460.0 0.39603332 0.6039667	325457.0 0.39602774 0.60397226	1.0000000000000000
80075563_4800	1258.0	59	17	571306.0 0.34805167 0.65194833	571329.0 0.3440522 0.6559478	1.0000000000000000
70301367_7050	464.0	19	18	624780.0 0.5998271 0.40017286	624779.0 0.5998313 0.4001687	1.0000000000000000
70308278_1200	536.0	38	19	446181.0 0.5592327 0.44076732	446158.0 0.5603777 0.43962228	1.0000000000000000
80232502_3500	821.0	74	20	352663.0 0.56322324 0.43677676	352643.0 0.5562027 0.44379726	1.0000000000000000
70301367_7050	464.0	24	23	412367.0 0.5232475 0.4767525	412363.0 0.52325016 0.47674987	1.0000000000000000
60033314_7050	468.0	59	24	364273.0 0.54094595 0.45905405	364271.0 0.5396916 0.4603084	1.0000000000000000
70301367_7050	464.0	27	27	602917.0 0.6291546 0.3708454	602914.0 0.6291544 0.3708456	1.0000000000000000
70301367_7050	464.0	28	28	996044.0 0.22447704 0.77552295	996044.0 0.22447602 0.77552396	1.0000000000000000
80097391_7050	511.0	39	30	463194.0 0.5766806 0.4233194	463176.0 0.5766555 0.42334446	1.0000000000000000
70301367_6500	456.0	30	31	373182.0 0.5254407 0.47455934	373181.0 0.5254367 0.47456327	1.0000000000000000
70301367_6500	456.0	31	32	539545.0 0.328234 0.67176604	539545.0 0.32823583 0.6717642	1.0000000000000000
70301367_6500	456.0	32	33	559163.0 0.6481974 0.35180262	559163.0 0.6481956 0.3518044	1.0000000000000000
70301367_6500	456.0	33	34	414100.0 0.47504225 0.5249577	414102.0 0.47504237 0.5249576	0.9999999999999999
70301367_6500	456.0	34	35	428856.0 0.50689507 0.4931049	428858.0 0.50689507 0.49310493	1.0000000000000000
70308278_800	345.0	24	36	348461.0 0.61081725 0.38918272	348438.0 0.6069143 0.39308572	1.0000000000000000
70301367_5500	471.0	36	38	386200.0 0.5080399 0.49196014	386200.0 0.5080451 0.49195495	1.0000000000000000
70167075_6500	1035.0	74	40	652988.0 0.6985381 0.3014619	653008.0 0.69988424 0.30011576	1.0000000000000000
80144140_3500	541.0	8	41	320325.0 0.62025756 0.37974244	320315.0 0.611829 0.38817102	1.0000000000000000
70301367_7050	464.0	44	42	281524.0 0.44165683 0.5583432	281524.0 0.44165683 0.5583432	1.0000000000000000
70301367_6500	456.0	43	43	353739.0 0.4443587 0.5556413	353740.0 0.44435742 0.55564255	1.0000000000000000
70301367_6500	456.0	44	44	516147.0 0.38080624 0.61919373	516145.0 0.38080966 0.61919034	1.0000000000000000
70301367_7050	464.0	46	45	457617.0 0.69838315 0.30161685	457617.0 0.69838315 0.30161685	1.0000000000000000
80163052_2000	417.0	38	46	248929.0 0.544585 0.455415	248942.0 0.5544464 0.44555357	1.0000000000000000
70298735_20000	448.0	11	47	307165.0 0.35696125 0.64303875	307165.0 0.3610991 0.63890094	1.0000000000000000
70301367_6500	456.0	48	48	349773.0 0.56107247 0.43892753	349771.0 0.5610757 0.4389243	0.9999999999999999
60020801_1200	377.0	52	50	301586.0 0.4236735 0.5763265	301598.0 0.42844447 0.5715555	1.0000000000000000
80217312_1200	391.0	9	52	424080.0 0.73208827 0.2679117	424095.0 0.73439205 0.26560795	1.0000000000000000
70167075_2000	585.0	46	53	328300.0 0.34310082 0.65689915	328280.0 0.34313086 0.6568691	1.0000000000000000
70301367_4800	471.0	51	55	261649.0 0.53108555 0.46891445	261652.0 0.5310833 0.4689167	0.9999999999999999
80192815_1200	497.0	27	56	284725.0 0.42577574 0.57422423	284739.0 0.43089637 0.56910366	1.0000000000000000
70301367_7050	464.0	58	58	296247.0 0.5051359 0.49486408	296248.0 0.50514096 0.49485904	1.0000000000000000
80091879_800	351.0	8	60	392472.0 0.49895534 0.50104463	392460.0 0.49908525 0.50091475	1.0000000000000000
14607635_15000	981.0	1	61	445440.0 0.44657642 0.5534236	445463.0 0.44131386 0.55868614	1.0000000000000000
