ID	BITRATE	START_IDX	CAPTURE_START_IDX	KEY	CAPTURE_KEY	CORRELATION
70301367_7050	464.0	51	2	486911.0 0.63964874 0.36035126	486911.0 0.63964665 0.36035332	1.0000000000000000
80121840_3500	960.0	13	4	308852.0 0.6281196 0.37188038	308867.0 0.6353026 0.36469743	1.0000000000000000
80122759_4800	1569.0	1	6	373045.0 0.4671876 0.5328124	373042.0 0.4747964 0.5252036	1.0000000000000000
70301367_7050	464.0	10	7	589176.0 0.3325373 0.6674627	589176.0 0.3325373 0.6674627	1.0000000000000000
70301367_7050	464.0	11	8	712365.0 0.5520386 0.44796136	712366.0 0.55203784 0.44796214	1.0000000000000000
70301367_7050	464.0	13	11	425823.0 0.63383615 0.36616388	425826.0 0.6338363 0.36616364	1.0000000000000000
70301367_6500	456.0	13	12	396668.0 0.39308187 0.60691816	396662.0 0.3930853 0.6069147	1.0000000000000000
70301367_6500	456.0	14	13	370497.0 0.64978933 0.35021067	370493.0 0.64978284 0.35021713	1.0000000000000000
70301367_6500	456.0	15	14	258643.0 0.50166446 0.49833554	258644.0 0.50166637 0.4983336	1.0000000000000000
70301367_7050	464.0	17	15	325460.0 0.39603332 0.6039667	325459.0 0.39602837 0.6039716	1.0000000000000000
80075563_4800	1258.0	59	16	571306.0 0.34805167 0.65194833	571328.0 0.34405455 0.6559454	1.0000000000000000
70301367_7050	464.0	19	17	624780.0 0.5998271 0.40017286	624777.0 0.59983003 0.40016997	1.0000000000000000
70308278_1200	536.0	38	18	446181.0 0.5592327 0.44076732	446157.0 0.56037897 0.43962103	1.0000000000000000
80232502_3500	821.0	74	19	352663.0 0.56322324 0.43677676	352641.0 0.55620307 0.44379696	1.0000000000000000
70301367_7050	464.0	2	20	372273.0 0.42039847 0.5796015	372271.0 0.42039534 0.5796046	1.0000000000000000
70301367_7050	464.0	24	21	412367.0 0.5232475 0.4767525	412367.0 0.5232475 0.4767525	1.0000000000000000
70301367_6500	456.0	24	22	575922.0 0.34135526 0.65864474	575926.0 0.3413581 0.65864193	1.0000000000000000
70301367_3500	456.0	20	23	1101504.0 0.34437096 0.65562904	1101506.0 0.34437308 0.65562695	1.0000000000000000
70301367_3500	456.0	21	24	845978.0 0.8536605 0.1463395	845978.0 0.85365933 0.14634068	1.0000000000000000
70301367_3500	456.0	22	25	896254.0 0.13813049 0.8618695	896254.0 0.1381316 0.8618684	1.0000000000000000
80081770_10000	1497.0	3	26	968435.0 0.7975228 0.20247719	968413.0 0.7976483 0.20235169	1.0000000000000000
80184100_20000	2098.0	36	27	332917.0 0.5879964 0.4120036	332928.0 0.58859575 0.41140428	1.0000000000000000
80217312_1200	391.0	57	29	558528.0 0.35108358 0.6489164	558530.0 0.35107157 0.64892846	1.0000000000000000
80198592_20000	2086.0	2	32	408184.0 0.48738313 0.5126169	408188.0 0.48192498 0.518075	1.0000000000000000
70301367_7050	464.0	40	35	454795.0 0.58223814 0.41776186	454797.0 0.58224 0.41776	1.0000000000000000
70301367_4200	462.0	34	36	386203.0 0.4919563 0.5080437	386202.0 0.49196017 0.50803983	1.0000000000000000
81080637_5500	1871.0	2	37	392190.0 0.50664985 0.49335015	392181.0 0.5002945 0.4997055	1.0000000000000000
1151721_2000	586.0	11	39	326735.0 0.6003764 0.39962354	326750.0 0.59436876 0.4056312	1.0000000000000000
70301367_7050	464.0	44	41	281524.0 0.44165683 0.5583432	281521.0 0.44166154 0.55833846	1.0000000000000000
70301367_6500	456.0	43	42	353739.0 0.4443587 0.5556413	353735.0 0.44435525 0.55564475	0.9999999999999999
70301367_6500	456.0	44	43	516147.0 0.38080624 0.61919373	516144.0 0.3808065 0.6191935	1.0000000000000000
70301367_7050	464.0	46	44	457617.0 0.69838315 0.30161685	457617.0 0.69838536 0.30161467	1.0000000000000000
70301367_6500	456.0	46	45	267241.0 0.5164814 0.48351863	267242.0 0.5164757 0.4835243	1.0000000000000000
70301367_7050	464.0	17	46	325460.0 0.39603332 0.6039667	325467.0 0.39702335 0.6029766	1.0000000000000000
70301367_3500	456.0	43	47	349774.0 0.5610737 0.43892628	349799.0 0.5610336 0.43896636	1.0000000000000000
80232502_5500	1383.0	16	48	349946.0 0.4305064 0.5694936	349960.0 0.43876442 0.56123555	1.0000000000000000
70301367_7050	464.0	50	49	507863.0 0.38674012 0.61325985	507861.0 0.38673967 0.6132603	1.0000000000000000
70301367_7050	464.0	51	50	486911.0 0.63964874 0.36035126	486911.0 0.63964665 0.36035332	1.0000000000000000
70301367_5500	471.0	50	51	288105.0 0.60901755 0.39098245	288103.0 0.6090183 0.3909817	1.0000000000000000
70301367_4200	462.0	49	52	235333.0 0.4786494 0.5213506	235336.0 0.47864756 0.52135247	1.0000000000000000
70301367_5500	471.0	58	57	525297.0 0.47377768 0.5262223	525296.0 0.47377098 0.526229	1.0000000000000000
70301367_20000	460.0	70	58	524709.0 0.52681583 0.4731842	524709.0 0.52681774 0.4731823	1.0000000000000000
