ID	BITRATE	START_IDX	CAPTURE_START_IDX	KEY	CAPTURE_KEY	CORRELATION
80171659_4200	1587.0	0	2	417532.66 0.47001353 0.55852157 0.47146493	417520.66 0.47016117 0.56038904 0.46944982	0.9997770132038435
80009431_10000	3108.0	15	20	3286967.2 0.3242472 0.72982293 0.4459299	3286990.0 0.32424557 0.7298276 0.44592682	0.9999999999590856
80009431_15000	3766.0	12	21	2920984.8 0.8212758 0.5018023 0.17692184	2920985.2 0.8212763 0.50180227 0.17692147	0.9999999999999506
80009431_15000	3766.0	13	22	1452419.4 1.009183 0.35581046 0.13500646	1452418.6 1.0091835 0.35580996 0.13500653	0.9999999999996464
80009431_15000	3766.0	14	23	2043109.4 0.25294092 0.095974304 1.1510848	2043109.4 0.25294045 0.095974304 1.1510853	0.9999999999998603
80009431_15000	3766.0	15	24	2885664.0 0.067951776 0.81499165 0.6170566	2885665.2 0.06795175 0.8149916 0.61705667	0.9999999999999912
80009431_20000	3357.0	32	32	4239690.5 1.4075558 0.046241347 0.0462029	4239690.5 1.4075556 0.046241347 0.046203136	0.9999999999999887
80009431_20000	3357.0	44	44	3022141.2 0.5268089 0.11128203 0.8619091	3022138.8 0.52680904 0.11128179 0.86190915	0.9999999999999606
80009431_20000	3357.0	45	45	3325319.2 0.101136155 0.78332657 0.6155373	3325316.0 0.101135954 0.78332675 0.6155373	0.9999999999999934
80009431_20000	3357.0	46	46	3231686.8 0.8060221 0.6333714 0.06060643	3231684.0 0.80602217 0.63337135 0.060606483	0.9999999999999795
80009431_20000	3357.0	47	47	2399262.8 0.85311955 0.08163383 0.5652466	2399262.8 0.8531187 0.08163383 0.5652474	0.9999999999980257
80009431_20000	3357.0	48	48	1831898.0 0.10691698 0.74031144 0.6527716	1831899.4 0.1069169 0.740312 0.6527711	0.9999999999989336
80009431_20000	3357.0	49	49	4138624.8 0.32768735 0.2889392 0.8833734	4138626.0 0.32768774 0.28893912 0.88337314	0.9999999999997190
80009431_20000	3357.0	50	50	4434376.5 0.26966834 0.82445663 0.4058751	4434378.5 0.26966822 0.8244562 0.4058756	0.9999999999991600
80009431_20000	3357.0	51	51	6985828.5 0.5233382 0.2576363 0.71902555	6985811.5 0.5233395 0.25763735 0.7190231	0.9999999999849575
80009431_20000	3357.0	52	52	5948500.0 0.30256417 0.8444127 0.3530231	5948485.5 0.30256543 0.8444099 0.35302466	0.9999999999993180
80009431_15000	3766.0	44	55	2416494.8 1.3376371 0.08123337 0.0811295	2416496.0 1.3376368 0.08123415 0.08112904	0.9999999999996340
80009431_10000	3108.0	57	63	4947961.5 0.4649723 0.77444077 0.26058692	4947982.0 0.46497098 0.7744432 0.26058584	0.9999999999933584
80009431_10000	3108.0	58	64	5384252.5 0.7116871 0.23947132 0.54884166	5384273.5 0.71168953 0.23947038 0.54884005	0.9999999999772066
80009431_10000	3108.0	59	65	5033196.5 0.256174 0.5871223 0.65670377	5033217.5 0.25617293 0.5871205 0.6567066	0.9999999999489976
80009431_20000	3357.0	79	77	2239368.0 0.49983656 0.73475194 0.2654115	2239368.8 0.4998364 0.7347513 0.2654123	0.9999999999998482
