ID	BITRATE	START_IDX	CAPTURE_START_IDX	KEY	CAPTURE_KEY	CORRELATION
80000643_4200	1823.0	0	0	723737.0 0.27121592 0.7287841	723739.0 0.27121794 0.72878206	1.0000000000000000
80000643_2000	1048.0	1	1	1004635.0 0.52501553 0.47498444	1004634.0 0.52501506 0.4749849	1.0000000000000000
81006261_3500	773.0	72	2	673778.0 0.7121426 0.2878574	673783.0 0.7082191 0.2917809	1.0000000000000000
80135164_4800	1176.0	79	6	919010.0 0.21315655 0.7868435	919012.0 0.21336174 0.78663826	1.0000000000000000
80993095_20000	1498.0	99	7	920017.0 0.7838659 0.21613406	920000.0 0.7857935 0.21420652	1.0000000000000000
81000864_2000	911.0	22	8	663982.0 0.2994524 0.7005476	664006.0 0.2967895 0.70321053	1.0000000000000000
80000643_3500	1812.0	9	9	1199406.0 0.38930854 0.6106915	1199402.0 0.38930735 0.6106927	1.0000000000000000
70264803_6500	1377.0	27	10	928310.0 0.78520215 0.21479785	928315.0 0.78902745 0.21097256	1.0000000000000000
80000643_6500	3521.0	23	21	3880014.0 0.48235187 0.51764816	3880013.0 0.482352 0.517648	1.0000000000000000
80000643_5500	2506.0	25	22	2204690.0 0.9110038 0.08899619	2204692.0 0.911003 0.088997014	1.0000000000000000
80000643_4800	1986.0	25	23	2828582.0 0.06936762 0.93063235	2828582.0 0.06936727 0.9306327	1.0000000000000000
80000643_4800	1986.0	28	26	5916673.0 0.46243623 0.53756374	5916675.0 0.46243626 0.53756374	1.0000000000000000
80198592_7050	1819.0	80	28	2237515.0 0.088713594 0.9112864	2237540.0 0.08896958 0.9110304	1.0000000000000000
80000643_4200	1823.0	34	29	3763472.0 0.5416456 0.4583544	3763475.0 0.5416449 0.4583551	0.9999999999999999
80000643_5500	2506.0	37	30	3342533.0 0.51607776 0.4839222	3342535.0 0.51607776 0.48392224	1.0000000000000000
80000643_4200	1823.0	38	33	2179134.0 0.90967786 0.09032212	2179132.0 0.9096787 0.09032129	1.0000000000000000
