ID	BITRATE	START_IDX	CAPTURE_START_IDX	KEY	CAPTURE_KEY	CORRELATION
80009431_20000	3357.0	18	13	3704263.2 0.052989483 1.1592913 0.28771928	3704284.8 0.052989177 1.1592926 0.28771818	0.9999999999993868
80009431_20000	3357.0	19	14	3704096.8 1.1593434 0.2877322 0.052924372	3704118.8 1.1593446 0.28773105 0.052924328	0.9999999999991447
80009431_15000	3766.0	12	17	2920984.8 0.8212758 0.5018023 0.17692184	2920984.0 0.8212763 0.5018018 0.17692189	0.9999999999988199
80009431_15000	3766.0	15	21	2885664.0 0.067951776 0.81499165 0.6170566	2885646.8 0.06795288 0.81498647 0.6170606	0.9999999999409293
80009431_20000	3357.0	44	43	3022141.2 0.5268089 0.11128203 0.8619091	3022160.0 0.52680534 0.111281335 0.8619133	0.9999999999626118
80009431_20000	3357.0	47	46	2399262.8 0.85311955 0.08163383 0.5652466	2399283.2 0.8531252 0.08163313 0.5652417	0.9999999999295782
80009431_20000	3357.0	48	47	1831898.0 0.10691698 0.74031144 0.6527716	1831898.6 0.10691694 0.74031115 0.65277195	0.9999999999996410
80009431_20000	3357.0	49	48	4138624.8 0.32768735 0.2889392 0.8833734	4138624.0 0.3276874 0.2889395 0.8833731	0.9999999999999546
80009431_20000	3357.0	50	49	4434376.5 0.26966834 0.82445663 0.4058751	4434376.5 0.26966858 0.82445616 0.40587533	0.9999999999999494
80009431_20000	3357.0	51	50	6985828.5 0.5233382 0.2576363 0.71902555	6985828.0 0.52333796 0.25763646 0.71902555	0.9999999999996286
80009431_20000	3357.0	52	51	5948500.0 0.30256417 0.8444127 0.3530231	5948504.0 0.30256414 0.84441215 0.3530237	0.9999999999992785
80009431_20000	3357.0	53	52	4879332.0 1.029442 0.43037817 0.040179886	4879333.5 1.0294416 0.43037906 0.040179256	0.9999999999987090
80009431_20000	3357.0	54	53	3685601.2 0.5697735 0.053193763 0.87703276	3685582.8 0.5697777 0.053193215 0.877029	0.9999999999569307
80009431_20000	3357.0	55	54	3349158.8 0.058537386 0.9651358 0.4763268	3349137.2 0.058536865 0.965133 0.47633013	0.9999999999805296
80009431_20000	3357.0	56	55	3349326.0 0.9650876 0.47630298 0.058609404	3349306.8 0.9650842 0.47630602 0.05860974	0.9999999999841724
80009431_20000	3357.0	57	56	3962458.0 0.40260214 0.049540464 1.0478574	3962459.2 0.40260226 0.049540445 1.0478573	0.9999999999999831
80009431_20000	3357.0	58	57	3926912.8 0.04998889 1.0573423 0.39266878	3926914.0 0.049988873 1.0573422 0.3926689	0.9999999999999827
80009431_20000	3357.0	59	58	4188040.0 0.9914163 0.3681856 0.14039813	4188040.8 0.99141634 0.36818576 0.14039788	0.9999999999999020
80009431_20000	3357.0	60	59	1550648.6 0.9944071 0.37919164 0.1264013	1550650.0 0.9944069 0.37919065 0.12640248	0.9999999999975884
80009431_20000	3357.0	61	60	1508397.4 0.38981307 0.12994188 0.980245	1508399.4 0.38981187 0.12994304 0.98024505	0.9999999999966941
80009431_20000	3357.0	62	61	3086472.8 0.063504204 0.47905785 0.95743793	3086472.8 0.06350485 0.4790585 0.9574366	0.9999999999993210
80009431_20000	3357.0	63	62	4489582.0 0.32934 0.65821403 0.5124459	4489579.5 0.32934064 0.65821356 0.51244575	0.9999999999998682
80009431_10000	3108.0	61	68	4251066.5 0.777527 0.46432677 0.2581463	4251070.0 0.7775266 0.46432662 0.25814676	0.9999999999998066
80009431_10000	3108.0	62	69	2223652.8 0.88767636 0.49351096 0.11881261	2223654.8 0.887676 0.49351186 0.11881206	0.9999999999979133
80009431_15000	3766.0	59	73	758572.7 0.76044524 0.48074365 0.25881106	758570.0 0.7604466 0.48074403 0.25880933	0.9999999999985814
80009431_15000	3766.0	60	74	625586.7 0.5829392 0.31382862 0.60323215	625585.3 0.58293885 0.3138261 0.60323507	0.9999999999580691
80009431_20000	3357.0	75	75	1217934.0 0.16119757 0.3098485 1.0289539	1217950.0 0.16119298 0.3098444 1.0289626	0.9999999999979134
80009431_20000	3357.0	76	76	2500034.8 0.1509479 0.50127226 0.8477798	2500052.8 0.15094681 0.5012794 0.84777373	0.9999999998398675
80009431_20000	3357.0	77	77	2994663.2 0.4184771 0.70775205 0.3737709	2994678.8 0.41848394 0.70774835 0.37376764	0.9999999995548300
80009431_20000	3357.0	78	78	3256118.0 0.65092206 0.34375843 0.50531954	3256116.0 0.6509225 0.34375742 0.50532013	0.9999999999944204
80009431_20000	3357.0	79	79	2239368.0 0.49983656 0.73475194 0.2654115	2239368.8 0.4998346 0.7347521 0.2654132	0.9999999999744894
80009431_15000	3766.0	66	81	2177807.2 0.27291533 0.09004608 1.1370386	2177806.0 0.27291596 0.09004521 1.1370388	0.9999999999992140
80009431_15000	3766.0	67	82	2276149.2 0.0861556 1.0879124 0.32593206	2276146.8 0.08615481 1.0879132 0.32593197	0.9999999999999377
80009431_15000	3766.0	68	83	3207072.0 0.772122 0.23132315 0.4965548	3207070.8 0.772122 0.23132293 0.496555	0.9999999999997784
80009431_20000	3357.0	85	86	4305997.5 0.11594596 1.3385786 0.04547541	4305998.0 0.11594617 1.3385785 0.045475405	0.9999999999999866
