ID	BITRATE	START_IDX	CAPTURE_START_IDX	KEY	CAPTURE_KEY	CORRELATION
80000643_10000	4269.0	0	0	777964.0 0.25186 0.74814004	777963.0 0.25186032 0.7481397	1.0000000000000000
80000643_4200	1823.0	0	2	723737.0 0.27121592 0.7287841	723750.0 0.27122626 0.7287738	1.0000000000000000
80000643_10000	4269.0	2	3	1276460.0 0.41321233 0.5867877	1276460.0 0.4132131 0.58678687	1.0000000000000000
80210932_7050	2019.0	12	5	392507.0 0.5063426 0.49365744	392530.0 0.5004713 0.4995287	1.0000000000000000
80081770_1200	522.0	0	8	1216264.0 0.1612002 0.8387998	1216239.0 0.16203395 0.8379661	1.0000000000000000
80000643_6500	3521.0	9	9	2008204.0 0.5075017 0.49249828	2008203.0 0.50750196 0.492498	1.0000000000000000
80000643_6500	3521.0	10	10	2412940.0 0.40988877 0.59011126	2412939.0 0.40988854 0.5901115	1.0000000000000000
80000643_6500	3521.0	11	11	1619752.0 0.87908703 0.120912954	1619752.0 0.87908703 0.120912954	1.0000000000000000
80000643_6500	3521.0	12	12	2598891.0 0.07535868 0.9246413	2598891.0 0.07535868 0.9246413	1.0000000000000000
80000643_20000	4139.0	16	16	4135660.0 0.95255315 0.04744684	4135660.0 0.9525534 0.047446597	1.0000000000000000
80000643_7050	3945.0	18	17	4755927.0 0.041259255 0.9587408	4755926.0 0.041258633 0.95874137	1.0000000000000000
80000643_10000	4269.0	18	18	8261689.0 0.5519092 0.44809082	8261688.0 0.5519094 0.44809064	1.0000000000000000
80000643_15000	4515.0	21	22	7528529.0 0.48030418 0.5196958	7528531.0 0.48030022 0.5196998	1.0000000000000000
80000643_20000	4139.0	24	23	4108785.0 0.95224625 0.047753777	4108786.0 0.95224625 0.047753766	1.0000000000000000
80000643_20000	4139.0	25	24	5065466.0 0.03873484 0.96126515	5065466.0 0.03873484 0.96126515	1.0000000000000000
80000643_20000	4139.0	26	25	5065320.0 0.96129286 0.03870713	5065322.0 0.9612925 0.03870751	1.0000000000000000
80000643_7050	3945.0	44	43	4001297.0 0.9510054 0.048994612	4001300.0 0.9510049 0.048995078	1.0000000000000000
