ID	BITRATE	START_IDX	CAPTURE_START_IDX	KEY	CAPTURE_KEY	CORRELATION
80191608_20000	1902.0	4	1	403276.0 0.50735724 0.49264276	403279.0 0.5131807 0.4868193	1.0000000000000000
80191608_5500	1648.0	0	3	637904.0 0.31084928 0.6891507	637891.0 0.30742556 0.69257444	1.0000000000000000
70123920_3500	939.0	55	4	637595.0 0.69275326 0.30724677	637602.0 0.6928884 0.30711165	1.0000000000000000
80184100_6500	1554.0	12	5	392090.0 0.49970415 0.5002959	392099.0 0.49940193 0.5005981	1.0000000000000000
80009431_5500	1623.0	6	6	1171311.0 0.16757719 0.8324228	1171310.0 0.16757648 0.8324235	1.0000000000000000
80216541_4200	1518.0	51	7	1171088.0 0.8304303 0.16956967	1171064.0 0.8325984 0.16740161	1.0000000000000000
80217312_3500	933.0	77	8	374553.0 0.5235334 0.47646663	374577.0 0.52335835 0.47664165	1.0000000000000000
80009431_5500	1623.0	9	9	1103344.0 0.16181625 0.83818376	1103340.0 0.16181685 0.83818316	1.0000000000000000
80009431_5500	1623.0	13	13	644533.0 0.63609624 0.3639038	644534.0 0.6360999 0.36390013	1.0000000000000000
80009431_4800	1429.0	18	17	2286651.0 0.3069725 0.6930275	2286652.0 0.3069728 0.6930272	0.9999999999999999
80009431_6500	1962.0	20	18	1780600.0 0.88998765 0.11001235	1780601.0 0.8899872 0.11001285	0.9999999999999999
80009431_5500	1623.0	21	19	2141746.0 0.09146182 0.90853816	2141747.0 0.09146225 0.90853775	1.0000000000000000
80009431_5500	1623.0	22	20	2141906.0 0.90847033 0.0915297	2141907.0 0.90846986 0.091530114	1.0000000000000000
80009431_4800	1429.0	24	23	416091.0 0.39774472 0.6022553	416095.0 0.3977457 0.6022543	1.0000000000000000
80009431_4800	1429.0	25	24	3174628.0 0.078936175 0.92106384	3174630.0 0.078936756 0.92106324	1.0000000000000000
80009431_6500	1962.0	27	25	3120049.0 0.937167 0.06283299	3120074.0 0.9371685 0.06283152	1.0000000000000000
80029196_4800	1382.0	7	26	685673.0 0.29511735 0.7048826	685698.0 0.285897 0.714103	1.0000000000000000
80009431_6500	1962.0	29	27	963648.0 0.50812954 0.49187046	963652.0 0.50812846 0.49187154	1.0000000000000000
80009431_7050	1888.0	34	33	1511849.0 0.10885412 0.8911459	1511853.0 0.108854495 0.8911455	1.0000000000000000
80009431_7050	1888.0	40	38	2452331.0 0.73998004 0.26001996	2452329.0 0.7399802 0.26001975	1.0000000000000000
70103763_20000	1872.0	42	42	1752869.0 0.88663954 0.11336044	1752894.0 0.8880132 0.11198681	1.0000000000000000
80097391_7050	511.0	19	43	392328.0 0.5000637 0.49993628	392352.0 0.5003186 0.4996814	1.0000000000000000
80091741_10000	3264.0	2	46	448465.0 0.5634264 0.43657365	448481.0 0.56216204 0.43783796	1.0000000000000000
80009431_6500	1962.0	55	51	2407742.0 0.75476485 0.24523516	2407745.0 0.7547643 0.24523568	1.0000000000000000
80009431_7050	1888.0	55	54	2529881.0 0.71980023 0.28019974	2529879.0 0.7198004 0.28019956	1.0000000000000000
80009431_7050	1888.0	56	55	904809.0 0.78344935 0.21655068	904810.0 0.7834473 0.21655264	1.0000000000000000
80009431_7050	1888.0	57	56	356568.0 0.5495081 0.4504919	356545.0 0.54954916 0.45045087	1.0000000000000000
80009431_7050	1888.0	58	57	279674.0 0.57435083 0.42564914	279650.0 0.5743107 0.42568925	1.0000000000000000
80009431_7050	1888.0	59	58	681839.0 0.17459106 0.82540894	681839.0 0.17459254 0.82540745	1.0000000000000000
80009431_7050	1888.0	60	59	837614.0 0.6719038 0.32809624	837612.0 0.67190415 0.32809582	1.0000000000000000
80009431_4800	1429.0	59	60	470821.0 0.58369744 0.4163026	470823.0 0.58369493 0.41630507	1.0000000000000000
80144140_6500	609.0	70	61	384131.0 0.5161052 0.48389482	384110.0 0.5102861 0.48971388	1.0000000000000000
80091879_5500	1325.0	33	64	965922.0 0.20298845 0.79701155	965909.0 0.2032531 0.7967469	1.0000000000000000
80009431_7050	1888.0	66	65	1170519.0 0.65747243 0.34252754	1170522.0 0.6574716 0.34252837	1.0000000000000000
80009431_7050	1888.0	67	66	1348968.0 0.2972161 0.7027839	1348968.0 0.29721758 0.70278245	1.0000000000000000
80009431_7050	1888.0	69	69	399545.0 0.5091817 0.4908183	399544.0 0.5091805 0.49081954	1.0000000000000000
80009431_7050	1888.0	70	70	781921.0 0.25079772 0.7492023	781922.0 0.2507974 0.7492026	1.0000000000000000
80009431_5500	1623.0	72	73	4618349.0 0.040414225 0.9595858	4618344.0 0.04041362 0.9595864	1.0000000000000000
80009431_6500	1962.0	74	74	4627516.0 0.9576849 0.042315144	4627515.0 0.95768464 0.042315368	1.0000000000000000
