ID	BITRATE	START_IDX	CAPTURE_START_IDX	KEY	CAPTURE_KEY	CORRELATION
80009431_5500	1623.0	2	0	311748.0 0.6291524 0.3708476	311748.0 0.6291524 0.3708476	1.0000000000000000
80009431_5500	1623.0	3	1	311628.0 0.37099043 0.6290096	311628.0 0.37099043 0.6290096	1.0000000000000000
80009431_6500	1962.0	2	2	369307.0 0.5307671 0.46923292	369309.0 0.5307669 0.4692331	1.0000000000000000
80009431_15000	3766.0	3	3	969560.0 0.17872953 0.82127047	969563.0 0.17873207 0.8212679	1.0000000000000000
80009431_15000	3766.0	4	4	992750.0 0.8020861 0.19791387	992750.0 0.8020861 0.19791387	1.0000000000000000
80009431_15000	3766.0	7	7	2322716.0 0.084506676 0.9154933	2322718.0 0.08450703 0.91549295	1.0000000000000000
80128722_5500	1997.0	16	9	646364.0 0.69198006 0.30801994	646369.0 0.6967104 0.3032896	1.0000000000000000
80009431_7050	1888.0	12	11	2336373.0 0.60014135 0.39985868	2336375.0 0.6001404 0.3998596	1.0000000000000000
80009431_7050	1888.0	14	14	525448.0 0.6268194 0.3731806	525451.0 0.6268215 0.37317848	1.0000000000000000
80191608_4800	1510.0	32	15	1091862.0 0.18192318 0.81807685	1091842.0 0.17959283 0.82040715	1.0000000000000000
80009431_10000	3108.0	23	18	3029919.0 0.24704225 0.75295776	3029920.0 0.24704216 0.7529578	1.0000000000000000
80009431_7050	1888.0	21	21	3364835.0 0.05821623 0.9417838	3364837.0 0.05821649 0.9417835	1.0000000000000000
80009431_7050	1888.0	22	22	3364995.0 0.94173896 0.058261007	3364996.0 0.941739 0.058260992	1.0000000000000000
80009431_7050	1888.0	28	28	1428217.0 0.8627365 0.13726346	1428217.0 0.8627365 0.13726346	1.0000000000000000
70208599_4800	853.0	13	29	586586.0 0.33960068 0.6603993	586602.0 0.33419934 0.6658007	1.0000000000000000
80009431_7050	1888.0	30	30	651955.0 0.5990582 0.4009418	651959.0 0.59905607 0.40094393	1.0000000000000000
80009431_7050	1888.0	35	36	1543139.0 0.87307626 0.12692375	1543140.0 0.873077 0.12692302	1.0000000000000000
80009431_6500	1962.0	38	37	1935733.0 0.101181306 0.8988187	1935733.0 0.101181306 0.8988187	1.0000000000000000
80009431_6500	1962.0	39	38	2467104.0 0.70522887 0.2947711	2467104.0 0.70522887 0.2947711	1.0000000000000000
80009431_7050	1888.0	38	39	2428020.0 0.29951483 0.70048517	2428023.0 0.2995157 0.7004843	1.0000000000000000
80009431_7050	1888.0	39	40	3515468.0 0.48380244 0.51619756	3515469.0 0.4838023 0.5161977	1.0000000000000000
80009431_7050	1888.0	40	41	2452331.0 0.73998004 0.26001996	2452331.0 0.73998046 0.26001954	1.0000000000000000
80009431_7050	1888.0	55	57	2529881.0 0.71980023 0.28019974	2529881.0 0.7197999 0.28020012	1.0000000000000000
80009431_20000	3357.0	15	62	471145.0 0.583296 0.416704	471146.0 0.5832969 0.4167031	1.0000000000000000
80009431_7050	1888.0	65	65	1259620.0 0.38903478 0.6109652	1259620.0 0.38903478 0.6109652	1.0000000000000000
80009431_7050	1888.0	66	66	1170519.0 0.65747243 0.34252754	1170522.0 0.65747076 0.34252924	1.0000000000000000
80009431_7050	1888.0	67	67	1348968.0 0.2972161 0.7027839	1348968.0 0.29721832 0.7027817	1.0000000000000000
80128722_6500	2323.0	26	68	1151463.0 0.8272441 0.17275588	1151470.0 0.8233215 0.17667851	1.0000000000000000
80009431_7050	1888.0	69	69	399545.0 0.5091817 0.4908183	399543.0 0.50918174 0.49081826	1.0000000000000000
80184100_7050	1739.0	83	70	1617176.0 0.121399894 0.8786001	1617163.0 0.12126359 0.8787364	1.0000000000000000
80009431_6500	1962.0	70	71	2006877.0 0.7080952 0.29190478	2006874.0 0.70809627 0.29190373	1.0000000000000000
80009431_7050	1888.0	71	72	824443.0 0.710561 0.28943905	824440.0 0.7105599 0.2894401	1.0000000000000000
80009431_6500	1962.0	73	75	9423797.0 0.5297329 0.47026715	9423796.0 0.52973294 0.4702671	1.0000000000000000
