ID	BITRATE	START_IDX	CAPTURE_START_IDX	KEY	CAPTURE_KEY	CORRELATION
80000643_800	748.0	25	1	671051.0 0.45587295 0.54412705	671052.0 0.45587376 0.5441262	1.0000000000000000
80000643_600	609.0	20	2	771848.0 0.47306854 0.52693146	771850.0 0.4730673 0.5269327	0.9999999999999999
80023001_2000	610.0	5	8	374377.0 0.47014374 0.52985626	374387.0 0.47361687 0.5263831	1.0000000000000000
80000643_2000	1048.0	7	9	669311.0 0.2944371 0.7055629	669311.0 0.2944386 0.7055614	1.0000000000000000
80000643_600	609.0	8	10	951160.0 0.49648744 0.50351256	951162.0 0.49648747 0.50351256	1.0000000000000000
80000643_2000	1048.0	11	13	1039302.0 0.49322623 0.50677377	1039305.0 0.49322385 0.50677615	1.0000000000000000
80000643_1200	826.0	15	16	897477.0 0.46364307 0.5363569	897476.0 0.46364248 0.5363575	1.0000000000000000
80000643_1200	826.0	16	17	882011.0 0.5457619 0.4542381	882012.0 0.5457613 0.4542387	1.0000000000000000
80000643_600	609.0	17	18	706555.0 0.5670344 0.43296558	706559.0 0.56703544 0.43296456	1.0000000000000000
81074663_4800	1698.0	39	32	652015.0 0.69536895 0.30463102	652005.0 0.69995785 0.30004218	1.0000000000000000
