ID	BITRATE	START_IDX	CAPTURE_START_IDX	KEY	CAPTURE_KEY	CORRELATION
80009431_15000	3766.0	12	21	2771742.0 0.8654969 0.5288216 0.18644808 0.07074468 0.8484888	2771742.8 0.86549735 0.52882147 0.18644768 0.07074466 0.8484889	0.9999999999998070
80009431_15000	3766.0	13	22	2524415.5 0.5806322 0.20471512 0.077675804 0.93161845 0.7053585	2524416.0 0.5806321 0.20471467 0.07767579 0.93161863 0.7053588	0.9999999999998332
80009431_20000	3357.0	44	44	2710372.5 0.5874067 0.12408257 0.9610528 0.75519437 0.0722635	2710370.0 0.5874069 0.12408232 0.9610529 0.7551943 0.07226357	0.9999999999999272
80009431_20000	3357.0	45	45	2616006.0 0.12855858 0.99572057 0.78243625 0.07487024 0.5184143	2616004.8 0.12855825 0.99572027 0.7824359 0.07487027 0.51841533	0.9999999999989622
80009431_20000	3357.0	46	46	2959806.5 0.88006127 0.69155127 0.06617358 0.45819718 0.4040166	2959805.5 0.88006085 0.69155085 0.066173606 0.458198 0.40401676	0.9999999999989132
80009431_20000	3357.0	47	47	3380262.5 0.6055323 0.057942543 0.40120405 0.35376278 1.0815583	3380262.5 0.6055317 0.057942543 0.40120465 0.35376278 1.0815583	0.9999999999994141
80009431_20000	3357.0	48	48	3281440.5 0.059687506 0.41328648 0.36441648 1.1141299 0.54847956	3281442.5 0.05968747 0.41328683 0.36441627 1.1141292 0.54848015	0.9999999999993801
80009431_20000	3357.0	49	49	5212291.5 0.26018786 0.22942136 0.7014095 0.34529975 0.9636815	5212282.0 0.26018873 0.22942178 0.70141083 0.34530097 0.9636777	0.9999999999895024
80009431_20000	3357.0	50	50	5509805.0 0.21703327 0.6635355 0.32665458 0.91164553 0.38113108	5509796.0 0.21703362 0.66353655 0.32665566 0.9116417 0.38113245	0.9999999999872937
80009431_10000	3108.0	57	63	5472945.0 0.42037058 0.70015377 0.23559053 0.53994733 0.6039379	5472970.0 0.4203692 0.7001557 0.23558944 0.5399454 0.60394025	0.9999999999650379
