ID	BITRATE	START_IDX	CAPTURE_START_IDX	KEY	CAPTURE_KEY	CORRELATION
80000643_20000	4139.0	18	18	5638561.5 0.8086641 0.65655345 0.034782454	5638582.0 0.8086662 0.6565507 0.034783036	0.9999999999811002
80000643_20000	4139.0	19	19	4676896.0 0.7915543 0.041934438 0.6665113	4676917.5 0.7915502 0.0419351 0.66651464	0.9999999999604534
80000643_20000	4139.0	20	20	2340079.2 0.08381041 1.3320934 0.0840963	2340102.8 0.083811276 1.3320928 0.08409588	0.9999999999996028
80000643_20000	4139.0	21	21	4619986.5 0.6747215 0.042595796 0.78268284	4620008.0 0.6747248 0.042595815 0.7826794	0.9999999999647986
80000643_20000	4139.0	22	22	5150234.0 0.038210303 0.70210093 0.7596888	5150235.5 0.038210485 0.70210093 0.75968856	0.9999999999999732
80000643_20000	4139.0	23	23	5149846.0 0.7021538 0.759746 0.038100168	5149848.0 0.70215374 0.7597457 0.03810054	0.9999999999999777
80000643_20000	4139.0	24	24	5985360.5 0.65369076 0.03278165 0.8135276	5985362.5 0.6536906 0.032781973 0.8135275	0.9999999999999644
80000643_15000	4515.0	23	25	4893950.0 0.040092565 0.9949599 0.46494755	4893932.5 0.04009291 0.9949579 0.4649492	0.9999999999960242
80000643_10000	4269.0	37	40	7447473.5 0.47103664 0.52185845 0.5071049	7447491.5 0.47103915 0.5218573 0.5071035	0.9999999996214056
