ID	BITRATE	START_IDX	CAPTURE_START_IDX	KEY	CAPTURE_KEY	CORRELATION
80009431_2000	624.0	3	3	392424.0 0.49981144 0.5001886	392424.0 0.49980888 0.5001911	1.0000000000000000
80009431_4200	1154.0	3	4	782410.0 0.2508723 0.7491277	782410.0 0.25087485 0.7491251	1.0000000000000000
80206300_20000	1024.0	83	5	782159.0 0.7492709 0.25072908	782160.0 0.74936455 0.25063542	1.0000000000000000
80009431_4200	1154.0	5	6	373140.0 0.5253712 0.47462884	373141.0 0.52536976 0.47463024	1.0000000000000000
80009431_4200	1154.0	6	7	650218.0 0.2723748 0.7276252	650221.0 0.27237508 0.7276249	1.0000000000000000
80009431_3500	1174.0	8	8	669206.0 0.7069841 0.2930159	669204.0 0.7069847 0.29301527	1.0000000000000000
70097579_10000	1640.0	6	9	528310.0 0.376086 0.623914	528302.0 0.3711646 0.6288354	1.0000000000000000
80009431_3500	1174.0	10	10	471883.0 0.7040262 0.29597378	471879.0 0.7040258 0.29597417	1.0000000000000000
80009431_4200	1154.0	10	11	290779.0 0.48031324 0.51968676	290778.0 0.48031145 0.51968855	1.0000000000000000
80009431_3500	1174.0	15	17	1698972.0 0.41315395 0.58684605	1698976.0 0.41315356 0.5868464	1.0000000000000000
80009431_3500	1174.0	16	18	1192923.0 0.8357916 0.16420841	1192928.0 0.8357906 0.16420941	1.0000000000000000
80009431_3500	1174.0	17	19	1521837.0 0.12871812 0.87128186	1521838.0 0.12871934 0.87128067	1.0000000000000000
80009431_3500	1174.0	18	20	1521997.0 0.8711903 0.12880972	1521996.0 0.8711902 0.1288098	1.0000000000000000
70216224_800	413.0	16	21	562895.0 0.3550982 0.6449018	562890.0 0.3482883 0.6517117	1.0000000000000000
80200961_20000	1686.0	3	28	337059.0 0.5914306 0.40856943	337056.0 0.5820398 0.41796023	1.0000000000000000
80081770_3500	1048.0	52	29	301655.0 0.46087417 0.5391258	301656.0 0.46700877 0.53299123	1.0000000000000000
70243464_3500	856.0	81	36	678783.0 0.2789404 0.7210596	678767.0 0.2885526 0.71144736	1.0000000000000000
80009431_3500	1174.0	34	37	1122757.0 0.43010822 0.5698918	1122758.0 0.43010783 0.56989217	1.0000000000000000
80009431_3500	1174.0	35	38	1364127.0 0.46905458 0.5309454	1364128.0 0.46905497 0.53094506	1.0000000000000000
80216541_15000	2640.0	56	42	1184380.0 0.16779496 0.83220506	1184384.0 0.16552994 0.8344701	1.0000000000000000
80009431_20000	3357.0	9	54	819056.0 0.78272426 0.21727574	819055.0 0.7827228 0.21727723	1.0000000000000000
80009431_20000	3357.0	10	55	373900.0 0.47595882 0.5240412	373900.0 0.47596148 0.5240385	1.0000000000000000
80009431_4200	1154.0	59	56	314982.0 0.62206095 0.37793905	314996.0 0.6220333 0.3779667	1.0000000000000000
70052701_20000	4285.0	28	60	495645.0 0.60420865 0.39579135	495646.0 0.60389674 0.39610326	1.0000000000000000
