ID	BITRATE	START_IDX	CAPTURE_START_IDX	KEY	CAPTURE_KEY	CORRELATION
80217312_20000	3377.0	9	3	728966.0 0.73039484 0.26960516	728987.0 0.72353554 0.27646446	1.0000000000000000
80232502_7050	1873.0	0	5	388993.0 0.48930186 0.51069814	389011.0 0.49339992 0.5066001	1.0000000000000000
81080637_5500	1871.0	12	6	834947.0 0.23768814 0.7623119	834958.0 0.23602743 0.7639726	1.0000000000000000
80000643_6500	3521.0	9	8	2008204.0 0.5075017 0.49249828	2008205.0 0.5075025 0.49249753	1.0000000000000000
80000643_6500	3521.0	10	9	2412940.0 0.40988877 0.59011126	2412939.0 0.40988854 0.5901115	1.0000000000000000
80000643_6500	3521.0	11	10	1619752.0 0.87908703 0.120912954	1619755.0 0.8790854 0.120914586	1.0000000000000000
80000643_6500	3521.0	12	11	2598891.0 0.07535868 0.9246413	2598895.0 0.07535972 0.9246403	1.0000000000000000
80000643_6500	3521.0	13	12	5014677.0 0.47920176 0.52079827	5014678.0 0.47920185 0.52079815	1.0000000000000000
80000643_5500	2506.0	16	13	4679422.0 0.5581106 0.4418894	4679423.0 0.5581105 0.44188952	1.0000000000000000
80000643_6500	3521.0	18	16	4398367.0 0.55503464 0.44496536	4398368.0 0.55503476 0.44496527	1.0000000000000000
80000643_5500	2506.0	22	19	1808051.0 0.89115626 0.10884372	1808054.0 0.8911559 0.108844094	1.0000000000000000
80000643_5500	2506.0	23	20	2068327.0 0.09514695 0.90485305	2068328.0 0.095147386 0.9048526	1.0000000000000000
80000643_6500	3521.0	23	21	3880014.0 0.48235187 0.51764816	3880014.0 0.48235187 0.51764816	1.0000000000000000
80000643_5500	2506.0	25	22	2204690.0 0.9110038 0.08899619	2204693.0 0.91100305 0.08899697	1.0000000000000000
80000643_6500	3521.0	27	25	5530832.0 0.03544964 0.9645504	5530829.0 0.03544948 0.9645505	1.0000000000000000
80097391_7050	511.0	19	28	392328.0 0.5000637 0.49993628	392339.0 0.50022304 0.499777	1.0000000000000000
80000643_5500	2506.0	43	41	3964166.0 0.95046425 0.049535766	3964168.0 0.950464 0.049535993	1.0000000000000000
