ID	BITRATE	START_IDX	CAPTURE_START_IDX	KEY	CAPTURE_KEY	CORRELATION
80000643_6500	3521.0	9	8	2288071.2 0.44542626 0.43225795 0.6223158	2288072.0 0.44542697 0.43225738 0.62231565	0.9999999999805390
80000643_6500	3521.0	10	9	1739192.6 0.56867594 0.818715 0.11260915	1739194.0 0.5686749 0.8187143 0.11261079	0.9999999999982222
80000643_6500	3521.0	11	10	2681862.8 0.530938 0.07302722 0.89603466	2681865.2 0.53093755 0.07302828 0.8960342	0.9999999999995166
80000643_6500	3521.0	12	11	3473684.0 0.056380775 0.69178486 0.7518344	3473686.8 0.056381594 0.6917846 0.7518338	0.9999999999999584
80000643_5500	2506.0	22	19	2453055.2 0.6568364 0.08022445 0.7629392	2453057.2 0.6568367 0.08022479 0.76293856	0.9999999999993973
80000643_5500	2506.0	23	20	2717872.0 0.07240775 0.688602 0.7389903	2717873.2 0.07240809 0.6886017 0.7389903	0.9999999999998680
80000643_5500	2506.0	24	21	2717481.2 0.688701 0.7390965 0.07220252	2717483.2 0.6887005 0.73909634 0.072203204	0.9999999999998472
80000643_6500	3521.0	27	25	7772532.0 0.0252255 0.68636143 0.7884131	7772511.5 0.025225436 0.686363 0.78841156	0.9999999999931660
80000643_5500	2506.0	42	40	5234354.5 0.74266386 0.7198209 0.037515227	5234336.5 0.7426609 0.7198236 0.037515547	0.9999999999752800
