ID	BITRATE	START_IDX	CAPTURE_START_IDX	KEY	CAPTURE_KEY	CORRELATION
80013870_5500	1149.0	8	11	1985004.8 0.09858465 0.2769691 0.09907029 1.2530414 0.7723347	1985003.6 0.098584205 0.27696878 0.09907035 1.2530426 0.7723341	0.9999999999994341
80013870_10000	1060.0	15	15	1174624.4 1.3051739 0.16700062 0.4181822 0.442424 0.16721942	1174622.8 1.305173 0.16699915 0.4181845 0.4424246 0.16721879	0.9999999999950739
80013870_10000	1060.0	16	16	749684.8 0.26166064 0.655218 0.69320065 0.26200345 0.62791723	749684.8 0.26165795 0.6552207 0.69320065 0.2620021 0.62791854	0.9999999999858215
80013870_10000	1060.0	17	17	749722.0 0.6551855 0.69316626 0.26199046 0.62788606 0.2617717	749723.2 0.65518713 0.6931652 0.2619887 0.6278864 0.2617726	0.9999999999804726
80013870_10000	1060.0	18	18	824125.6 0.6305859 0.23833746 0.5711993 0.23813845 0.8217388	824125.6 0.6305859 0.23833624 0.57120055 0.23813966 0.8217376	0.9999999999894603
80013870_10000	1060.0	19	19	861748.0 0.22793207 0.5462618 0.22774175 0.78586316 0.71220124	861747.6 0.22793101 0.54626316 0.22774301 0.7858623 0.7122004	0.9999999999901263
80013870_7050	1239.0	17	20	861638.4 0.5463324 0.2277719 0.7859631 0.71229416 0.22763842	861637.6 0.5463329 0.22777209 0.78596264 0.7122913 0.22764094	0.9999999999868051
80013870_15000	1111.0	22	21	751948.4 0.26099664 0.90061766 0.81619966 0.2608477 0.2613384	751946.0 0.2609988 0.9006165 0.8161982 0.26084852 0.2613379	0.9999999999957281
80013870_15000	1111.0	23	22	857292.0 0.7899502 0.7159054 0.22879486 0.22922528 0.5361242	857289.2 0.7899493 0.7159043 0.2287956 0.22922486 0.53612596	0.9999999999911547
