ID	BITRATE	START_IDX	CAPTURE_START_IDX	KEY	CAPTURE_KEY	CORRELATION
80093138_2000	486.0	52	0	380387.0 0.48642567 0.51357436	380400.0 0.4793454 0.52065456	1.0000000000000000
80169469_10000	2540.0	1	1	396703.0 0.498635 0.501365	396722.0 0.49923372 0.5007663	1.0000000000000000
80134721_1200	576.0	5	4	385927.0 0.48414338 0.5158566	385904.0 0.4850222 0.5149778	1.0000000000000000
80018689_5500	1332.0	6	6	749132.0 0.5039699 0.49603006	749135.0 0.50396925 0.49603075	1.0000000000000000
80121840_6500	1247.0	17	7	570282.0 0.6516355 0.3483645	570265.0 0.65161633 0.34838364	1.0000000000000000
80191608_4800	1510.0	24	8	593903.0 0.3346523 0.6653477	593920.0 0.334508 0.665492	1.0000000000000000
70305893_5500	1297.0	23	12	379048.0 0.4825906 0.5174094	379051.0 0.47586736 0.5241326	1.0000000000000000
896970_3500	1080.0	36	16	457238.0 0.56552607 0.43447396	457221.0 0.55947125 0.44052875	1.0000000000000000
81080637_6500	1958.0	1	17	400673.0 0.50440633 0.49559367	400649.0 0.5027318 0.49726817	1.0000000000000000
80052541_3500	937.0	25	20	541747.0 0.4907512 0.5092488	541772.0 0.48239297 0.51760703	0.9999999999999999
80018689_3500	1012.0	21	22	634825.0 0.4823282 0.5176718	634825.0 0.48232505 0.5176749	1.0000000000000000
80018689_3500	1012.0	22	23	747726.0 0.43950725 0.56049275	747726.0 0.43950993 0.5604901	1.0000000000000000
80018689_4800	1237.0	28	28	901087.0 0.5148004 0.48519954	901088.0 0.514801 0.485199	1.0000000000000000
80018689_4200	1193.0	37	33	573931.0 0.653772 0.34622803	573931.0 0.6537737 0.34622627	1.0000000000000000
80232502_20000	2071.0	3	34	554408.0 0.35850853 0.6414915	554386.0 0.35843256 0.6415674	1.0000000000000000
80171659_7050	2406.0	68	39	631710.0 0.31103513 0.68896484	631720.0 0.31528684 0.6847132	1.0000000000000000
80018689_3500	1012.0	53	53	1576769.0 0.52047765 0.47952238	1576772.0 0.5204773 0.47952273	1.0000000000000000
