ID	BITRATE	START_IDX	CAPTURE_START_IDX	KEY	CAPTURE_KEY	CORRELATION
80013870_20000	1108.0	0	0	1728898.0 0.11325712 0.8867429	1728897.0 0.11325776 0.88674223	1.0000000000000000
80013870_20000	1108.0	1	1	1729947.0 0.8862052 0.11379482	1729945.0 0.8862051 0.113794945	1.0000000000000000
80031611_3500	981.0	2	2	688075.0 0.28858626 0.71141374	688069.0 0.28610358 0.71389645	1.0000000000000000
80013870_7050	1239.0	14	3	1010889.0 0.48591784 0.51408213	1010893.0 0.4859169 0.5140831	1.0000000000000000
80013870_3500	1089.0	16	4	990422.0 0.5247087 0.47529134	990423.0 0.52470815 0.47529188	1.0000000000000000
80013870_20000	1108.0	4	5	666777.0 0.7059932 0.29400685	666778.0 0.7059921 0.2940079	1.0000000000000000
80013870_20000	1108.0	5	6	873254.0 0.22449024 0.7755098	873253.0 0.22449164 0.77550834	1.0000000000000000
80013870_20000	1108.0	6	7	873068.0 0.775675 0.22432503	873067.0 0.77567357 0.22432643	1.0000000000000000
80013870_20000	1108.0	7	8	809590.0 0.24191381 0.7580862	809592.0 0.24191445 0.75808555	1.0000000000000000
80013870_6500	1081.0	3	9	1073351.0 0.5717952 0.42820475	1073352.0 0.5717975 0.42820248	1.0000000000000000
80206300_10000	1095.0	1	12	392655.0 0.49942315 0.50057685	392641.0 0.49968547 0.50031453	1.0000000000000000
80013870_7050	1239.0	7	13	649669.0 0.30237398 0.697626	649669.0 0.30237553 0.6976245	1.0000000000000000
80013870_7050	1239.0	8	14	648917.0 0.6984345 0.30156553	648915.0 0.69843507 0.30156493	1.0000000000000000
80013870_7050	1239.0	9	15	745476.0 0.26250476 0.73749524	745475.0 0.26250377 0.73749626	1.0000000000000000
80013870_10000	1060.0	12	16	3037104.0 0.18102245 0.81897753	3037106.0 0.18102266 0.81897736	1.0000000000000000
80013870_7050	1239.0	11	17	2683950.0 0.9267289 0.07327111	2683974.0 0.92673063 0.07326934	1.0000000000000000
80013870_7050	1239.0	12	18	1729745.0 0.11369075 0.88630927	1729739.0 0.11368941 0.8863106	1.0000000000000000
80013870_7050	1239.0	13	19	2024298.0 0.75734353 0.24265647	2024296.0 0.7573428 0.2426572	1.0000000000000000
80013870_7050	1239.0	14	20	1010889.0 0.48591784 0.51408213	1010893.0 0.4859169 0.5140831	1.0000000000000000
80013870_7050	1239.0	17	23	666998.0 0.7057607 0.29423925	666996.0 0.7057614 0.29423866	1.0000000000000000
80013870_7050	1239.0	18	24	873473.0 0.22468582 0.77531415	873471.0 0.22468519 0.7753148	1.0000000000000000
80013870_7050	1239.0	19	25	1290956.0 0.5245849 0.4754151	1290955.0 0.52458453 0.4754155	1.0000000000000000
80013870_7050	1239.0	20	26	809882.0 0.7578141 0.2421859	809885.0 0.7578113 0.2421887	1.0000000000000000
80206300_10000	1095.0	1	27	392655.0 0.49942315 0.50057685	392658.0 0.4995314 0.5004686	1.0000000000000000
80013870_15000	1111.0	26	28	656128.0 0.29950407 0.70049596	656125.0 0.29950544 0.7004946	1.0000000000000000
80013870_15000	1111.0	27	29	912390.0 0.5037484 0.4962516	912388.0 0.5037462 0.4962538	1.0000000000000000
80013870_3500	1089.0	27	33	1200984.0 0.83643496 0.16356504	1200981.0 0.8364354 0.16356462	1.0000000000000000
80013870_20000	1108.0	36	35	921348.0 0.21331896 0.78668106	921350.0 0.21331741 0.7866826	1.0000000000000000
80013870_6500	1081.0	32	36	920838.0 0.78711784 0.21288218	920839.0 0.78711915 0.21288086	1.0000000000000000
80013870_6500	1081.0	34	39	629622.0 0.6879683 0.31203166	629626.0 0.6879719 0.31202808	1.0000000000000000
80013870_5500	1149.0	32	40	1001595.0 0.19614515 0.8038548	1001599.0 0.19614737 0.8038526	1.0000000000000000
80013870_20000	1108.0	42	41	1897979.0 0.42420807 0.57579195	1897979.0 0.42420807 0.57579195	1.0000000000000000
80128722_3500	1288.0	45	43	974396.0 0.20394789 0.7960521	974380.0 0.20147479 0.7985252	1.0000000000000000
80013870_4800	1180.0	35	46	961776.0 0.7963559 0.2036441	961777.0 0.79635614 0.20364387	1.0000000000000000
