ID	BITRATE	START_IDX	CAPTURE_START_IDX	KEY	CAPTURE_KEY	CORRELATION
80122759_6500	2111.0	8	0	483787.0 0.41069728 0.5893027	483771.0 0.41457632 0.5854237	1.0000000000000000
80993095_5500	1194.0	5	1	482346.0 0.5881193 0.41188067	482356.0 0.58714104 0.41285896	1.0000000000000000
70216224_1200	358.0	20	4	352567.0 0.42962614 0.57037383	352572.0 0.4362343 0.5637657	1.0000000000000000
80174429_1200	487.0	10	5	363993.0 0.54015875 0.45984125	364012.0 0.5460479 0.45395207	1.0000000000000000
70130445_3500	785.0	11	11	385622.0 0.5089803 0.4910197	385641.0 0.5170716 0.48292843	1.0000000000000000
80018689_15000	1525.0	4	14	2762228.0 0.47379363 0.5262064	2762232.0 0.47379258 0.52620745	1.0000000000000000
80018689_15000	1525.0	5	15	1652176.0 0.8797501 0.1202499	1652180.0 0.87975097 0.120249	0.9999999999999999
80018689_20000	1577.0	8	16	1708198.0 0.116305016 0.883695	1708198.0 0.116305605 0.8836944	1.0000000000000000
80018689_15000	1525.0	7	17	2699960.0 0.55909127 0.44090876	2699959.0 0.5590918 0.44090816	1.0000000000000000
80018689_20000	1577.0	10	19	1133889.0 0.8247871 0.17521292	1133891.0 0.8247865 0.17521349	1.0000000000000000
80018689_15000	1525.0	11	21	2618414.0 0.47254217 0.52745783	2618411.0 0.47254193 0.5274581	1.0000000000000000
80018689_15000	1525.0	12	22	2810583.0 0.49139377 0.5086062	2810582.0 0.4913936 0.5086064	1.0000000000000000
80018689_15000	1525.0	13	23	2635462.0 0.542402 0.45759794	2635461.0 0.54240227 0.45759773	1.0000000000000000
80018689_20000	1577.0	15	25	1366515.0 0.14579423 0.8542058	1366513.0 0.1457937 0.85420626	1.0000000000000000
80018689_6500	1384.0	19	26	1741381.0 0.6703214 0.32967857	1741382.0 0.67032045 0.32967952	1.0000000000000000
80018689_6500	1384.0	20	27	1039663.0 0.5521943 0.44780567	1039664.0 0.5521957 0.4478043	1.0000000000000000
80018689_20000	1577.0	18	28	913925.0 0.5094149 0.49058512	913921.0 0.50941604 0.490584	1.0000000000000000
80018689_7050	1373.0	21	29	961779.0 0.46617466 0.53382534	961778.0 0.46617305 0.53382695	1.0000000000000000
80018689_7050	1373.0	22	30	1189331.0 0.43168974 0.56831026	1189333.0 0.43168986 0.56831014	1.0000000000000000
80018689_7050	1373.0	23	31	1245451.0 0.5427022 0.4572978	1245454.0 0.5427017 0.4572983	1.0000000000000000
80018689_7050	1373.0	24	32	1255202.0 0.4537453 0.5462547	1255205.0 0.4537458 0.5462542	1.0000000000000000
80018689_7050	1373.0	26	35	1828084.0 0.6053743 0.39462575	1828081.0 0.60537523 0.39462474	1.0000000000000000
80018689_7050	1373.0	27	36	1399412.0 0.51550865 0.48449135	1399409.0 0.51550764 0.4844924	1.0000000000000000
80018689_7050	1373.0	28	37	1300750.0 0.52124006 0.47875994	1300753.0 0.52123886 0.47876114	1.0000000000000000
80018689_6500	1384.0	32	38	821483.0 0.75808144 0.24191858	821484.0 0.7580793 0.24192072	1.0000000000000000
81000864_20000	4096.0	36	39	858372.0 0.23257399 0.767426	858386.0 0.23152055 0.76847947	1.0000000000000000
80018689_7050	1373.0	31	40	1564002.0 0.42177182 0.5782282	1564002.0 0.42177182 0.5782282	1.0000000000000000
80018689_7050	1373.0	32	41	1504086.0 0.60126215 0.39873785	1504087.0 0.60126173 0.39873824	1.0000000000000000
80018689_5500	1332.0	32	42	1179707.0 0.5083771 0.49162292	1179706.0 0.5083784 0.49162164	1.0000000000000000
80192815_5500	1657.0	35	43	970250.0 0.60592735 0.39407265	970243.0 0.59775645 0.40224355	1.0000000000000000
80018689_7050	1373.0	36	45	1487358.0 0.3651515 0.6348485	1487357.0 0.36515108 0.63484895	1.0000000000000000
80239639_3500	979.0	52	46	1996107.0 0.47138554 0.52861446	1996095.0 0.47304714 0.52695286	1.0000000000000000
80018689_4800	1237.0	37	47	1760128.0 0.5975974 0.40240255	1760129.0 0.5975971 0.40240288	1.0000000000000000
80018689_4800	1237.0	38	48	1685301.0 0.42026913 0.57973087	1685302.0 0.4202695 0.5797305	1.0000000000000000
80018689_20000	1577.0	38	49	1175823.0 0.8309252 0.16907477	1175823.0 0.8309252 0.16907477	1.0000000000000000
80096067_15000	1249.0	3	50	1019105.0 0.19520658 0.8047934	1019081.0 0.19507968 0.8049203	1.0000000000000000
80018689_6500	1384.0	45	51	1419776.0 0.5777517 0.4222483	1419778.0 0.5777516 0.4222484	1.0000000000000000
80018689_6500	1384.0	46	52	1285501.0 0.4663536 0.5336464	1285500.0 0.46635473 0.5336453	1.0000000000000000
80018689_20000	1577.0	45	54	900234.0 0.22072262 0.7792774	900242.0 0.2207262 0.7792738	1.0000000000000000
80018689_20000	1577.0	46	55	1399357.0 0.50132453 0.49867547	1399358.0 0.5013263 0.49867368	1.0000000000000000
80018689_7050	1373.0	48	59	1380053.0 0.4805243 0.5194757	1380050.0 0.48052534 0.5194747	1.0000000000000000
80018689_5500	1332.0	48	60	1584423.0 0.45247072 0.5475293	1584420.0 0.45246905 0.54753095	1.0000000000000000
80018689_5500	1332.0	49	61	1604985.0 0.5405147 0.4594853	1604985.0 0.5405153 0.45948467	1.0000000000000000
80038359_7050	1056.0	76	64	940281.0 0.787806 0.21219401	940278.0 0.78865504 0.21134494	1.0000000000000000
80986885_5500	1568.0	60	65	1431628.0 0.13929456 0.86070544	1431619.0 0.13880998 0.86119	1.0000000000000000
80018689_7050	1373.0	58	69	1297754.0 0.15351446 0.84648556	1297755.0 0.15351512 0.8464849	0.9999999999999999
80018689_5500	1332.0	58	70	2421241.0 0.45370495 0.54629505	2421242.0 0.45370516 0.5462948	1.0000000000000000
80018689_7050	1373.0	63	73	2860781.0 0.51515514 0.48484486	2860781.0 0.5151544 0.48484558	1.0000000000000000
80018689_6500	1384.0	66	74	2608887.0 0.5316581 0.46834186	2608887.0 0.53165853 0.46834147	0.9999999999999999
80018689_6500	1384.0	67	75	1922084.0 0.63569075 0.36430925	1922083.0 0.63569057 0.36430946	1.0000000000000000
80018689_7050	1373.0	66	78	763962.0 0.73987055 0.26012942	763965.0 0.739869 0.26013103	1.0000000000000000
80018689_10000	1368.0	74	79	1030007.0 0.19294141 0.8070586	1030008.0 0.19294122 0.80705875	1.0000000000000000
80018689_3500	1012.0	66	80	1862269.0 0.44637913 0.5536209	1862268.0 0.44637883 0.5536212	1.0000000000000000
80018689_20000	1577.0	71	81	2107850.0 0.4891202 0.5108798	2107849.0 0.48911995 0.51088005	1.0000000000000000
80018689_20000	1577.0	72	82	1276028.0 0.8439141 0.15608592	1276030.0 0.8439128 0.15608723	1.0000000000000000
80018689_4200	1193.0	78	84	1221980.0 0.55101967 0.44898033	1221978.0 0.55102056 0.44897944	1.0000000000000000
