ID	BITRATE	START_IDX	CAPTURE_START_IDX	KEY	CAPTURE_KEY	CORRELATION
80013870_7050	1239.0	0	0	575612.0 0.8178096 0.3412368 0.34095362	575609.3 0.81780815 0.34123665 0.34095523	0.9999999999950344
80013870_7050	1239.0	1	1	713262.0 0.27538267 0.27515414 0.9494632	713262.0 0.27538127 0.27515414 0.94946456	0.9999999999983767
80013870_7050	1239.0	5	4	608176.7 0.32250825 0.85448855 0.32300317	608179.3 0.32251015 0.85448813 0.32300177	0.9999999999856437
80013870_7050	1239.0	9	8	2155180.0 0.09080031 0.25509936 1.1541003	2155178.8 0.09080036 0.25509855 1.154101	0.9999999999996221
80013870_7050	1239.0	10	9	2155823.2 0.2550232 1.153756 0.09122083	2155821.2 0.25502253 1.1537571 0.09122046	0.9999999999998740
80013870_7050	1239.0	11	10	2811359.2 0.88473004 0.069950506 0.5453195	2811358.8 0.8847302 0.06995016 0.5453196	0.9999999999999785
80013870_3500	1089.0	12	11	1283934.6 0.15316512 1.194053 0.15278192	1283938.0 0.15316549 1.1940522 0.1527823	1.0000000000000000
80013870_3500	1089.0	13	12	1480305.4 1.0356553 0.13251455 0.33183017	1480307.4 1.0356559 0.13251504 0.33182907	0.9999999999981760
80013870_3500	1089.0	14	13	804703.3 0.24376935 0.61042374 0.64580697	804702.7 0.24377078 0.61042297 0.6458062	0.9999999999998688
80013870_10000	1060.0	17	14	804872.7 0.61029154 0.6456698 0.2440386	804873.3 0.61029357 0.64566934 0.24403717	0.9999999999815009
80013870_10000	1060.0	18	15	791228.0 0.6568044 0.24824703 0.5949486	791226.0 0.656806 0.24824639 0.5949476	0.9999999999838545
80013870_10000	1060.0	19	16	575610.7 0.34123757 0.8178097 0.34095266	575609.3 0.34123665 0.81780815 0.34095523	0.9999999999801021
80013870_7050	1239.0	17	17	896142.7 0.5252969 0.21900195 0.75570107	896141.3 0.52529436 0.21900229 0.75570333	0.9999999999637400
80013870_7050	1239.0	18	18	991475.3 0.19794442 0.6830387 0.61901695	991475.3 0.19794442 0.6830397 0.61901593	0.9999999999927845
80013870_7050	1239.0	19	19	991398.7 0.68309146 0.61906475 0.19784372	991400.0 0.6830916 0.61906296 0.19784547	0.9999999999906066
80013870_7050	1239.0	20	20	846331.3 0.725177 0.23175557 0.54306746	846330.7 0.72517633 0.2317581 0.5430655	0.9999999999837745
80013870_7050	1239.0	21	21	568179.3 0.34521145 0.808926 0.34586266	568180.0 0.34521455 0.80892146 0.345864	0.9999999999946433
80013870_7050	1239.0	22	22	1160500.0 0.3960491 0.1693339 0.934617	1160498.6 0.39604786 0.16933496 0.9346172	0.9999999999956015
80013870_7050	1239.0	23	23	1635634.6 0.12014419 0.66312057 0.71673524	1635634.6 0.12014481 0.66312 0.71673524	0.9999999999994452
80013870_7050	1239.0	24	24	1635282.6 0.6632633 0.71688956 0.11984717	1635281.4 0.6632632 0.7168901 0.11984666	0.9999999999996134
80013870_6500	1081.0	25	25	1581896.0 0.74108285 0.12389184 0.6350253	1581894.6 0.74108416 0.12389131 0.6350246	0.9999999999962266
80013870_2000	1082.0	26	34	956508.0 0.4528598 0.8417462 0.205394	956508.7 0.45285842 0.8417467 0.2053949	0.9999999999930336
80013870_4800	1180.0	31	36	990410.0 0.1983633 0.19821286 1.1034238	990410.0 0.19836432 0.19821286 1.1034229	0.9999999999995332
80013870_5500	1149.0	34	37	1378148.0 0.14244406 0.7929794 0.5645765	1378148.0 0.14244623 0.792978 0.5645758	0.9999999999995534
80013870_5500	1149.0	35	38	1377849.4 0.79315126 0.5646989 0.14214979	1377846.0 0.7931518 0.56469953 0.14214869	0.9999999999992184
