ID	BITRATE	START_IDX	CAPTURE_START_IDX	KEY	CAPTURE_KEY	CORRELATION
80018689_4800	1237.0	7	8	867089.6 0.22982168 0.68559 0.6538782 0.22912626 0.70158374	867089.2 0.2298218 0.68559265 0.6538774 0.22912638 0.70158184	0.9999999999765079
80018689_7050	1373.0	9	9	1060952.4 0.56031734 0.53439724 0.18725723 0.5733867 0.6446416	1060952.0 0.5603175 0.5343974 0.18725918 0.57338506 0.64464086	0.9999999999921462
80018689_7050	1373.0	18	20	1361642.8 1.3058484 0.34191567 0.14589877 0.32927653 0.3770607	1361644.8 1.3058465 0.3419159 0.14590149 0.32927606 0.37706017	0.9999999999971043
80018689_7050	1373.0	19	21	920766.8 0.50562966 0.21575713 0.48693871 0.55760264 0.73407185	920769.2 0.5056294 0.21576092 0.48693746 0.5576012 0.734071	0.9999999999787492
80018689_7050	1373.0	20	22	962356.8 0.20643279 0.46589476 0.53350484 0.7023476 0.59182	962358.8 0.20643651 0.4658938 0.5335037 0.70234716 0.59181875	0.9999999999798406
80018689_7050	1373.0	21	23	1157156.0 0.3874646 0.44369298 0.5841122 0.4921912 0.59253895	1157157.2 0.3874642 0.4436925 0.58411247 0.49219066 0.59254	0.9999999999893184
80018689_6500	1384.0	24	24	1057528.4 0.4854924 0.63914126 0.5385586 0.6483618 0.188446	1057529.6 0.48549184 0.6391405 0.5385589 0.648362 0.18844673	0.9999999999965253
80018689_6500	1384.0	25	25	1294829.2 0.52200705 0.439858 0.5295378 0.15390986 0.8546872	1294831.2 0.5220063 0.43985808 0.52953774 0.1539104 0.85468745	0.9999999999981452
80018689_6500	1384.0	26	26	1313028.4 0.4337614 0.52219814 0.15177661 0.8428409 0.549423	1313030.8 0.43376136 0.52219796 0.1517771 0.8428409 0.5494228	0.9999999999996200
80018689_6500	1384.0	27	27	1356413.2 0.50549567 0.14692204 0.8158826 0.53184974 0.4998499	1356414.8 0.50549585 0.14692262 0.8158832 0.53184986 0.4998486	0.9999999999947494
80018689_6500	1384.0	28	28	1331249.2 0.14969924 0.8313049 0.541903 0.5092983 0.46779445	1331249.6 0.14969994 0.83130616 0.5419036 0.50929743 0.4677928	0.9999999999879068
80018689_20000	1577.0	25	29	1515396.8 0.7302873 0.47605288 0.44741023 0.4109485 0.43530118	1515396.0 0.7302883 0.47605312 0.44740912 0.41094804 0.4353014	0.9999999999918342
80018689_20000	1577.0	26	30	1434467.2 0.50291073 0.47265214 0.4341333 0.45985994 0.6304438	1434465.6 0.5029113 0.47265127 0.43413308 0.45986044 0.6304438	0.9999999999713607
80018689_20000	1577.0	27	31	1385798.8 0.4892514 0.44937983 0.47600996 0.6525847 0.43277425	1385796.4 0.4892508 0.44937986 0.47601077 0.652585 0.43277353	0.9999999999773121
80018689_7050	1373.0	35	37	1638479.6 0.3539678 0.33147255 0.5762946 0.64196646 0.5962985	1638480.4 0.3539676 0.331473 0.57629436 0.64196616 0.5962989	0.9999999999975044
80018689_7050	1373.0	36	38	1689804.4 0.32140467 0.55879074 0.62246794 0.57818705 0.4191497	1689804.4 0.32140526 0.55879074 0.62246794 0.57818764 0.4191485	0.9999999999834893
80018689_10000	1368.0	50	49	986013.2 0.20152469 0.7159793 0.6725559 0.7077228 0.20221737	986014.0 0.20152453 0.7159787 0.6725564 0.7077222 0.20221822	0.9999999999980156
80018689_10000	1368.0	51	50	1193292.4 0.5916111 0.5557305 0.5847888 0.16709149 0.60077816	1193292.8 0.5916109 0.5557312 0.5847886 0.16709228 0.60077715	0.9999999999955320
80018689_20000	1577.0	55	60	2374844.0 0.51914734 0.50635576 0.45564467 0.46256933 0.5562829	2374844.0 0.5191478 0.50635535 0.45564342 0.46256974 0.5562837	0.9999999998855194
80018689_20000	1577.0	56	61	2410771.2 0.49880967 0.4488543 0.45567575 0.5479927 0.54866755	2410771.2 0.49880925 0.44885305 0.45567617 0.5479935 0.54866797	0.9999999999165569
80018689_10000	1368.0	63	62	2009456.0 0.5384965 0.5466803 0.6574351 0.6582443 0.09914375	2009454.4 0.5384954 0.5466812 0.65743566 0.65824485 0.099142835	0.9999999999952059
80018689_10000	1368.0	64	63	2166119.2 0.50714195 0.6098865 0.6106372 0.09197324 0.680361	2166120.0 0.50714225 0.60988635 0.610637 0.091972284 0.6803621	0.9999999999976780
80018689_10000	1368.0	65	64	2215447.2 0.59630716 0.5970411 0.08992541 0.6652124 0.5515139	2215448.0 0.5963069 0.5970409 0.08992448 0.6652135 0.5515142	0.9999999999978495
