ID	BITRATE	START_IDX	CAPTURE_START_IDX	KEY	CAPTURE_KEY	CORRELATION
80013870_7050	1239.0	7	4	649669.0 0.30237398 0.697626	649669.0 0.30237398 0.697626	1.0000000000000000
80013870_7050	1239.0	8	5	648917.0 0.6984345 0.30156553	648918.0 0.6984334 0.3015666	1.0000000000000000
80013870_7050	1239.0	9	6	745476.0 0.26250476 0.73749524	745476.0 0.2625061 0.7374939	1.0000000000000000
80210932_1200	482.0	0	7	745966.0 0.7336527 0.26634726	745946.0 0.7370292 0.26297078	1.0000000000000000
80013870_15000	1111.0	6	11	1147958.0 0.41006726 0.58993274	1147959.0 0.41006777 0.5899322	1.0000000000000000
80013870_7050	1239.0	19	12	1290956.0 0.5245849 0.4754151	1290955.0 0.52458686 0.47541317	1.0000000000000000
70130445_7050	701.0	76	13	978817.0 0.63544255 0.36455742	978811.0 0.627023 0.37297702	1.0000000000000000
80013870_7050	1239.0	22	15	656127.0 0.70049703 0.299503	656125.0 0.7004976 0.29950237	1.0000000000000000
80013870_7050	1239.0	23	16	1281135.0 0.15338899 0.846611	1281131.0 0.15338868 0.8466113	1.0000000000000000
80013870_7050	1239.0	24	17	2256940.0 0.48057237 0.51942766	2256936.0 0.4805719 0.51942813	1.0000000000000000
80013870_15000	1111.0	30	18	2176860.0 0.5385349 0.46146515	2176861.0 0.53853506 0.4614649	1.0000000000000000
80013870_5500	1149.0	25	19	1729352.0 0.58087826 0.41912174	1729354.0 0.58087873 0.41912124	1.0000000000000000
80013870_20000	1108.0	38	22	1065917.0 0.1839055 0.8160945	1065918.0 0.18390627 0.81609374	1.0000000000000000
80013870_20000	1108.0	39	23	1303054.0 0.6675771 0.3324229	1303053.0 0.6675776 0.3324224	1.0000000000000000
80013870_2000	1082.0	26	24	1238301.0 0.3498051 0.6501949	1238302.0 0.34980482 0.6501952	1.0000000000000000
80013870_2000	1082.0	27	25	1001598.0 0.80385244 0.19614756	1001598.0 0.80385345 0.19614656	1.0000000000000000
80013870_10000	1060.0	31	26	649216.0 0.30258036 0.69741964	649235.0 0.3026023 0.6973977	1.0000000000000000
80013870_5500	1149.0	35	28	1870913.0 0.58412284 0.41587716	1870911.0 0.5841229 0.41587707	1.0000000000000000
80093106_2000	549.0	44	31	232446.0 0.49670032 0.5032997	232443.0 0.4972359 0.5027641	1.0000000000000000
80191608_2000	608.0	55	32	235136.0 0.497006 0.502994	235136.0 0.497006 0.502994	1.0000000000000000
80206300_4200	856.0	30	38	249216.0 0.49717513 0.50282484	249216.0 0.49717513 0.50282484	1.0000000000000000
