ID	BITRATE	START_IDX	CAPTURE_START_IDX	KEY	CAPTURE_KEY	CORRELATION
80018689_3500	1012.0	6	5	643680.0 0.6140489 0.57729775 0.30865335	643678.7 0.6140486 0.5772989 0.30865243	0.9999999999878618
80018689_3500	1012.0	7	6	631872.7 0.58808523 0.31442094 0.59749377	631872.0 0.5880859 0.3144197 0.5974944	0.9999999999999862
80018689_3500	1012.0	8	7	678096.0 0.292988 0.55676484 0.65024716	678094.0 0.2929874 0.55676645 0.65024614	0.9999999999703370
80018689_3500	1012.0	9	8	775508.7 0.48682883 0.56856877 0.44460237	775506.7 0.48683012 0.56856763 0.44460222	0.9999999998787092
80018689_4800	1237.0	12	9	656263.3 0.67187816 0.5253867 0.30273518	656262.7 0.6718773 0.52538717 0.30273548	0.9999999999959822
80018689_4800	1237.0	13	10	551248.0 0.6254753 0.36040765 0.51411706	551250.0 0.625473 0.36040634 0.51412064	0.9999999997236992
80018689_4800	1237.0	14	11	563315.3 0.35268703 0.5031037 0.6442094	563315.3 0.35268703 0.503109 0.644204	0.9999999994890182
80018689_5500	1332.0	15	14	1550013.4 0.40417394 0.59030974 0.5055163	1550013.4 0.40417457 0.59030974 0.50551564	0.9999999999831208
80018689_5500	1332.0	16	15	1265184.0 0.7232055 0.61932254 0.15747195	1265183.4 0.72320586 0.61932206 0.15747203	0.9999999999989871
80018689_5500	1332.0	17	16	1194644.0 0.65589166 0.16677019 0.6773382	1194644.0 0.65589076 0.16677019 0.677339	0.9999999999958048
80018689_5500	1332.0	18	17	921219.3 0.21626881 0.87837714 0.40535408	921220.7 0.21626848 0.8783769 0.40535456	0.9999999999991880
80018689_5500	1332.0	19	18	920841.3 0.87873775 0.40552047 0.21574184	920841.3 0.8787388 0.40552154 0.21573967	0.9999999999927141
80018689_4200	1193.0	22	19	723669.3 0.51601195 0.2745218 0.70946634	723669.3 0.5160105 0.27452043 0.7094691	0.9999999999814817
80018689_4200	1193.0	23	20	925329.3 0.21469438 0.55485004 0.73045564	925329.3 0.2146933 0.5548522 0.73045456	0.9999999999753578
80018689_7050	1373.0	22	21	1172582.0 0.43785596 0.57642794 0.48571613	1172582.6 0.43785486 0.5764293 0.48571587	0.9999999999999690
80018689_20000	1577.0	27	27	1306938.6 0.51877266 0.4764952 0.5047322	1306938.0 0.5187721 0.47649544 0.50473243	0.9999999999095172
80018689_20000	1577.0	28	28	1457836.6 0.42717406 0.4524883 0.62033767	1457835.4 0.42717442 0.4524887 0.62033683	0.9999999999995862
80018689_7050	1373.0	31	29	1442492.0 0.45730028 0.6269359 0.41576383	1442494.0 0.45730105 0.62693435 0.41576463	0.9999999999980149
80018689_7050	1373.0	35	33	1378218.0 0.4208108 0.39406756 0.68512166	1378217.4 0.42081025 0.39406773 0.68512195	0.9999999999972259
80018689_7050	1373.0	36	34	1692804.6 0.32083502 0.55780035 0.62136465	1692804.0 0.32083514 0.55780053 0.6213643	0.9999999999987026
80018689_7050	1373.0	37	35	1982079.4 0.47639212 0.5306796 0.4929283	1982078.6 0.4763923 0.5306792 0.49292848	0.9999999999951624
80018689_6500	1384.0	41	36	1485364.6 0.70814127 0.65776646 0.13409233	1485364.6 0.70814127 0.65776646 0.13409233	1.0000000000000000
80018689_6500	1384.0	42	37	1256320.0 0.7776864 0.15853922 0.56377435	1256320.6 0.77768606 0.15853915 0.5637749	0.9999999999989651
80018689_6500	1384.0	56	50	1915728.0 0.38708732 0.46934795 0.64356476	1915728.6 0.38708615 0.46934885 0.64356506	0.9999999999765677
80018689_7050	1373.0	54	51	2223035.2 0.40446636 0.5546003 0.5409334	2223037.2 0.4044669 0.5545998 0.5409334	0.9999999999973230
80018689_4200	1193.0	60	55	2334467.2 0.46352544 0.47057033 0.56590426	2334466.8 0.46352556 0.47057042 0.56590396	0.9999999999999644
80018689_7050	1373.0	59	56	2494886.8 0.44031256 0.5295178 0.53016955	2494884.8 0.44031334 0.52951705 0.5301696	0.9999999999692778
80018689_6500	1384.0	65	60	2721754.8 0.5414687 0.50961095 0.4489203	2721753.2 0.541469 0.5096105 0.44892055	0.9999999999605654
80018689_6500	1384.0	66	61	2206080.0 0.62873334 0.55385613 0.31741053	2206077.2 0.6287332 0.55385685 0.31741002	0.9999999999952398
80018689_6500	1384.0	67	62	1658210.6 0.73684907 0.4222823 0.34086865	1658210.0 0.73684937 0.42228127 0.34086937	0.9999999999902978
80018689_3500	1012.0	65	66	1649822.0 0.37123036 0.5038592 0.6249105	1649822.6 0.3712302 0.5038584 0.6249114	0.9999999999840957
80018689_4200	1193.0	77	70	1532558.0 0.70265335 0.43935367 0.35799298	1532556.0 0.70265424 0.43935296 0.3579928	0.9999999999969434
