ID	BITRATE	START_IDX	CAPTURE_START_IDX	KEY	CAPTURE_KEY	CORRELATION
80013870_20000	1108.0	14	8	2087837.6 0.2168636 0.263327 1.191324 0.094190754 0.73429465	2087837.6 0.21686313 0.26332653 1.191324 0.09419123 0.7342951	0.9999999999994696
80013870_7050	1239.0	10	9	2103213.2 0.2614024 1.1826161 0.09350264 0.728927 0.23355168	2103211.2 0.2614017 1.1826159 0.09350273 0.72892773 0.2335519	0.9999999999993091
80013870_7050	1239.0	11	10	2091171.2 1.1894263 0.09404108 0.73312455 0.23489659 0.24851145	2091170.4 1.1894253 0.09404112 0.73312485 0.23489669 0.24851203	0.9999999999996270
80013870_7050	1239.0	17	16	861638.4 0.5463324 0.2277719 0.7859631 0.71229416 0.22763842	861639.2 0.5463284 0.22777283 0.7859647 0.7122935 0.22764052	0.9999999999595154
80013870_7050	1239.0	18	17	857188.0 0.22895443 0.7900437 0.7159923 0.22882028 0.53618926	857189.2 0.22895528 0.79004496 0.7159913 0.22882229 0.53618616	0.9999999999735084
80013870_7050	1239.0	19	18	857290.0 0.7899497 0.7159071 0.22879305 0.5361255 0.22922465	857290.8 0.7899513 0.71590644 0.22879517 0.5361226 0.22922443	0.9999999999726868
80013870_7050	1239.0	20	19	1020252.8 0.6015568 0.19224843 0.45049128 0.19261108 1.0630924	1020252.4 0.601557 0.19225048 0.45048952 0.19261117 1.0630919	0.9999999999939340
80013870_7050	1239.0	21	20	1243683.6 0.15771052 0.3695594 0.15800802 0.87210524 0.94261676	1243681.6 0.15771239 0.3695584 0.15800828 0.87210584 0.94261503	0.9999999999951679
80013870_7050	1239.0	22	21	1243620.4 0.3695782 0.15801607 0.8721496 0.9426647 0.1575915	1243616.4 0.3695778 0.15801658 0.8721516 0.9426645 0.1575896	0.9999999999951684
80013870_6500	1081.0	23	22	1461592.0 0.13445134 0.7420833 0.8020816 0.13408941 0.6872944	1461588.4 0.13445099 0.74208444 0.8020815 0.13408768 0.68729544	0.9999999999975354
80013870_3500	1089.0	24	23	1461561.2 0.74209756 0.80209774 0.13409154 0.68730956 0.13440354	1461559.6 0.74209905 0.80209726 0.13409032 0.68730897 0.13440438	0.9999999999945706
