ID	BITRATE	START_IDX	CAPTURE_START_IDX	KEY	CAPTURE_KEY	CORRELATION
80029196_20000	1299.0	3	4	785010.0 0.90528274 0.25316748 0.34154978	785006.7 0.9052815 0.25316855 0.34154996	0.9999999999996151
80029196_20000	1299.0	4	5	425810.66 0.46673092 0.62966955 0.4035996	425810.66 0.46673092 0.62966716 0.4036019	0.9999999999876357
80029196_20000	1299.0	5	6	558436.0 0.48012665 0.307747 0.7121264	558435.3 0.48012543 0.30774915 0.7121255	0.9999999999830341
80029196_20000	1299.0	6	7	531023.3 0.3236336 0.748888 0.4274784	531022.0 0.32363632 0.748888 0.4274757	0.9999999999302353
80029196_20000	1299.0	7	8	746164.7 0.5329614 0.30422372 0.6628148	746162.0 0.532962 0.30422214 0.66281587	0.9999999999988385
80029196_20000	1299.0	8	9	613569.3 0.36996797 0.8060524 0.3239797	613568.0 0.36996552 0.80605245 0.32398203	0.9999999999594830
80029196_20000	1299.0	9	10	853925.3 0.57917124 0.2327885 0.68804026	853928.0 0.57916826 0.23278895 0.68804276	0.9999999999319955
80029196_20000	1299.0	10	11	1048836.0 0.1895282 0.56017816 0.7502937	1048837.4 0.18952891 0.5601812 0.7502898	0.9999999999426427
80029196_7050	1362.0	14	12	1135899.4 0.51724476 0.69278497 0.28997022	1135898.6 0.517246 0.69278365 0.28997043	0.9999999999857315
80029196_5500	1337.0	14	18	856712.7 0.23204395 0.5919803 0.67597574	856712.7 0.23204279 0.5919803 0.67597693	0.9999999999986023
80029196_7050	1362.0	21	19	1522970.0 0.3330059 0.380257 0.7867371	1522968.0 0.3330057 0.38025618 0.78673816	0.9999999999988355
80029196_7050	1362.0	22	20	1396825.4 0.41459727 0.8577858 0.22761686	1396823.4 0.41459644 0.8577871 0.22761646	0.9999999999987004
80029196_5500	1337.0	17	21	2153198.8 0.5564642 0.14765845 0.7958773	2153199.2 0.5564636 0.14765935 0.7958771	0.9999999999990109
80029196_4800	1382.0	22	22	1486833.4 0.21383835 1.1525723 0.13358928	1486832.0 0.2138372 1.1525728 0.13359007	0.9999999999984654
80029196_4800	1382.0	23	23	2500651.2 0.6852947 0.079429306 0.73527604	2500651.2 0.6852943 0.07942971 0.73527604	0.9999999999998130
80029196_20000	1299.0	27	28	1892311.4 0.26606667 1.1286155 0.105317764	1892296.0 0.26606885 1.1286099 0.10532126	0.9999999999999956
80029196_5500	1337.0	26	30	914083.3 0.21803045 0.30664164 0.97532797	914084.0 0.21803139 0.3066414 0.9753272	0.9999999999992413
80029196_7050	1362.0	33	31	1279124.6 0.21913111 0.69698524 0.5838837	1279124.0 0.21913122 0.6969856 0.58388317	0.9999999999985049
80029196_10000	1356.0	38	42	706790.7 0.8706439 0.28130677 0.34804928	706791.3 0.87064594 0.2813065 0.34804758	0.9999999999959823
80029196_10000	1356.0	39	43	1128462.6 0.17619103 0.21799393 1.105815	1128462.6 0.17619103 0.21799304 1.105816	0.9999999999995937
80029196_10000	1356.0	44	48	1442640.0 0.13764001 0.9523346 0.41002536	1442638.6 0.13763876 0.9523348 0.41002646	0.9999999999968084
80029196_20000	1299.0	52	56	1057168.6 0.8062403 0.51379883 0.17996088	1057168.6 0.8062413 0.51379883 0.17995994	0.9999999999999933
