ID	BITRATE	START_IDX	CAPTURE_START_IDX	KEY	CAPTURE_KEY	CORRELATION
70039177_2000	520.0	18	0	399169.0 0.5085791 0.49142092	399162.0 0.50136036 0.49863964	1.0000000000000000
80993095_7050	1366.0	57	3	449458.0 0.5578497 0.44215032	449479.0 0.5572407 0.44275928	1.0000000000000000
80029196_4200	1235.0	6	8	225946.0 0.5363184 0.46368158	225944.0 0.5363143 0.4636857	1.0000000000000000
70213513_3500	679.0	80	9	303553.0 0.35216254 0.64783746	303552.0 0.3451369 0.65486306	1.0000000000000000
81006261_10000	2524.0	6	10	485882.0 0.4096756 0.5903244	485874.0 0.4091287 0.5908713	1.0000000000000000
80029196_2000	877.0	11	11	594730.0 0.48272493 0.5172751	594728.0 0.4827232 0.5172768	1.0000000000000000
80081155_15000	3781.0	88	12	506858.0 0.6121063 0.38789365	506867.0 0.60694224 0.39305773	1.0000000000000000
80109295_7050	1804.0	1	13	341975.0 0.5802237 0.4197763	341955.0 0.58261466 0.41738534	1.0000000000000000
80029196_7050	1362.0	21	19	1086278.0 0.4668768 0.5331232	1086277.0 0.4668763 0.5331237	1.0000000000000000
80029196_7050	1362.0	22	20	1777297.0 0.32584313 0.6741569	1777298.0 0.32584295 0.6741571	1.0000000000000000
80029196_7050	1362.0	23	21	1516118.0 0.7902927 0.20970729	1516117.0 0.7902939 0.20970611	1.0000000000000000
80029196_6500	1298.0	23	22	2031623.0 0.15649557 0.8435044	2031622.0 0.15649515 0.84350485	1.0000000000000000
80029196_4800	1382.0	23	23	1912308.0 0.89613336 0.10386664	1912310.0 0.8961324 0.103867576	1.0000000000000000
80029196_4800	1382.0	24	24	2037294.0 0.09749452 0.90250546	2037294.0 0.0974955 0.9025045	1.0000000000000000
80029196_7050	1362.0	34	32	1638391.0 0.54415035 0.45584968	1638393.0 0.5441503 0.45584974	1.0000000000000000
80029196_7050	1362.0	38	35	2104598.0 0.90558004 0.094419934	2104601.0 0.9055802 0.0944198	1.0000000000000000
80029196_4200	1235.0	32	39	1756989.0 0.64976275 0.35023725	1756989.0 0.64976215 0.35023782	1.0000000000000000
80029196_10000	1356.0	38	40	814188.0 0.75579965 0.24420036	814189.0 0.75579995 0.24420005	1.0000000000000000
80093138_2000	486.0	9	41	413627.0 0.48059967 0.51940036	413622.0 0.4806925 0.5193075	1.0000000000000000
80029196_4800	1382.0	42	46	1312495.0 0.5493164 0.45068362	1312495.0 0.5493171 0.45068285	1.0000000000000000
80029196_4200	1235.0	40	47	1053326.0 0.5615754 0.43842456	1053322.0 0.5615747 0.43842527	1.0000000000000000
80029196_6500	1298.0	47	48	591279.0 0.78102726 0.21897277	591277.0 0.7810265 0.2189735	1.0000000000000000
80029196_7050	1362.0	53	49	350912.0 0.36896428 0.6310357	350912.0 0.36896428 0.6310357	1.0000000000000000
80029196_4800	1382.0	48	52	1395505.0 0.6107703 0.3892297	1395505.0 0.61076957 0.38923043	1.0000000000000000
80029196_5500	1337.0	47	53	733423.0 0.74060124 0.25939873	733421.0 0.7406019 0.25939807	1.0000000000000000
80200961_10000	1583.0	7	54	389460.0 0.4892107 0.5107893	389446.0 0.48850933 0.5114907	1.0000000000000000
