ID	BITRATE	START_IDX	CAPTURE_START_IDX	KEY	CAPTURE_KEY	CORRELATION
80023001_6500	1804.0	0	0	665736.0 0.47047028 0.29894733 0.7305824	665737.3 0.47047085 0.29894525 0.73058397	0.9999999999948758
80023001_6500	1804.0	1	1	696700.7 0.28566068 0.69811183 0.5162274	696700.7 0.28565925 0.6981147 0.516226	0.9999999999775028
80023001_6500	1804.0	2	2	668578.7 0.72747606 0.53794116 0.2345827	668580.7 0.7274769 0.53793806 0.234585	0.9999999999466620
80023001_6500	1804.0	3	3	474688.66 0.7576671 0.33039972 0.41193315	474689.34 0.75766397 0.33040345 0.41193256	0.9999999999740178
80075563_2000	898.0	18	17	285391.34 0.52811694 0.5986061 0.37327692	285385.34 0.5304862 0.59850305 0.37101063	0.9998841885693083
80023001_3500	1030.0	18	20	689973.3 0.8062167 0.2571795 0.43660384	689991.3 0.80619276 0.2571699 0.43663737	0.9999999953224343
80023001_4200	1119.0	36	34	641300.0 0.23531264 0.8534352 0.41125214	641300.0 0.2353142 0.8534352 0.4112506	0.9999999999889279
80023001_4800	1403.0	40	41	1048503.3 1.1362816 0.17439811 0.18932034	1048505.3 1.1362804 0.17439874 0.18932092	1.0000000000000000
80023001_2000	610.0	33	44	752662.7 0.20834965 0.6091746 0.6824757	752662.7 0.20835097 0.6091733 0.6824757	0.9999999999948052
