ID	BITRATE	START_IDX	CAPTURE_START_IDX	KEY	CAPTURE_KEY	CORRELATION
80216541_10000	2280.0	10	5	555290.0 0.64221936 0.3577806	555301.0 0.65190053 0.3480995	1.0000000000000000
14607635_7050	923.0	77	6	727729.0 0.26766694 0.73233306	727743.0 0.26561573 0.73438424	1.0000000000000000
80191608_7050	1808.0	2	12	323233.0 0.33930942 0.6606906	323229.0 0.33505347 0.6649465	1.0000000000000000
80023001_800	464.0	17	13	441642.0 0.4866634 0.5133366	441639.0 0.48666444 0.5133355	1.0000000000000000
80023001_800	464.0	25	18	241756.0 0.509311 0.49068895	241757.0 0.50930893 0.49069107	1.0000000000000000
81056132_5500	505.0	36	19	285855.0 0.41843942 0.58156055	285861.0 0.4149849 0.5850151	1.0000000000000000
81000864_3500	1131.0	32	20	304322.0 0.5581884 0.44181162	304328.0 0.54951566 0.45048434	1.0000000000000000
80023001_800	464.0	28	21	470653.0 0.2912889 0.7087111	470649.0 0.29128927 0.70871073	1.0000000000000000
80023001_600	413.0	22	23	270972.0 0.4988117 0.50118834	270970.0 0.498808 0.50119203	1.0000000000000000
80023001_600	413.0	30	32	254545.0 0.5160266 0.48397335	254548.0 0.5160284 0.4839716	1.0000000000000000
80023001_600	413.0	36	38	641109.0 0.46487883 0.5351212	641111.0 0.46487737 0.53512263	1.0000000000000000
80023001_600	413.0	37	39	453541.0 0.75642776 0.24357225	453540.0 0.75643384 0.24356617	1.0000000000000000
80023001_600	413.0	40	41	450781.0 0.55575544 0.44424453	450784.0 0.55575395 0.44424602	1.0000000000000000
80135164_5500	1419.0	75	55	398943.0 0.4915013 0.5084987	398952.0 0.49602208 0.5039779	1.0000000000000000
80029196_2000	877.0	16	56	329620.0 0.60310054 0.39689946	329622.0 0.6099805 0.39001948	1.0000000000000000
