ID	BITRATE	START_IDX	CAPTURE_START_IDX	KEY	CAPTURE_KEY	CORRELATION
80023001_600	413.0	40	3	450781.0 0.55575544 0.44424453	450783.0 0.5557552 0.4442448	1.0000000000000000
896970_15000	3038.0	72	13	334686.0 0.59377146 0.4062285	334668.0 0.60136914 0.3986309	1.0000000000000000
80075563_1200	593.0	1	15	294940.0 0.36933953 0.6306605	294945.0 0.37235418 0.62764585	1.0000000000000000
80023001_800	464.0	17	17	441642.0 0.4866634 0.5133366	441642.0 0.48666114 0.51333886	1.0000000000000000
80023001_1200	437.0	14	18	425674.0 0.532593 0.467407	425677.0 0.53259164 0.4674084	1.0000000000000000
80023001_1200	437.0	15	19	323698.0 0.61465627 0.38534376	323702.0 0.61465484 0.38534516	1.0000000000000000
80023001_800	464.0	20	20	276128.0 0.4517289 0.5482711	276128.0 0.45173615 0.54826385	1.0000000000000000
80023001_800	464.0	21	21	257274.0 0.58845043 0.41154957	257273.0 0.58844495 0.41155505	1.0000000000000000
70298735_4800	451.0	38	22	304601.0 0.35656482 0.6434352	304596.0 0.34761456 0.6523855	1.0000000000000000
80018689_4200	1193.0	7	23	579199.0 0.34817222 0.6518278	579196.0 0.34308594 0.65691406	1.0000000000000000
80023001_800	464.0	24	24	503608.0 0.7555063 0.24449374	503610.0 0.7555092 0.24449077	1.0000000000000000
80023001_800	464.0	25	25	241756.0 0.509311 0.49068895	241755.0 0.509309 0.49069098	1.0000000000000000
81056132_5500	505.0	36	26	285855.0 0.41843942 0.58156055	285862.0 0.41497996 0.58502007	1.0000000000000000
81000864_3500	1131.0	32	27	304322.0 0.5581884 0.44181162	304329.0 0.54952043 0.45047957	1.0000000000000000
70295915_2000	473.0	15	28	335823.0 0.40675297 0.59324706	335828.0 0.40822682 0.59177315	1.0000000000000000
80097391_20000	531.0	51	30	333554.0 0.5478423 0.45215768	333555.0 0.5392454 0.4607546	1.0000000000000000
70039177_2000	520.0	30	40	575989.0 0.54251385 0.45748615	575964.0 0.5408932 0.45910683	1.0000000000000000
80217312_1200	391.0	21	42	305362.0 0.6430892 0.35691082	305375.0 0.6500368 0.34996316	1.0000000000000000
80144140_2000	526.0	28	53	360858.0 0.44948983 0.55051017	360881.0 0.44898733 0.55101264	1.0000000000000000
70208599_1200	370.0	17	54	339788.0 0.5847911 0.4152089	339777.0 0.5852368 0.4147632	1.0000000000000000
80184100_20000	2098.0	19	62	303780.0 0.6458391 0.3541609	303782.0 0.65513754 0.34486243	1.0000000000000000
