ID	BITRATE	START_IDX	CAPTURE_START_IDX	KEY	CAPTURE_KEY	CORRELATION
80023001_4800	1403.0	9	8	408174.66 0.48598558 0.52656627 0.4874482	408172.66 0.48598307 0.5265664 0.4874506	0.9999999943418255
80023001_7050	2037.0	18	15	631469.3 0.772606 0.31468987 0.41270414	631467.3 0.77260846 0.3146909 0.41270068	0.9999999999416572
80023001_5500	1566.0	25	16	1026632.0 0.19356303 0.25384754 1.0525894	1026631.3 0.19356218 0.25384673 1.0525911	0.9999999999999891
80023001_5500	1566.0	26	17	1113150.0 0.2341176 0.9707784 0.295104	1113151.4 0.2341164 0.9707781 0.29510543	0.9999999999947531
80023001_4800	1403.0	19	19	561530.7 0.585001 0.25338063 0.66161835	561532.0 0.5850014 0.25338182 0.6616168	0.9999999999934447
80023001_4800	1403.0	20	20	627032.0 0.22691186 0.592504 0.6805841	627032.0 0.22691345 0.592504 0.68058246	0.9999999999975631
80023001_5500	1566.0	30	21	664667.3 0.55895483 0.6420475 0.2989977	664666.0 0.5589559 0.6420473 0.29899678	0.9999999999891795
80023001_5500	1566.0	31	22	654222.7 0.6522978 0.3037712 0.543931	654222.7 0.65229625 0.30376965 0.54393405	0.9999999998948568
80023001_5500	1566.0	32	23	968391.3 0.20522076 0.36746716 0.92731214	968391.3 0.20521973 0.36746922 0.92731106	0.9999999999898785
80023001_4800	1403.0	24	24	1168226.0 0.30461058 0.7686886 0.42670083	1168224.6 0.30461094 0.7686878 0.42670134	0.9999999999994564
80023001_4800	1403.0	28	27	1132114.0 0.8270722 0.30990517 0.36302263	1132114.6 0.8270735 0.30990413 0.36302242	0.9999999999993646
80023001_4200	1119.0	30	28	660217.3 0.5314114 0.6224981 0.34609058	660197.3 0.5314275 0.6225154 0.34605715	0.9999999980601139
80023001_7050	2037.0	41	39	1617310.6 0.10035549 1.2148995 0.18474497	1617308.6 0.10035561 1.2148999 0.18474458	0.9999999999999039
80023001_4800	1403.0	42	42	1045972.7 0.18977837 0.3150761 0.9951455	1045972.7 0.18977837 0.31507707 0.99514455	0.9999999999990647
80023001_4800	1403.0	43	43	1548989.4 0.21275872 0.6719833 0.6152579	1548988.6 0.21275946 0.671983 0.61525756	0.9999999999999429
80023001_3500	1030.0	43	47	946990.7 0.22103807 0.20996721 1.0689946	946971.3 0.22104155 0.20997152 1.068987	0.9999999999997625
80023001_5500	1566.0	78	69	2526940.0 0.9698244 0.34611505 0.18406056	2526940.8 0.9698245 0.34611535 0.18406011	0.9999999999996573
80023001_5500	1566.0	79	70	1768448.6 0.49456456 0.26300454 0.7424309	1768448.6 0.49456513 0.26300398 0.7424309	0.9999999999978673
80023001_4800	1403.0	75	77	2708208.8 1.1030372 0.2826839 0.11427886	2708207.2 1.1030378 0.28268406 0.11427818	0.9999999999998046
80023001_5500	1566.0	89	85	4052992.8 0.29817718 1.0994942 0.10232858	4052976.0 0.29817867 1.0994921 0.102329254	0.9999999999990210
80023001_5500	1566.0	90	86	3555903.2 1.2531955 0.11663338 0.13017115	3555886.8 1.2531937 0.1166342 0.13017203	0.9999999999999972
