ID	BITRATE	START_IDX	CAPTURE_START_IDX	KEY	CAPTURE_KEY	CORRELATION
14607635_4800	990.0	32	3	972463.0 0.79544514 0.20455483	972466.0 0.7955425 0.20445754	1.0000000000000000
81075239_5500	1429.0	6	4	398159.0 0.4995969 0.5004031	398148.0 0.49938214 0.50061786	1.0000000000000000
80096067_4800	1064.0	0	7	401090.0 0.5046698 0.4953302	401096.0 0.50451016 0.49548987	1.0000000000000000
80200961_5500	1017.0	2	8	317543.0 0.6257924 0.3742076	317548.0 0.62585497 0.374145	1.0000000000000000
80029196_4800	1382.0	9	9	411932.0 0.28841895 0.71158105	411931.0 0.28841966 0.71158034	1.0000000000000000
80029196_7050	1362.0	63	10	448414.0 0.6536839 0.34631613	448416.0 0.6536832 0.3463168	1.0000000000000000
80029196_4800	1382.0	11	11	496808.0 0.3125815 0.68741846	496808.0 0.31258354 0.6874165	1.0000000000000000
80144140_6500	609.0	62	12	540297.0 0.6304125 0.36958748	540300.0 0.63208216 0.36791784	1.0000000000000000
80029196_7050	1362.0	15	15	1116311.0 0.7049416 0.29505846	1116311.0 0.7049407 0.29505935	1.0000000000000000
80029196_7050	1362.0	16	16	528606.0 0.62310493 0.37689507	528606.0 0.62310684 0.3768932	1.0000000000000000
80029196_5500	1337.0	10	17	905773.0 0.21995577 0.7800442	905772.0 0.2199538 0.78004616	1.0000000000000000
80029196_5500	1337.0	11	18	3336965.0 0.21173222 0.7882678	3336964.0 0.21173258 0.78826743	1.0000000000000000
80029196_6500	1298.0	19	19	2829217.0 0.929735 0.070265025	2829214.0 0.92973524 0.07026474	1.0000000000000000
80029196_6500	1298.0	20	20	705951.0 0.28159887 0.71840113	705952.0 0.28159705 0.7184029	1.0000000000000000
80029196_7050	1362.0	21	21	1086278.0 0.4668768 0.5331232	1086277.0 0.46687722 0.5331228	1.0000000000000000
80029196_7050	1362.0	22	22	1777297.0 0.32584313 0.6741569	1777298.0 0.32584238 0.6741576	1.0000000000000000
80029196_7050	1362.0	23	23	1516118.0 0.7902927 0.20970729	1516121.0 0.79029244 0.20970754	1.0000000000000000
80029196_6500	1298.0	23	24	2031623.0 0.15649557 0.8435044	2031623.0 0.15649655 0.8435034	1.0000000000000000
80029196_7050	1362.0	26	25	3552352.0 0.4824083 0.5175917	3552350.0 0.4824077 0.5175923	1.0000000000000000
80029196_5500	1337.0	20	26	2224159.0 0.82667965 0.17332034	2224161.0 0.8266798 0.17332019	1.0000000000000000
80029196_5500	1337.0	21	27	609706.0 0.63225883 0.36774117	609704.0 0.6322609 0.3677391	1.0000000000000000
70123920_800	381.0	14	32	479574.0 0.40886912 0.59113085	479595.0 0.4155548 0.58444524	1.0000000000000000
80029196_7050	1362.0	33	33	1171827.0 0.23919572 0.7608043	1171829.0 0.23919617 0.7608038	1.0000000000000000
80029196_4200	1235.0	26	36	1957952.0 0.38145012 0.6185499	1957955.0 0.38145003 0.61854994	1.0000000000000000
80029196_7050	1362.0	37	37	3116976.0 0.38854775 0.6114523	3116976.0 0.38854742 0.6114526	1.0000000000000000
80029196_7050	1362.0	38	38	2104598.0 0.90558004 0.094419934	2104599.0 0.9055801 0.09441989	1.0000000000000000
80202920_2000	586.0	10	39	386168.0 0.51421404 0.485786	386159.0 0.51459634 0.4854037	1.0000000000000000
80029196_6500	1298.0	44	46	1573088.0 0.12664008 0.8733599	1573087.0 0.12663826 0.87336177	1.0000000000000000
80029196_6500	1298.0	45	47	1572436.0 0.873722 0.12627795	1572438.0 0.8737222 0.12627779	1.0000000000000000
80038359_6500	1063.0	10	51	420214.0 0.47281146 0.52718854	420234.0 0.47305787 0.52694213	1.0000000000000000
80029196_4800	1382.0	48	54	1395505.0 0.6107703 0.3892297	1395506.0 0.61076987 0.38923013	1.0000000000000000
