ID	BITRATE	START_IDX	CAPTURE_START_IDX	KEY	CAPTURE_KEY	CORRELATION
80029196_15000	1393.0	8	14	840746.0 0.23643883 0.69883054 0.93599373 0.39176875 0.23696811	840745.2 0.23643906 0.69883007 0.9359958 0.3917691 0.23696597	0.9999999999931737
80029196_5500	1337.0	11	20	1809686.8 0.39042282 1.4535234 0.26595762 0.1098505 0.28024575	1809698.4 0.39042032 1.4535295 0.26595592 0.109849244 0.28024504	0.9999999999977737
80029196_5500	1337.0	12	21	1758716.4 1.4956487 0.2736655 0.113034144 0.2883677 0.3292839	1758728.8 1.4956542 0.27366358 0.11303278 0.28836682 0.32928273	0.9999999999995494
80029196_5500	1337.0	13	22	1185818.8 0.4058799 0.16764367 0.42768508 0.4883689 1.0104226	1185819.2 0.40587974 0.16764276 0.4276866 0.4883704 1.0104204	0.9999999999899422
80029196_5500	1337.0	14	23	1120474.0 0.17742045 0.45262718 0.51685 1.0693492 0.28375313	1120474.8 0.17741944 0.45262867 0.5168514 1.0693467 0.28375384	0.9999999999910789
80029196_5500	1337.0	15	24	1726428.8 0.29376075 0.33544216 0.6940211 0.18415935 0.9926167	1726430.0 0.2937617 0.33544308 0.69401944 0.1841598 0.992616	0.9999999999975552
80029196_3500	1318.0	16	25	1603016.8 0.36126885 0.74745196 0.19833854 1.0690343 0.12390638	1603016.8 0.36126822 0.7474507 0.19833791 1.0690356 0.123907626	0.9999999999957744
80029196_3500	1318.0	17	26	2106836.5 0.56870955 0.15090872 0.81339014 0.094275944 0.87271553	2106836.5 0.5687086 0.15090825 0.8133911 0.09427689 0.8727151	0.9999999999970632
80029196_3500	1318.0	18	27	1707046.8 0.18625149 1.0038857 0.11635534 1.0771053 0.1164022	1707048.0 0.18625076 1.0038862 0.116356425 1.0771039 0.1164027	0.9999999999984184
80029196_7050	1362.0	48	52	1129991.2 0.1762996 0.17572172 1.2158253 0.40867928 0.523474	1129990.8 0.17629878 0.1757209 1.2158267 0.40867856 0.5234751	0.9999999999990308
