ID	BITRATE	START_IDX	CAPTURE_START_IDX	KEY	CAPTURE_KEY	CORRELATION
80093138_3500	1122.0	4	1	557418.0 0.64346504 0.35653496	557427.0 0.64222044 0.3577796	0.9999999999999999
70264803_2000	638.0	56	3	642041.0 0.70011103 0.29988894	642018.0 0.6908311 0.3091689	1.0000000000000000
80029196_6500	1298.0	27	6	1906983.0 0.8824248 0.11757525	1906981.0 0.88242567 0.11757433	1.0000000000000000
70251894_4200	938.0	19	8	702334.0 0.2833595 0.71664053	702310.0 0.28306732 0.7169327	1.0000000000000000
80029196_10000	1356.0	4	11	978775.0 0.72606677 0.27393323	978772.0 0.72606796 0.27393204	1.0000000000000000
80029196_20000	1299.0	6	14	569534.0 0.3017502 0.6982498	569533.0 0.301749 0.698251	0.9999999999999999
80029196_20000	1299.0	7	15	624678.0 0.63661116 0.3633888	624676.0 0.63661325 0.36338678	1.0000000000000000
80029196_20000	1299.0	8	16	721570.0 0.31459317 0.6854068	721568.0 0.3145913 0.6854087	1.0000000000000000
80029196_20000	1299.0	9	17	693353.0 0.71330047 0.28669956	693351.0 0.7133025 0.2866975	1.0000000000000000
80029196_20000	1299.0	10	18	786319.0 0.25280327 0.74719673	786320.0 0.25280038 0.7471996	1.0000000000000000
80029196_7050	1362.0	14	19	1374472.0 0.42746451 0.5725355	1374470.0 0.42746514 0.57253486	1.0000000000000000
80029196_7050	1362.0	15	20	1116311.0 0.7049416 0.29505846	1116308.0 0.70494163 0.29505834	1.0000000000000000
80029196_7050	1362.0	16	21	528606.0 0.62310493 0.37689507	528604.0 0.6231054 0.37689462	1.0000000000000000
80029196_5500	1337.0	10	22	905773.0 0.21995577 0.7800442	905771.0 0.21995404 0.7800459	1.0000000000000000
80029196_5500	1337.0	11	23	3336965.0 0.21173222 0.7882678	3336964.0 0.21173228 0.78826773	1.0000000000000000
80029196_6500	1298.0	19	24	2829217.0 0.929735 0.070265025	2829214.0 0.9297356 0.07026439	1.0000000000000000
80029196_7050	1362.0	19	25	680094.0 0.29230225 0.70769775	680094.0 0.29230225 0.70769775	1.0000000000000000
80029196_7050	1362.0	20	26	988459.0 0.48692054 0.51307946	988460.0 0.48692006 0.51307994	1.0000000000000000
80029196_7050	1362.0	21	27	1086278.0 0.4668768 0.5331232	1086276.0 0.4668786 0.5331214	1.0000000000000000
80029196_7050	1362.0	22	28	1777297.0 0.32584313 0.6741569	1777293.0 0.32584217 0.67415786	1.0000000000000000
60004481_7050	918.0	52	30	2105289.0 0.8169106 0.18308935	2105312.0 0.81397957 0.1860204	1.0000000000000000
80134721_800	490.0	30	34	422933.0 0.5301289 0.4698711	422916.0 0.53015727 0.4698427	1.0000000000000000
80029196_7050	1362.0	32	37	783775.0 0.64237696 0.35762304	783775.0 0.6423782 0.35762176	1.0000000000000000
80029196_7050	1362.0	33	38	1171827.0 0.23919572 0.7608043	1171826.0 0.23919506 0.76080495	1.0000000000000000
80029196_20000	1299.0	36	44	3047509.0 0.62539047 0.37460956	3047506.0 0.62539136 0.3746086	1.0000000000000000
896970_15000	3038.0	50	45	1340928.0 0.85185033 0.14814964	1340929.0 0.85136646 0.14863352	1.0000000000000000
70019012_15000	3333.0	72	46	1811682.0 0.10901748 0.8909825	1811685.0 0.11001195 0.88998806	1.0000000000000000
70130445_1200	627.0	2	48	426199.0 0.5401538 0.45984623	426176.0 0.53346974 0.46653026	1.0000000000000000
80029196_10000	1356.0	39	49	444823.0 0.44697553 0.5530245	444822.0 0.4469743 0.5530257	1.0000000000000000
80029196_15000	1393.0	39	50	861362.0 0.28559074 0.7144093	861363.0 0.28559154 0.71440846	1.0000000000000000
80029196_15000	1393.0	40	51	814579.0 0.75543934 0.24456069	814579.0 0.75543934 0.24456069	1.0000000000000000
80029196_15000	1393.0	41	52	1447084.0 0.13766582 0.8623342	1447086.0 0.13766563 0.8623344	1.0000000000000000
80029196_10000	1356.0	41	53	1968847.0 0.633808 0.36619198	1968848.0 0.6338082 0.3661918	1.0000000000000000
80029196_15000	1393.0	43	55	1965396.0 0.69903165 0.30096835	1965396.0 0.69903266 0.30096734	1.0000000000000000
80029196_7050	1362.0	53	58	350912.0 0.36896428 0.6310357	350913.0 0.3689661 0.6310339	1.0000000000000000
80191608_2000	608.0	60	61	1051138.0 0.18900658 0.81099343	1051128.0 0.18912634 0.8108736	1.0000000000000000
80106307_20000	2347.0	3	62	1042559.0 0.8113891 0.18861091	1042580.0 0.8175219 0.18247809	0.9999999999999999
