ID	BITRATE	START_IDX	CAPTURE_START_IDX	KEY	CAPTURE_KEY	CORRELATION
80192445_10000	2658.0	54	1	594781.0 0.6650061 0.3349939	594794.0 0.66565734 0.33434266	1.0000000000000000
81075239_4800	1507.0	0	2	445617.0 0.44568992 0.5543101	445634.0 0.44625187 0.55374813	1.0000000000000000
80106307_6500	2248.0	0	4	377375.0 0.48058298 0.51941705	377395.0 0.47240424 0.52759576	1.0000000000000000
80174429_4800	1410.0	32	5	382724.0 0.51391083 0.4860892	382725.0 0.52024823 0.47975177	1.0000000000000000
70295915_1200	372.0	18	10	245514.0 0.50055397 0.49944606	245494.0 0.50471294 0.49528706	1.0000000000000000
80081155_10000	3068.0	10	15	576314.0 0.34119248 0.6588075	576291.0 0.3364637 0.6635363	1.0000000000000000
81006261_4200	1029.0	47	16	581621.0 0.658752 0.341248	581637.0 0.65743756 0.34256247	1.0000000000000000
80198592_3500	804.0	2	17	335011.0 0.5922403 0.40775976	334988.0 0.5947885 0.40521154	1.0000000000000000
70123542_2000	501.0	41	34	390391.0 0.36448842 0.6355116	390395.0 0.37414926 0.62585074	1.0000000000000000
80096067_10000	1159.0	5	38	433640.0 0.59930587 0.40069413	433659.0 0.5928783 0.40712172	1.0000000000000000
