ID	BITRATE	START_IDX	CAPTURE_START_IDX	KEY	CAPTURE_KEY	CORRELATION
80038359_20000	1119.0	8	4	1651217.8 1.6615235	1651231.2 1.6615105	0.9999323108117261
80038359_10000	1155.0	4	5	1722685.6 1.5999879	1722693.8 1.5999994	0.9999999991562469
80038359_10000	1155.0	5	6	1633985.2 1.7922903	1633998.8 1.792278	0.9999999991928576
80038359_20000	1119.0	11	7	1549489.0 1.6913157	1549497.4 1.6913272	0.9999999993346383
80038359_20000	1119.0	12	8	1620619.4 1.5817317	1620632.8 1.5817217	0.9999999992435769
80038359_20000	1119.0	13	9	1547978.8 1.7893373	1547987.8 1.7893468	0.9999999991998894
80038359_7050	1056.0	14	10	1639428.4 1.5157881	1639440.0 1.5157773	0.9999999992794979
80038359_7050	1056.0	15	11	1565109.2 1.8248298	1565115.8 1.8248408	0.9999999992889655
80038359_7050	1056.0	16	12	1554710.8 1.5982034	1554722.8 1.5981923	0.9999999990683357
80038359_7050	1056.0	17	13	1527074.2 1.7316808	1527080.8 1.7316923	0.9999999990715620
80038359_7050	1056.0	18	14	1500302.6 1.6633197	1500302.2 1.6633215	0.9999999999888460
80038359_7050	1056.0	19	15	1325266.2 1.8886884	1325265.8 1.8886876	0.9999999999873462
80038359_7050	1056.0	20	16	1430890.0 1.4408221	1430889.2 1.440823	0.9999999999872417
80038359_15000	1157.0	16	17	1334038.0 1.9087898	1334038.0 1.9087867	0.9999999999881417
80038359_15000	1157.0	17	18	1515753.6 1.3603108	1515752.0 1.3603135	0.9999999999872070
80038359_15000	1157.0	18	19	1447641.6 1.9054688	1447641.4 1.9054657	0.9999999999905953
80038359_15000	1157.0	19	20	1523527.2 1.4701976	1523525.2 1.4702008	0.9999999999897716
80038359_15000	1157.0	20	21	1591797.8 1.6892065	1591797.4 1.689203	0.9999999999897851
80038359_15000	1157.0	21	22	1385362.2 1.9020708	1385360.2 1.9020749	0.9999999999923064
80038359_15000	1157.0	22	23	1531633.4 1.4010383	1531633.4 1.4010344	0.9999999999912861
80038359_15000	1157.0	23	24	1478038.2 1.8647319	1478036.8 1.8647357	0.9999999999912247
80038359_15000	1157.0	37	39	2432281.8 1.2546388	2432282.0 1.254639	0.9999999999940021
80038359_15000	1157.0	38	40	1911267.4 2.3831763	1911268.6 2.3831747	0.9999999999955997
