ID	BITRATE	START_IDX	CAPTURE_START_IDX	KEY	CAPTURE_KEY	CORRELATION
80038359_20000	1119.0	8	4	1182583.1 0.8135741 1.5319422 1.6083258 0.61137605 1.3379482	1182588.0 0.81844395 1.5319351 1.6034493 0.6114006 1.3379444	0.9999563043452332
80038359_10000	1155.0	4	5	1121199.5 1.6158141 1.6912396 1.2296572 1.4111993 0.84213024	1121203.8 1.6158062 1.6912359 1.229681 1.4111949 0.84212524	0.9999999993704365
80038359_15000	1157.0	6	7	1227905.2 1.1228008 1.4504629 1.3730872 0.3241325 1.0598049	1227909.5 1.1228213 1.4504586 1.3730808 0.32413056 1.0598012	0.9999999995436460
80038359_15000	1157.0	7	8	1260320.8 1.413157 1.3377714 0.78701556 1.0325466 1.0569532	1260328.9 1.4131486 1.3377612 0.78701043 1.03254 1.056948	0.9999999994828446
80038359_15000	1157.0	8	9	1170896.9 1.4399397 0.8471216 1.4384469 1.1376749 1.0077839	1170901.1 1.4399328 0.8471185 1.4384408 1.1376725 1.0078058	0.9999999994377161
80038359_7050	1056.0	14	10	1159487.1 0.8554601 1.4526026 1.4257985 1.0177008 0.8225309	1159490.5 0.85545504 1.4525967 1.4257952 1.0177237 0.82253027	0.9999999994519617
80038359_7050	1056.0	15	11	1145526.8 1.4703052 1.4431745 1.395077 0.832555 0.9746887	1145530.2 1.470299 1.443171 1.3950989 0.83255416 0.9746849	0.9999999993837076
80038359_15000	1157.0	11	12	1036682.25 1.5946969 1.5415524 1.11209 1.0770253 0.76476276	1036685.9 1.5946933 1.541574 1.1120862 1.0770196 0.7647611	0.9999999992599061
80038359_15000	1157.0	12	13	1078815.8 1.4813466 1.068657 1.5539567 0.7348947 0.6774048	1078819.4 1.4813676 1.0686535 1.5539488 0.7348932 0.6774016	0.9999999992464133
80038359_15000	1157.0	13	14	1132995.8 1.0175537 1.4796463 1.5178847 0.64501125 0.9444387	1132995.1 1.0175543 1.4796445 1.5178874 0.6450107 0.94444007	0.9999999999925442
80038359_15000	1157.0	14	15	1020381.3 1.6429476 1.6854062 1.2906175 1.0486717 1.0523292	1020380.8 1.6429454 1.685409 1.2906162 1.0486732 1.0523278	0.9999999999913629
80038359_15000	1157.0	15	16	1170117.5 1.4697301 1.1254613 1.4220879 0.91766596 0.34010515	1170116.9 1.4697326 1.1254603 1.4220904 0.91766477 0.34010535	0.9999999999908062
80038359_15000	1157.0	16	17	1199317.9 1.0980592 1.3874637 1.0611074 0.33182445 1.0853887	1199317.8 1.0980576 1.3874655 1.0611049 0.33182448 1.0853871	0.9999999999908797
80038359_15000	1157.0	17	18	1174697.2 1.4165437 1.0833472 0.94742626 1.1081375 1.2946562	1174696.8 1.416546 1.0833452 0.94742835 1.1081362 1.2946584	0.9999999999890328
80038359_15000	1157.0	18	19	1141514.1 1.1148394 0.97496736 1.6257398 1.332291 0.8489251	1141514.0 1.1148369 0.9749692 1.6257383 1.3322929 0.84892344	0.9999999999884668
