ID	BITRATE	START_IDX	CAPTURE_START_IDX	KEY	CAPTURE_KEY	CORRELATION
80038359_7050	1056.0	22	22	1175658.8 0.6370471 0.55771965 0.16909158 0.6309875 0.50515425	1175658.4 0.637049 0.5577198 0.16909079 0.63098687 0.50515354	0.9999999999870599
80038359_7050	1056.0	23	23	1029252.0 0.63705295 0.19314414 0.7207428 0.5770103 0.3720498	1029251.2 0.63705343 0.19314332 0.7207424 0.5770098 0.37205106	0.9999999999919873
80038359_7050	1056.0	24	24	895414.8 0.22201331 0.8284719 0.66325575 0.4276599 0.35859916	895413.6 0.22201248 0.8284719 0.6632555 0.42766157 0.35859853	0.9999999999918138
80038359_7050	1056.0	25	25	983132.0 0.7545538 0.6040786 0.38950315 0.32660416 0.4252603	983132.0 0.7545528 0.6040776 0.38950416 0.32660314 0.42526233	0.9999999999732117
80038359_15000	1157.0	47	51	1148994.4 0.17368232 0.56771994 0.63430077 0.63373333 0.49056375	1148994.0 0.1736815 0.56772184 0.63430095 0.6337318 0.49056393	0.9999999999780007
80038359_7050	1056.0	53	52	1245312.4 0.5238348 0.58524114 0.58471674 0.45262057 0.3535868	1245299.6 0.5238169 0.5852471 0.5847219 0.45262602 0.35358799	0.9999999946387765
80038359_3500	893.0	50	53	1271191.6 0.57332665 0.57281214 0.44340757 0.3463876 0.564066	1271190.4 0.5733272 0.57281274 0.44340724 0.34638634 0.5640666	0.9999999999998748
80038359_15000	1157.0	54	58	925435.6 0.21454869 0.7573633 0.76617646 0.54643345 0.21547799	925436.4 0.21454851 0.76617366 0.75736487 0.54643303 0.21547997	0.9997426598349177
80038359_15000	1157.0	55	59	1049611.2 0.66776246 0.67553294 0.48178694 0.18998557 0.48493192	1049611.2 0.6755311 0.66776437 0.48178694 0.18998748 0.48493	0.9996121979051299
