ID	BITRATE	START_IDX	CAPTURE_START_IDX	KEY	CAPTURE_KEY	CORRELATION
80038359_5500	985.0	8	6	357813.2 0.38143647 0.38225535 0.5552702 0.43407288 0.7469652	357813.2 0.38143367 0.38225254 0.5552702 0.43407568 0.746968	0.9999999999111390
80038359_5500	985.0	9	7	384536.8 0.35569027 0.5166814 0.4039067 0.6950544 0.5286672	384537.6 0.35568693 0.5166803 0.4039085 0.6950556 0.5286687	0.9999999998958599
80038359_5500	985.0	10	8	409456.0 0.4852365 0.37932524 0.6527539 0.49649292 0.48619142	409457.2 0.4852351 0.37932658 0.6527544 0.4964939 0.48619002	0.9999999999082593
80038359_5500	985.0	11	9	437051.6 0.35537452 0.61153877 0.46514416 0.45549312 0.6124494	437053.2 0.3553755 0.6115388 0.46514475 0.45549148 0.61244947	0.9999999999595780
80038359_5500	985.0	12	10	454496.4 0.5880663 0.44729066 0.43801007 0.58894193 0.43769103	454496.4 0.5880685 0.44729286 0.43801007 0.58894414 0.43768442	0.9999999992324655
80038359_5500	985.0	13	11	649554.8 0.31297126 0.3064776 0.41208532 0.30625436 1.1622114	649554.4 0.31297302 0.30647781 0.41208714 0.30624995 1.1622121	0.9999999999773493
80038359_5500	985.0	14	12	707383.2 0.28142315 0.37839746 0.28121817 1.0672009 0.49176034	707382.4 0.28142348 0.3783993 0.28121424 1.0672022 0.4917609	0.9999999999802605
80038359_7050	1056.0	23	18	1029252.0 0.63705295 0.19314414 0.7207428 0.5770103 0.3720498	1029250.8 0.63705367 0.19314437 0.72074366 0.57701 0.3720483	0.9999999999922367
80038359_7050	1056.0	24	19	895414.8 0.22201331 0.8284719 0.66325575 0.4276599 0.35859916	895413.2 0.22201371 0.8284734 0.6632558 0.42765844 0.3585987	0.9999999999928012
80038359_7050	1056.0	25	20	983132.0 0.7545538 0.6040786 0.38950315 0.32660416 0.4252603	983130.8 0.75455475 0.6040783 0.38950157 0.32660353 0.42526183	0.9999999999797937
80038359_7050	1056.0	26	21	910361.2 0.65236634 0.42063853 0.35271165 0.45925397 0.6150295	910360.4 0.6523658 0.4206367 0.35271087 0.4592555 0.6150312	0.9999999999414574
80038359_7050	1056.0	27	22	1043581.2 0.36694127 0.3076857 0.4006272 0.53651696 0.88822895	1043581.2 0.36693934 0.30768472 0.40062815 0.5365179 0.8882299	0.9999999999890554
80038359_7050	1056.0	28	23	1124859.2 0.2854535 0.3716794 0.49775028 0.8240489 0.52106786	1124860.4 0.2854523 0.3716799 0.49775067 0.82404894 0.5210682	0.9999999999950503
80038359_7050	1056.0	29	24	1234006.4 0.33880457 0.45372456 0.75116223 0.47497973 0.48132896	1234008.4 0.33880484 0.45372462 0.7511618 0.47497976 0.481329	1.0000000000000000
80038359_4800	957.0	33	30	1151163.2 0.6210926 0.48132184 0.4973899 0.17270531 0.7274902	1151164.8 0.6210927 0.48132208 0.49739015 0.17270595 0.7274893	0.9999999999989099
80038359_6500	1063.0	35	31	1111980.4 0.49828216 0.5149174 0.17879093 0.7531248 0.5548848	1111980.4 0.4982831 0.5149174 0.17879182 0.7531248 0.554883	0.9999999999883734
80038359_6500	1063.0	36	32	1280300.8 0.4472215 0.15528539 0.6541119 0.48193443 0.7614469	1280301.2 0.4472213 0.1552861 0.6541117 0.48193267 0.76144814	0.9999999999877650
80038359_6500	1063.0	37	33	1331310.0 0.14933562 0.6290496 0.46346906 0.73227197 0.5258738	1331311.2 0.14933623 0.629049 0.46346712 0.7322728 0.5258748	0.9999999999842647
80038359_7050	1056.0	38	34	1551974.4 0.5396101 0.39757165 0.62815535 0.45110473 0.48355824	1551974.0 0.53960955 0.39757046 0.6281568 0.45110485 0.48355836	0.9999999999793775
80038359_5500	985.0	37	35	1296599.6 0.47587627 0.7518751 0.5399531 0.57879704 0.15349843	1296600.8 0.47587433 0.751876 0.53995264 0.57879806 0.15349907	0.9999999999837060
80038359_5500	985.0	38	36	1386240.8 0.7032552 0.50503707 0.54136914 0.14357246 0.60676616	1386241.6 0.7032562 0.5050368 0.5413703 0.14357309 0.6067636	0.9999999999756188
80038359_5500	985.0	39	37	1409452.0 0.49672002 0.5324538 0.14120807 0.5967738 0.7328444	1409452.0 0.49672002 0.53245515 0.14120878 0.59677166 0.7328444	0.9999999999840753
80038359_5500	985.0	40	38	1501734.4 0.4997342 0.13253076 0.5601017 0.6878107 0.6198227	1501735.2 0.49973524 0.13253134 0.56009936 0.6878103 0.61982363	0.9999999999803416
80038359_5500	985.0	41	39	1565068.4 0.12716761 0.53743595 0.6599769 0.59474015 0.5806794	1565068.8 0.12716821 0.5374339 0.6599768 0.5947413 0.5806799	0.9999999999836395
80038359_5500	985.0	42	40	1564976.0 0.53746766 0.6600159 0.59477526 0.5807137 0.12702751	1564976.4 0.53746563 0.6600157 0.5947764 0.5807142 0.12702812	0.9999999999836496
80038359_5500	985.0	43	41	1598954.8 0.64599013 0.5821359 0.5683732 0.1243281 0.57917273	1598956.8 0.64598936 0.58213645 0.5683731 0.12432857 0.5791726	0.9999999999978532
80038359_5500	985.0	44	42	1583799.2 0.58770645 0.573812 0.1255178 0.5847149 0.6282488	1583801.6 0.5877068 0.57381177 0.12551825 0.58471465 0.6282485	0.9999999999991479
80038359_5500	985.0	45	43	1541064.8 0.58972406 0.12899847 0.6009293 0.6456705 0.53467774	1541066.8 0.58972394 0.12899895 0.6009292 0.6456703 0.5346777	1.0000000000000000
80038359_3500	893.0	50	50	1271191.6 0.57332665 0.57281214 0.44340757 0.3463876 0.564066	1271191.2 0.57332677 0.57281387 0.44340613 0.34638768 0.5640654	0.9999999999413050
