ID	BITRATE	START_IDX	CAPTURE_START_IDX	KEY	CAPTURE_KEY	CORRELATION
80184100_1200	342.0	12	1	317520.0 0.38220268 0.6177973	317516.0 0.3726269 0.6273731	1.0000000000000000
80013870_1200	868.0	6	3	405194.0 0.48480728 0.51519275	405199.0 0.4920101 0.5079899	1.0000000000000000
80144140_4200	561.0	11	9	300246.0 0.33780634 0.66219366	300256.0 0.3369558 0.6630442	1.0000000000000000
81006261_1200	333.0	20	11	347807.0 0.5722973 0.42770272	347802.0 0.57139695 0.42860305	1.0000000000000000
70243464_4200	1272.0	1	12	268565.0 0.55086476 0.4491352	268541.0 0.55510706 0.44489297	1.0000000000000000
70251894_2000	590.0	13	14	390148.0 0.4899064 0.5100936	390154.0 0.48923245 0.5107675	1.0000000000000000
70305893_4800	1213.0	47	15	329880.0 0.59658664 0.40341336	329868.0 0.60411435 0.39588562	1.0000000000000000
80097391_20000	531.0	55	21	501960.0 0.75865805 0.24134193	501968.0 0.76827806 0.23172194	1.0000000000000000
81076251_2000	520.0	45	26	325975.0 0.50451106 0.4954889	325993.0 0.509333 0.490667	1.0000000000000000
70213513_20000	715.0	21	43	346916.0 0.42687854 0.5731214	346896.0 0.4272491 0.5727509	1.0000000000000000
70041162_1200	376.0	19	46	208747.0 0.48838547 0.51161456	208772.0 0.484701 0.51529896	1.0000000000000000
