ID	BITRATE	START_IDX	CAPTURE_START_IDX	KEY	CAPTURE_KEY	CORRELATION
80033394_800	433.0	8	0	397526.66 0.49881688 0.49996898 0.5012142	397528.66 0.49881938 0.49996898 0.50121164	0.9999999988899868
80033394_20000	1352.0	7	4	2489892.0 0.51766104 0.52840286 0.45393616	2489892.8 0.51766044 0.52840346 0.453936	0.9999999998956243
80033394_20000	1352.0	8	5	1763354.0 0.7461156 0.64096713 0.1129172	1763354.6 0.7461165 0.64096695 0.112916596	0.9999999999990860
80033394_20000	1352.0	9	6	1702898.6 0.6637224 0.116925925 0.7193517	1702898.6 0.6637224 0.11692534 0.71935225	0.9999999999997178
80033394_7050	1219.0	16	12	1635945.4 0.7615963 0.42613465 0.31226897	1635944.0 0.76159817 0.42613378 0.31226802	0.9999999999989154
80033394_20000	1352.0	17	13	1145248.6 0.6087167 0.44606385 0.4452195	1145249.4 0.6087155 0.44606268 0.4452218	0.9999999998288737
80033394_5500	1212.0	21	17	845131.3 0.4625364 0.23490077 0.80256283	845132.0 0.46253958 0.23489822 0.8025622	0.9999999999502625
80033394_10000	1280.0	32	28	1419774.6 0.30393556 0.6313636 0.5647009	1419775.4 0.3039361 0.6313633 0.5647006	0.9999999999998974
80033394_7050	1219.0	33	29	1440335.4 0.6223509 0.5566398 0.32100928	1440336.6 0.62235034 0.5566393 0.32101038	0.9999999999994498
80033394_5500	1212.0	33	30	975240.7 0.82210064 0.4741004 0.20379892	975242.0 0.8221016 0.4741008 0.20379762	0.9999999999991399
80033394_20000	1352.0	37	33	965794.0 0.20630383 0.490411 0.8032852	965794.0 0.20630279 0.49041307 0.8032841	0.9999999999819785
80033394_7050	1219.0	37	34	1422102.0 0.33305487 0.5455368 0.6214083	1422102.6 0.33305472 0.54553515 0.62141013	0.9999999999391556
80033394_7050	1219.0	38	35	1838865.4 0.42189547 0.48057133 0.59753317	1838866.0 0.42189425 0.48057282 0.5975329	0.9999999998884154
80033394_20000	1352.0	51	48	1622560.6 0.12271221 0.66182244 0.7154654	1622559.4 0.12271107 0.6618229 0.71546596	0.9999999999999841
80033394_7050	1219.0	51	49	1875935.4 0.5724328 0.6188294 0.30873773	1875934.0 0.57243323 0.6188309 0.30873582	0.9999999999982324
80033394_7050	1219.0	52	50	1527421.4 0.76002866 0.37918285 0.36078846	1527420.0 0.7600306 0.37918058 0.3607888	0.9999999999815252
80033394_5500	1212.0	52	51	1101194.0 0.5259482 0.5004359 0.4736159	1101191.4 0.52594674 0.5004362 0.47361705	0.9999999999420259
80033394_5500	1212.0	56	55	2028498.6 0.3865307 0.5702089 0.5432604	2028502.6 0.38653094 0.5702088 0.54326034	1.0000000000000000
80033394_4800	1141.0	60	56	2158768.0 0.5358014 0.5104782 0.45372036	2158768.8 0.5358008 0.5104785 0.45372066	0.9999999999630864
80033394_20000	1352.0	61	59	791922.0 0.25163338 0.5563818 0.69198483	791920.7 0.25163504 0.5563802 0.6919847	0.9999999999869962
80033394_6500	1186.0	65	60	1076358.6 0.40935335 0.5091212 0.5815255	1076358.6 0.4093515 0.5091212 0.58152735	0.9999999999980714
80033394_4800	1141.0	64	61	1307214.6 0.41921043 0.478828 0.6019616	1307215.4 0.41920942 0.47882852 0.60196203	0.9999999999803983
80033394_7050	1219.0	70	68	1683911.4 0.5788553 0.40843064 0.512714	1683910.0 0.57885575 0.40843037 0.51271385	0.9999999999970679
80033394_4200	1163.0	65	69	1688718.0 0.4072681 0.51125467 0.58147717	1688716.0 0.40726802 0.5112547 0.5814773	1.0000000000000000
