ID	BITRATE	START_IDX	CAPTURE_START_IDX	KEY	CAPTURE_KEY	CORRELATION
80033394_10000	1280.0	9	9	1209509.4 0.6097489 0.72562814 0.16462295	1209506.6 0.6097486 0.72562975 0.16462167	0.9999999999970660
80033394_10000	1280.0	10	10	1241280.6 0.7070553 0.16040933 0.63253546	1241280.0 0.7070556 0.16040781 0.6325366	0.9999999999983052
80033394_7050	1219.0	13	13	816387.3 0.6891692 0.56748676 0.24334405	816389.3 0.68916875 0.5674854 0.24334592	0.9999999999928606
80033394_5500	1212.0	13	14	726393.3 0.6377936 0.27349234 0.5887141	726396.0 0.6377912 0.27349406 0.5887147	0.9999999999794505
80033394_5500	1212.0	14	15	661860.0 0.30015865 0.6461155 0.55372584	661862.0 0.30016077 0.64611655 0.5537227	0.9999999999004813
80033394_4800	1141.0	26	22	872402.7 0.7774747 0.22755776 0.49496752	872400.0 0.7774771 0.22755732 0.4949656	0.9999999999821039
80033394_7050	1219.0	24	24	1486368.0 0.29051486 0.3348962 0.8745889	1486367.4 0.2905123 0.33489835 0.8745893	0.9999999999741945
80033394_7050	1219.0	25	25	1715482.0 0.29016858 0.7577818 0.45204964	1715484.6 0.2901699 0.7577806 0.45204952	0.9999999999990998
80033394_6500	1186.0	29	26	1516714.0 0.85709107 0.51129085 0.1316181	1516714.6 0.85709006 0.511292 0.13161804	0.9999999999964991
80033394_6500	1186.0	30	27	1028238.7 0.7541848 0.1941446 0.55167055	1028240.0 0.7541858 0.19414437 0.55166984	0.9999999999968838
80033394_6500	1186.0	31	28	798931.3 0.24986754 0.7100097 0.5401228	798930.0 0.24986795 0.7100109 0.54012114	0.9999999999811384
80033394_7050	1219.0	28	29	961192.0 0.59015054 0.44894153 0.4609079	961192.0 0.5901516 0.44894153 0.46090686	0.9999999999718515
80033394_7050	1219.0	29	30	908051.3 0.47521433 0.487881 0.5369047	908050.7 0.47521466 0.48788026 0.53690505	0.9999999998293549
80033394_15000	1351.0	29	31	752567.3 0.5886769 0.64783174 0.2634914	752568.0 0.5886777 0.64783114 0.26349115	0.9999999999940750
80033394_15000	1351.0	30	32	1054818.0 0.4622001 0.18798977 0.8498101	1054817.4 0.46220037 0.18798989 0.84980965	0.9999999999997696
80033394_15000	1351.0	31	33	1264292.6 0.15684265 0.7090091 0.6341483	1264292.0 0.15684272 0.7090087 0.6341486	0.9999999999992620
80033394_7050	1219.0	33	34	1440335.4 0.6223509 0.5566398 0.32100928	1440338.0 0.62234974 0.5566395 0.32101077	0.9999999999996541
80033394_5500	1212.0	33	35	975240.7 0.82210064 0.4741004 0.20379892	975244.0 0.82210094 0.47410083 0.20379823	0.9999999999991399
80033394_5500	1212.0	34	36	756502.0 0.6111841 0.26272634 0.6260896	756501.3 0.6111873 0.26272658 0.6260862	0.9999999998720959
80033394_5500	1212.0	35	37	965464.7 0.20586252 0.49058035 0.8035571	965463.3 0.20586282 0.49057794 0.8035593	0.9999999999758409
80033394_7050	1219.0	37	38	1422102.0 0.33305487 0.5455368 0.6214083	1422100.6 0.33305308 0.5455359 0.621411	0.9999999999598306
80033394_7050	1219.0	38	39	1838865.4 0.42189547 0.48057133 0.59753317	1838867.4 0.42189392 0.48057246 0.5975336	0.9999999999201834
80033394_10000	1280.0	44	45	1834014.6 0.58367527 0.41128024 0.5050445	1834015.4 0.583675 0.41127953 0.5050454	0.9999999999599763
80033394_10000	1280.0	45	46	1750082.0 0.43100494 0.52926606 0.539729	1750084.6 0.43100372 0.5292664 0.5397299	0.9999999999952998
80033394_7050	1219.0	46	47	1890154.6 0.49004564 0.49973267 0.5102218	1890153.4 0.49004543 0.4997335 0.510221	0.9999999971832257
80033394_7050	1219.0	74	73	1676284.0 0.58579034 0.58218473 0.33202487	1676301.4 0.58578366 0.5821799 0.33203635	0.9999999999852471
