ID	BITRATE	START_IDX	CAPTURE_START_IDX	KEY	CAPTURE_KEY	CORRELATION
80081770_15000	1551.0	67	0	541357.0 0.63818514 0.36181486	541358.0 0.6328603 0.36713967	1.0000000000000000
80217312_2000	614.0	50	1	491850.0 0.3986012 0.6013988	491875.0 0.4040742 0.5959258	1.0000000000000000
70296965_2000	607.0	20	3	603589.0 0.51641434 0.4835857	603586.0 0.50725 0.49275	1.0000000000000000
80038359_7050	1056.0	1	5	514591.0 0.61279154 0.3872085	514587.0 0.6128546 0.38714543	1.0000000000000000
80038359_7050	1056.0	8	10	688816.0 0.51456845 0.48543152	688818.0 0.5145699 0.48543012	1.0000000000000000
70041162_1200	376.0	55	13	585328.0 0.667067 0.33293298	585314.0 0.6598817 0.3401183	1.0000000000000000
80038359_7050	1056.0	17	17	1279243.0 0.40986973 0.59013027	1279243.0 0.40987054 0.5901295	1.0000000000000000
80038359_7050	1056.0	18	18	1129626.0 0.668292 0.331708	1129626.0 0.6682911 0.3317089	1.0000000000000000
80122759_2000	630.0	33	20	546789.0 0.6432719 0.3567281	546792.0 0.6361871 0.36381292	1.0000000000000000
328438_5500	1088.0	31	21	947865.0 0.20730484 0.79269516	947882.0 0.2098679 0.7901321	1.0000000000000000
80038359_7050	1056.0	22	22	1404638.0 0.5331979 0.46680212	1404640.0 0.53319854 0.46680146	1.0000000000000000
80038359_7050	1056.0	23	23	854482.0 0.76735145 0.23264855	854481.0 0.76735234 0.23264766	1.0000000000000000
80038359_7050	1056.0	24	24	940620.0 0.21134359 0.7886564	940618.0 0.21134298 0.788657	1.0000000000000000
80038359_7050	1056.0	25	25	1335715.0 0.5553775 0.44462255	1335713.0 0.55537754 0.44462246	1.0000000000000000
80038359_7050	1056.0	26	26	976822.0 0.6079808 0.3920192	976822.0 0.6079798 0.39202026	1.0000000000000000
80038359_7050	1056.0	27	27	704028.0 0.5439173 0.4560827	704028.0 0.5439187 0.4560813	0.9999999999999999
80038359_7050	1056.0	28	28	739182.0 0.43439233 0.56560767	739183.0 0.4343904 0.5656096	1.0000000000000000
80038359_20000	1119.0	33	33	1153863.0 0.514763 0.48523697	1153862.0 0.5147626 0.4852374	1.0000000000000000
80038359_7050	1056.0	38	37	1454482.0 0.57577956 0.42422044	1454482.0 0.5757803 0.42421976	1.0000000000000000
80038359_10000	1155.0	38	42	1783381.0 0.42081362 0.5791864	1783379.0 0.4208124 0.5791876	1.0000000000000000
80991158_7050	1433.0	44	43	1231684.0 0.838651 0.16134901	1231705.0 0.8386026 0.16139741	1.0000000000000000
80121387_4200	1386.0	14	44	1129605.0 0.17593406 0.8240659	1129605.0 0.17598541 0.8240146	1.0000000000000000
80038359_5500	985.0	44	45	1839612.0 0.50598115 0.49401885	1839614.0 0.5059817 0.49401832	1.0000000000000000
80038359_7050	1056.0	48	47	1124617.0 0.17654544 0.82345456	1124615.0 0.17654486 0.82345515	1.0000000000000000
80121840_4200	1112.0	18	51	851852.0 0.23384696 0.76615304	851868.0 0.23426047 0.7657395	0.9999999999999999
80038359_5500	985.0	51	52	1381116.0 0.472305 0.527695	1381117.0 0.4723054 0.5276946	1.0000000000000000
80038359_7050	1056.0	54	53	1456963.0 0.5002241 0.49977592	1456962.0 0.5002244 0.49977556	1.0000000000000000
80038359_7050	1056.0	55	54	1291809.0 0.5636708 0.43632922	1291809.0 0.56367004 0.43633	1.0000000000000000
80038359_7050	1056.0	56	55	1003980.0 0.56141955 0.43858045	1003978.0 0.5614217 0.43857834	1.0000000000000000
80038359_3500	893.0	53	56	1157361.0 0.38045606 0.61954397	1157359.0 0.380455 0.61954504	1.0000000000000000
80038359_5500	985.0	58	57	915585.0 0.78314304 0.21685699	915587.0 0.7831435 0.21685651	1.0000000000000000
80200961_7050	1539.0	44	58	907605.0 0.21918567 0.78081435	907596.0 0.21876584 0.78123415	1.0000000000000000
80038359_7050	1056.0	60	60	1206581.0 0.58089095 0.41910905	1206582.0 0.5808913 0.4191087	1.0000000000000000
80038359_15000	1157.0	57	61	705100.0 0.71718764 0.28281236	705102.0 0.7171856 0.2828144	1.0000000000000000
80038359_15000	1157.0	58	62	708401.0 0.28149453 0.7185055	708401.0 0.28149733 0.71850264	1.0000000000000000
80038359_4800	957.0	61	63	820817.0 0.6200968 0.3799032	820821.0 0.6200962 0.3799038	1.0000000000000000
80134721_10000	2933.0	49	64	934645.0 0.32425037 0.6757496	934638.0 0.3336404 0.6663596	1.0000000000000000
80038359_10000	1155.0	59	65	1463928.0 0.42543486 0.5745652	1463928.0 0.42543417 0.5745658	1.0000000000000000
80038359_6500	1063.0	66	67	1074310.0 0.6012678 0.39873222	1074309.0 0.6012674 0.39873257	1.0000000000000000
70039177_7050	739.0	46	74	1062185.0 0.42699435 0.5730056	1062196.0 0.4312801 0.5687199	1.0000000000000000
80038359_6500	1063.0	75	75	1334887.0 0.45254242 0.5474576	1334887.0 0.45254168 0.54745835	1.0000000000000000
