ID	BITRATE	START_IDX	CAPTURE_START_IDX	KEY	CAPTURE_KEY	CORRELATION
80038359_20000	1119.0	8	4	1260272.8 1.724633 1.5488544 1.803439	1260277.6 1.7292007 1.5488738 1.7988623	0.9999563043452332
80038359_10000	1155.0	4	5	1282718.0 1.5217546 1.7673908 1.701508	1282722.5 1.5217719 1.7673862 1.7015013	0.9999999993704365
80038359_15000	1157.0	6	7	1277351.6 1.7086564 1.415575 1.7093954	1277355.6 1.7086502 1.4155722 1.7094128	0.9999999995436460
80038359_15000	1157.0	7	8	1367502.4 1.3222551 1.5967058 1.6795846	1367506.4 1.3222528 1.5967224 1.6795805	0.9999999994828446
80038359_15000	1157.0	8	9	1174517.8 1.85906 1.9555566 2.01513	1174522.0 1.859078 1.9555504 2.015121	0.9999999994377161
80038359_7050	1056.0	14	10	1225817.6 1.8737167 1.9307978 1.062123	1225825.1 1.8737069 1.9307843 1.0621148	0.9999999994519617
80038359_7050	1056.0	15	11	1319518.8 1.7936888 0.9866999 1.5400296	1319522.9 1.7936816 0.9866953 1.5400468	0.9999999993837076
80038359_15000	1157.0	11	12	1127686.6 1.1545451 1.8020077 2.0368505	1127690.1 1.1545433 1.802026 2.036845	0.9999999992599061
80038359_15000	1157.0	12	13	1031985.2 1.9691174 2.2257383 1.91207	1031988.8 1.9691367 2.2257316 1.9120605	0.9999999992464133
80038359_15000	1157.0	13	14	1190862.4 1.9287946 1.656974 1.3819876	1190861.6 1.9287968 1.6569725 1.3819901	0.9999999999925442
80038359_15000	1157.0	14	15	1172920.6 1.6823201 1.4031273 1.7852052	1172920.2 1.6823181 1.4031295 1.7852024	0.9999999999913629
80038359_15000	1157.0	15	16	1209690.1 1.3604782 1.7309425 1.7657192	1209689.6 1.3604804 1.7309399 1.7657216	0.9999999999908062
80038359_15000	1157.0	16	17	1189451.2 1.7603949 1.7957634 1.5110741	1189451.1 1.7603918 1.7957653 1.5110718	0.9999999999908797
80038359_15000	1157.0	17	18	1278294.8 1.670955 1.4060521 1.6911632	1278294.1 1.6709573 1.4060504 1.6911671	0.9999999999890328
80038359_15000	1157.0	18	19	1204442.5 1.4922663 1.7948594 1.9096977	1204442.4 1.492264 1.794863 1.9096946	0.9999999999884668
