ID	BITRATE	START_IDX	CAPTURE_START_IDX	KEY	CAPTURE_KEY	CORRELATION
80038359_20000	1119.0	8	4	1068121.6 0.5281393 0.47776207 0.53353566 0.18601066 0.7745522	1068121.2 0.533534 0.47776225 0.5281404 0.18601072 0.7745525	0.9998349813210201
80038359_10000	1155.0	4	5	1067964.4 0.47783336 0.528218 0.18603711 0.77466536 0.5332463	1067964.8 0.47783226 0.5282178 0.18603797 0.774666 0.53324604	0.9999999999930459
80038359_10000	1155.0	5	6	943470.4 0.5979181 0.21058531 0.876885 0.60360986 0.21100186	943471.6 0.5979173 0.21058609 0.8768849 0.603609 0.21100263	0.9999999999981652
80038359_20000	1119.0	11	7	1099215.2 0.18074895 0.7526424 0.51808506 0.18110648 0.867417	1099215.6 0.18074888 0.75264215 0.5180858 0.18110642 0.8674167	0.9999999999991788
80038359_20000	1119.0	12	8	1253001.6 0.6602673 0.4544982 0.15887849 0.7609551 0.46540084	1253002.8 0.6602667 0.4544986 0.15887834 0.76095444 0.465402	0.9999999999953170
80038359_20000	1119.0	13	9	1131803.6 0.5031677 0.17589182 0.8424412 0.5152378 0.46326146	1131817.6 0.5031623 0.17588964 0.8424308 0.51523316 0.46328402	0.9999999986434142
80038359_7050	1056.0	14	10	1205979.2 0.16507415 0.79062635 0.48354894 0.4347695 0.6259809	1205990.8 0.16507174 0.790618 0.48354435 0.43479022 0.6259758	0.9999999988593482
80038359_7050	1056.0	15	11	1276231.2 0.7471052 0.4569313 0.410837 0.5915229 0.29360354	1276243.2 0.7470974 0.456927 0.41085663 0.5915181 0.29360077	0.9999999983465264
80038359_7050	1056.0	16	12	974411.6 0.5984637 0.5380919 0.77474445 0.3845459 0.20415397	974423.2 0.5984566 0.5381163 0.7747363 0.38454133 0.2041495	0.9999999979910102
80038359_7050	1056.0	17	13	880296.4 0.595621 0.8575748 0.4256589 0.22598071 0.39516464	880308.0 0.5956472 0.8575646 0.4256533 0.22597545 0.39515942	0.9999999980963761
80038359_7050	1056.0	18	14	970147.2 0.77814996 0.38623625 0.20505136 0.35856622 0.77199626	970147.6 0.7781506 0.38623607 0.2050492 0.35856605 0.771998	0.9999999999971597
80038359_7050	1056.0	19	15	930454.4 0.4027129 0.21379878 0.3738625 0.8049293 0.70469654	930454.4 0.4027129 0.21379662 0.3738625 0.80493146 0.70469654	0.9999999999946860
80038359_7050	1056.0	20	16	860089.6 0.23128985 0.40444854 0.87078136 0.7623485 0.23113173	860090.0 0.23128742 0.40444836 0.87078327 0.7623481 0.23113279	0.9999999999887983
80038359_7050	1056.0	21	17	1077248.0 0.32291728 0.69524384 0.6086695 0.18453875 0.68863064	1077248.8 0.32291707 0.6952452 0.6086691 0.18453956 0.68862927	0.9999999999897645
80038359_7050	1056.0	22	18	1175658.8 0.6370471 0.55771965 0.16909158 0.6309875 0.50515425	1175659.6 0.6370483 0.55771923 0.16909231 0.6309862 0.50515383	0.9999999999879342
80038359_7050	1056.0	23	19	1029252.0 0.63705295 0.19314414 0.7207428 0.5770103 0.3720498	1029251.6 0.63705313 0.19314519 0.7207421 0.5770105 0.37204897	0.9999999999950439
80038359_7050	1056.0	24	20	895414.8 0.22201331 0.8284719 0.66325575 0.4276599 0.35859916	895414.0 0.22201462 0.82847154 0.66325635 0.42765915 0.35859838	0.9999999999932931
80038359_7050	1056.0	25	21	983132.0 0.7545538 0.6040786 0.38950315 0.32660416 0.4252603	983130.8 0.75455374 0.6040793 0.38950258 0.32660353 0.4252608	0.9999999999950024
80038359_15000	1157.0	21	22	766069.2 0.77524066 0.49986738 0.4191449 0.5457588 0.25998828	766068.0 0.77524316 0.49986684 0.41914555 0.54575706 0.25998735	0.9999999999763912
80038359_15000	1157.0	22	23	752474.0 0.5088987 0.42671773 0.5556192 0.26468557 0.7440789	752472.0 0.5088987 0.42671886 0.555618 0.26468495 0.74407953	0.9999999999866604
80038359_15000	1157.0	23	24	970077.2 0.3309984 0.4309853 0.20531254 0.57717055 0.95553327	970076.0 0.3309988 0.43098375 0.20531175 0.57717025 0.9555355	0.9999999999948589
80038359_15000	1157.0	24	25	1076090.4 0.3885259 0.18508576 0.52030945 0.86139697 0.54468197	1076088.8 0.38852465 0.1850851 0.5203093 0.86139923 0.54468185	0.9999999999965493
80038359_15000	1157.0	25	26	1146440.8 0.17372812 0.48838112 0.8085381 0.511258 0.5180948	1146440.4 0.1737273 0.4883804 0.8085392 0.5112573 0.51809585	0.9999999999949403
80038359_15000	1157.0	26	27	1146304.4 0.4884392 0.8086343 0.5113188 0.51815647 0.17345132	1146304.0 0.4884385 0.8086354 0.5113181 0.5181575 0.1734505	0.9999999999949442
80038359_15000	1157.0	27	28	1208334.8 0.7671227 0.48507005 0.49155667 0.16454712 0.5917036	1208335.6 0.767123 0.4850689 0.49155715 0.16454618 0.5917048	0.9999999999929958
80038359_4800	957.0	30	29	1059178.8 0.55337965 0.56077975 0.18768692 0.6750315 0.52312225	1059190.4 0.5533717 0.5607736 0.18771602 0.67502314 0.5231156	0.9999999996892122
80038359_15000	1157.0	37	39	1492840.8 0.5027127 0.56343853 0.13316625 0.691909 0.6087736	1492840.4 0.50271213 0.56343734 0.13316628 0.69190985 0.6087744	0.9999999999920400
80038359_15000	1157.0	38	40	1564976.4 0.53746754 0.12702812 0.66001636 0.5807129 0.59477514	1564976.8 0.5374661 0.12702808 0.66001683 0.5807134 0.5947756	0.9999999999927763
80038359_15000	1157.0	39	41	1307945.2 0.15199107 0.7897196 0.69483185 0.71165746 0.15179993	1307946.4 0.15199094 0.7897197 0.694832 0.71165764 0.1517998	0.9999999999999892
80038359_15000	1157.0	40	42	1598854.4 0.6460313 0.56840825 0.58217245 0.12418017 0.57920784	1598856.0 0.64603126 0.5684083 0.5821725 0.12418004 0.5792079	0.9999999999999821
80038359_15000	1157.0	41	43	1583698.8 0.5738478 0.5877437 0.12536854 0.5847507 0.62828934	1583700.4 0.57384783 0.58774376 0.12536842 0.5847508 0.6282893	0.9999999999999913
80038359_15000	1157.0	42	44	1549768.0 0.6006118 0.12811337 0.5975533 0.64204514 0.53167635	1549768.8 0.60061216 0.12811331 0.5975537 0.64204544 0.53167546	0.9999999999968986
80038359_15000	1157.0	43	45	1257268.4 0.15791856 0.73657227 0.791415 0.6553692 0.15872507	1257269.2 0.15791844 0.73657256 0.7914152 0.655368 0.15872575	0.9999999999974621
80038359_15000	1157.0	50	52	1059089.6 0.6875301 0.5322071 0.67703146 0.415758 0.18747327	1059089.2 0.68752843 0.53220725 0.6770317 0.41575816 0.18747428	0.9999999999946804
80038359_15000	1157.0	51	53	1048183.6 0.5377445 0.6840758 0.42008385 0.18942387 0.66867197	1048184.0 0.53774434 0.68407553 0.4200837 0.18942475 0.6686717	0.9999999999993963
