ID	BITRATE	START_IDX	CAPTURE_START_IDX	KEY	CAPTURE_KEY	CORRELATION
80052541_15000	2478.0	11	9	647400.0 0.7185836 0.5624992 0.2189172	647400.0 0.71858513 0.5624977 0.2189172	0.9999999999834457
80052541_15000	2478.0	12	10	638262.7 0.57055193 0.2220512 0.7073968	638264.0 0.5705492 0.22205076 0.7074001	0.9999999999388810
80052541_15000	2478.0	13	11	1168067.4 0.12133461 0.3865402 0.99212515	1168068.6 0.12133448 0.38654235 0.9921232	0.9999999999936288
80052541_15000	2478.0	14	12	1204230.6 0.37493235 0.9623315 0.16273627	1204231.4 0.37493458 0.96233004 0.16273534	0.9999999999900150
80052541_15000	2478.0	15	13	1034126.7 1.1206257 0.18950483 0.18986939	1034124.7 1.1206269 0.18950422 0.1898688	1.0000000000000000
80052541_15000	2478.0	26	24	1440628.0 0.11008463 0.29599938 1.0939159	1440628.6 0.110083885 0.29600063 1.0939155	0.9999999999979428
80052541_7050	1507.0	67	65	4844366.0 0.8259215 0.30055326 0.37352523	4844366.5 0.8259214 0.30055386 0.37352479	0.9999999999984309
80052541_20000	2546.0	78	75	1307871.4 0.55517924 0.501375 0.44344574	1307870.0 0.55518055 0.501374 0.44344544	0.9999999998705943
80052541_20000	2546.0	79	76	2038008.6 0.3217523 0.2845768 0.8936709	2038006.6 0.32175165 0.2845766 0.89367175	0.9999999999996917
80052541_20000	2546.0	80	77	2944968.8 0.19693588 0.61844766 0.68461645	2944966.0 0.19693571 0.6184482 0.684616	0.9999999999982629
80052541_20000	2546.0	81	78	3756204.0 0.4848802 0.53675836 0.4783614	3756201.2 0.48488057 0.536758 0.4783615	0.9999999999856282
80052541_10000	2244.0	79	79	2939762.8 0.6858288 0.6112129 0.20295821	2939761.2 0.68582815 0.61121356 0.20295832	0.9999999999969205
80052541_15000	2478.0	86	88	1271306.6 0.2903257 0.6601743 0.5495	1271305.4 0.29032522 0.6601734 0.54950136	0.9999999999801906
80052541_15000	2478.0	100	101	1880080.6 0.5507349 0.285083 0.6641821	1880082.6 0.5507348 0.28508216 0.664183	0.9999999999992379
80052541_15000	2478.0	101	102	1617537.4 0.33135495 0.7719859 0.39665914	1617537.4 0.33135432 0.77198774 0.3966579	0.9999999999975469
80052541_15000	2478.0	102	103	1589640.0 0.78553385 0.4036203 0.31084585	1589641.4 0.78553504 0.40361872 0.3108462	0.9999999999893381
80052541_15000	2478.0	103	104	1723254.0 0.37232527 0.28674415 0.8409306	1723254.0 0.3723241 0.2867447 0.8409312	0.9999999999951045
80052541_20000	2546.0	112	108	2778608.8 0.51985943 0.6377361 0.34240445	2778609.2 0.5198601 0.63773525 0.34240475	0.9999999999924307
80052541_20000	2546.0	113	109	2178638.0 0.8133609 0.43669853 0.24994056	2178636.8 0.81336045 0.43669924 0.24994025	0.9999999999977672
80052541_15000	2478.0	111	112	1290806.0 0.4578341 0.8903329 0.15183304	1290806.6 0.4578331 0.89033395 0.15183297	0.9999999999975938
80052541_10000	2244.0	111	115	5493116.0 1.0578465 0.24733193 0.19482148	5493135.5 1.057848 0.24733087 0.19482115	0.9999999999996060
