ID	BITRATE	START_IDX	CAPTURE_START_IDX	KEY	CAPTURE_KEY	CORRELATION
60020801_1200	377.0	6	8	365692.0 0.5316332 0.48859698 0.47976986	365669.34 0.5374774 0.49121973 0.47130284	0.9904968727170341
80052541_7050	1507.0	1	9	459214.0 0.3911575 0.37529778 0.7335447	459212.0 0.39115703 0.37529725 0.7335457	1.0000000000000000
70297757_7050	806.0	5	23	364626.66 0.53822726 0.54247814 0.41929463	364610.0 0.5374784 0.5385179 0.42400372	0.9997467925905495
80052541_15000	2478.0	19	29	1050304.6 0.23835276 0.66735303 0.59429425	1050306.0 0.2383534 0.66735125 0.5942954	0.9999999999822838
80052541_10000	2244.0	61	75	5127808.5 0.17668015 0.54304564 0.7802743	5127826.5 0.17667954 0.54304355 0.780277	0.9999999999781368
80052541_20000	2546.0	79	89	2038008.6 0.3217523 0.2845768 0.8936709	2038027.4 0.32174838 0.28458792 0.89366364	0.9999999997789155
80052541_20000	2546.0	81	91	3756204.0 0.4848802 0.53675836 0.4783614	3756222.0 0.48487842 0.5367625 0.4783591	0.9999999999939961
80052541_10000	2244.0	79	92	2939762.8 0.6858288 0.6112129 0.20295821	2939778.8 0.6858336 0.6112103 0.2029561	0.9999999999141418
80052541_20000	2546.0	89	99	960395.3 0.8229372 0.3843157 0.29274717	960392.7 0.8229384 0.3843147 0.29274693	0.9999999999980311
80052541_20000	2546.0	90	100	993020.0 0.37168938 0.28312925 0.84518135	993020.0 0.37168738 0.28312823 0.8451844	0.9999999999957463
80052541_20000	2546.0	91	101	1212680.0 0.23184435 0.6920886 0.57606703	1212681.4 0.23184326 0.6920903 0.57606643	0.9999999999927481
80052541_15000	2478.0	91	107	2897689.2 0.6159439 0.4869342 0.39712194	2897712.0 0.61594975 0.48693177 0.39711848	0.9999999998926163
80052541_20000	2546.0	99	108	3011415.2 0.46854448 0.3821243 0.6493312	3011419.2 0.46854585 0.3821238 0.6493304	0.9999999999658339
80052541_10000	2244.0	93	109	4356568.5 0.2641384 0.4488411 0.78702056	4356586.0 0.26413688 0.44883907 0.7870241	0.9999999999879804
80052541_10000	2244.0	112	127	1750261.4 0.77624005 0.6114384 0.11232151	1750262.6 0.7762384 0.61143965 0.112322	0.9999999999923990
