ID	BITRATE	START_IDX	CAPTURE_START_IDX	KEY	CAPTURE_KEY	CORRELATION
80052541_7050	1507.0	11	2	419241.0 0.4150954 0.5849046	419242.0 0.41509914 0.58490086	1.0000000000000000
80009431_1200	485.0	28	6	467041.0 0.41936362 0.5806364	467054.0 0.42115045 0.57884955	1.0000000000000000
60004481_800	436.0	30	7	554060.0 0.4937155 0.50628453	554046.0 0.48796308 0.5120369	1.0000000000000000
80052541_7050	1507.0	13	8	502962.0 0.56403863 0.43596137	502963.0 0.5640415 0.4359585	1.0000000000000000
80052541_7050	1507.0	14	9	415622.0 0.52757555 0.47242448	415620.0 0.5275757 0.47242433	0.9999999999999999
80052541_7050	1507.0	15	10	1072079.0 0.18314882 0.8168512	1072081.0 0.18314753 0.81685245	1.0000000000000000
70308278_600	337.0	15	13	477506.0 0.5658044 0.43419558	477514.0 0.57290465 0.42709532	1.0000000000000000
80052541_7050	1507.0	20	16	576414.0 0.30512792 0.6948721	576410.0 0.30512482 0.6948752	1.0000000000000000
80052541_7050	1507.0	21	17	890468.0 0.44980168 0.5501983	890467.0 0.44980106 0.5501989	1.0000000000000000
80096067_1200	375.0	23	19	364614.0 0.45336163 0.54663837	364626.0 0.46115473 0.5388453	1.0000000000000000
80052541_7050	1507.0	24	21	604443.0 0.7125056 0.28749445	604443.0 0.7125105 0.28748947	1.0000000000000000
80052541_5500	1394.0	18	24	1373618.0 0.6046492 0.3953508	1373617.0 0.6046489 0.3953511	1.0000000000000000
80052541_7050	1507.0	30	25	748886.0 0.72515976 0.27484024	748886.0 0.72515845 0.27484158	1.0000000000000000
80183328_5500	1400.0	30	26	401920.0 0.51051205 0.48948795	401941.0 0.5120776 0.48792237	1.0000000000000000
80052541_7050	1507.0	32	28	1108250.0 0.38918474 0.6108152	1108246.0 0.38918525 0.61081475	1.0000000000000000
80052541_7050	1507.0	33	29	1125682.0 0.6013563 0.39864367	1125679.0 0.60135525 0.39864472	1.0000000000000000
80052541_7050	1507.0	34	30	1688166.0 0.26581866 0.73418134	1688165.0 0.2658188 0.7341812	1.0000000000000000
80052541_7050	1507.0	36	33	1838998.0 0.54182714 0.4581729	1838998.0 0.5418277 0.45817232	1.0000000000000000
80052541_7050	1507.0	37	34	1091714.0 0.7717946 0.22820537	1091712.0 0.77179515 0.22820488	1.0000000000000000
80183328_4200	1096.0	43	38	584591.0 0.34354788 0.6564521	584573.0 0.34496462 0.6550354	1.0000000000000000
80052541_7050	1507.0	65	60	1339360.0 0.24483784 0.7551622	1339360.0 0.24483858 0.7551614	0.9999999999999999
80052541_15000	2478.0	71	69	1910113.0 0.79734343 0.2026566	1910112.0 0.7973433 0.2026567	1.0000000000000000
80052541_15000	2478.0	72	70	1113201.0 0.34773326 0.65226674	1113200.0 0.34773356 0.65226644	1.0000000000000000
80052541_20000	2546.0	78	71	1381837.0 0.5254621 0.47453788	1381837.0 0.5254621 0.47453788	1.0000000000000000
80052541_20000	2546.0	79	72	1235704.0 0.5306562 0.46934378	1235702.0 0.53065705 0.46934295	1.0000000000000000
80052541_20000	2546.0	80	73	2401279.0 0.24152546 0.7584745	2401279.0 0.24152462 0.75847536	1.0000000000000000
80052541_20000	2546.0	81	74	3837483.0 0.4746103 0.5253897	3837482.0 0.47461095 0.525389	1.0000000000000000
80052541_20000	2546.0	82	75	3812997.0 0.5287636 0.4712364	3812993.0 0.52876335 0.47123665	1.0000000000000000
80052541_20000	2546.0	83	76	2094371.0 0.85792965 0.14207034	2094368.0 0.8579304 0.1420696	1.0000000000000000
70084788_5500	930.0	42	77	493710.0 0.5963602 0.4036398	493720.0 0.60266143 0.39733857	1.0000000000000000
80168188_6500	2231.0	5	78	792847.0 0.24819794 0.751802	792824.0 0.24743702 0.752563	1.0000000000000000
80052541_20000	2546.0	86	79	1073897.0 0.5555905 0.44440946	1073896.0 0.55559385 0.44440615	1.0000000000000000
80000643_6500	3521.0	2	80	673383.0 0.7086383 0.2913617	673400.0 0.708711 0.29128897	1.0000000000000000
80052541_7050	1507.0	88	83	650247.0 0.43237725 0.5676228	650248.0 0.4323781 0.5676219	1.0000000000000000
80052541_15000	2478.0	86	84	1208377.0 0.30544522 0.69455475	1208380.0 0.30544615 0.69455385	1.0000000000000000
80052541_20000	2546.0	98	88	1795936.0 0.21434729 0.7856527	1795942.0 0.21434712 0.7856529	1.0000000000000000
80052541_20000	2546.0	105	95	1601657.0 0.35352638 0.64647365	1601659.0 0.3535272 0.6464728	1.0000000000000000
80052541_15000	2478.0	100	96	1571405.0 0.65891737 0.34108266	1571407.0 0.6589184 0.3410816	1.0000000000000000
80052541_15000	2478.0	101	97	1784695.0 0.30031967 0.6996803	1784698.0 0.3003186 0.6996814	1.0000000000000000
80052541_20000	2546.0	108	98	1890329.0 0.6605829 0.3394171	1890328.0 0.6605838 0.33941624	1.0000000000000000
80052541_15000	2478.0	103	99	1135744.0 0.56492573 0.43507427	1135742.0 0.56492406 0.43507594	1.0000000000000000
80052541_15000	2478.0	104	100	1943270.0 0.25427914 0.74572086	1943271.0 0.25427952 0.7457205	1.0000000000000000
80052541_15000	2478.0	111	108	1740222.0 0.33959746 0.66040254	1740223.0 0.33959672 0.6604033	1.0000000000000000
