ID	BITRATE	START_IDX	CAPTURE_START_IDX	KEY	CAPTURE_KEY	CORRELATION
80052541_4800	1232.0	0	0	1704327.0 0.8849329 0.11506712	1704325.0 0.88493335 0.11506667	1.0000000000000000
80081155_2000	589.0	65	1	441305.0 0.44355038 0.5564496	441324.0 0.44436967 0.5556303	1.0000000000000000
80052541_4800	1232.0	2	2	463464.0 0.529094 0.47090605	463461.0 0.5290909 0.4709091	1.0000000000000000
80052541_4800	1232.0	3	3	364230.0 0.5992038 0.4007962	364228.0 0.5992071 0.4007929	1.0000000000000000
80052541_4800	1232.0	4	4	342085.0 0.4267419 0.5732581	342084.0 0.42673728 0.5732627	1.0000000000000000
80052541_5500	1394.0	6	6	392701.0 0.55816764 0.44183233	392702.0 0.55816877 0.4418312	1.0000000000000000
80052541_6500	1470.0	7	7	369859.0 0.46912202 0.530878	369858.0 0.4691206 0.53087944	1.0000000000000000
80097391_7050	511.0	7	8	413447.0 0.47451547 0.5254845	413451.0 0.47490513 0.52509487	1.0000000000000000
80052541_4200	1176.0	9	10	860831.0 0.8128843 0.1871157	860828.0 0.8128848 0.18711519	1.0000000000000000
81075239_20000	1783.0	2	16	626641.0 0.31690395 0.68309605	626645.0 0.31273368 0.6872663	1.0000000000000000
80052541_5500	1394.0	18	20	1373618.0 0.6046492 0.3953508	1373614.0 0.6046509 0.39534906	1.0000000000000000
70130445_6500	762.0	65	22	688765.0 0.23094669 0.7690533	688779.0 0.22182006 0.77817994	1.0000000000000000
80052541_6500	1470.0	28	27	933822.0 0.4960592 0.5039408	933819.0 0.4960608 0.5039392	1.0000000000000000
80052541_4800	1232.0	28	32	390961.0 0.56725097 0.43274903	390964.0 0.56725425 0.43274572	1.0000000000000000
70220028_1200	609.0	36	34	734297.0 0.26161078 0.73838925	734322.0 0.267749 0.732251	1.0000000000000000
80052541_6500	1470.0	36	35	1126449.0 0.47734696 0.52265304	1126453.0 0.47734615 0.5226539	1.0000000000000000
80052541_6500	1470.0	37	36	885677.0 0.6647367 0.3352633	885681.0 0.6647371 0.33526292	1.0000000000000000
80052541_6500	1470.0	38	37	474269.0 0.6260898 0.37391016	474269.0 0.62609196 0.37390804	1.0000000000000000
80052541_4800	1232.0	35	39	930264.0 0.53979945 0.46020055	930263.0 0.53980005 0.46019995	1.0000000000000000
80052541_5500	1394.0	40	41	1333774.0 0.16496198 0.835038	1333778.0 0.16496223 0.83503777	1.0000000000000000
80052541_6500	1470.0	52	49	1364473.0 0.29889196 0.70110804	1364476.0 0.2988913 0.7011087	1.0000000000000000
80052541_6500	1470.0	56	54	3030895.0 0.33370802 0.66629195	3030895.0 0.33370736 0.6662926	1.0000000000000000
80052541_6500	1470.0	57	55	3245407.0 0.622252 0.377748	3245409.0 0.6222522 0.37774777	1.0000000000000000
80052541_7050	1507.0	70	58	1239508.0 0.22782668 0.7721733	1239508.0 0.2278283 0.7721717	1.0000000000000000
80052541_7050	1507.0	71	59	1851463.0 0.51695067 0.48304936	1851459.0 0.51695067 0.4830493	1.0000000000000000
80052541_7050	1507.0	72	60	1809817.0 0.49416488 0.5058351	1809816.0 0.49416405 0.50583595	0.9999999999999999
80052541_7050	1507.0	76	63	1267642.0 0.8658588 0.13414119	1267637.0 0.86586064 0.13413934	1.0000000000000000
80052541_6500	1470.0	73	71	587683.0 0.3345443 0.6654557	587687.0 0.33454883 0.66545117	1.0000000000000000
80052541_6500	1470.0	74	72	868326.0 0.45038038 0.5496196	868325.0 0.4503809 0.5496191	1.0000000000000000
80052541_7050	1507.0	87	75	748092.0 0.6241746 0.37582543	748093.0 0.6241751 0.37582493	1.0000000000000000
80052541_6500	1470.0	80	77	979327.0 0.6827852 0.3172148	979332.0 0.6827848 0.3172152	1.0000000000000000
80052541_15000	2478.0	91	80	3195798.0 0.5584877 0.44151226	3195803.0 0.5584872 0.44151282	1.0000000000000000
80052541_20000	2546.0	99	81	2561717.0 0.55079544 0.44920456	2561723.0 0.55079645 0.44920352	1.0000000000000000
80052541_7050	1507.0	95	83	4903575.0 0.30077934 0.69922066	4903575.0 0.30077934 0.69922066	1.0000000000000000
80052541_7050	1507.0	100	89	1359184.0 0.6056619 0.39433807	1359186.0 0.6056625 0.3943375	1.0000000000000000
70213513_4800	766.0	65	90	896612.0 0.6061262 0.39387384	896589.0 0.59779674 0.40220323	1.0000000000000000
80052541_6500	1470.0	95	93	863956.0 0.77298844 0.22701156	863957.0 0.77298754 0.22701246	1.0000000000000000
80052541_6500	1470.0	96	94	1296030.0 0.15132983 0.8486702	1296032.0 0.15133037 0.84866965	1.0000000000000000
80052541_6500	1470.0	97	95	2084070.0 0.52776635 0.47223365	2084071.0 0.5277666 0.47223344	1.0000000000000000
80052541_7050	1507.0	107	96	1464411.0 0.6720586 0.32794142	1464408.0 0.6720586 0.3279414	1.0000000000000000
80052541_5500	1394.0	91	97	793688.0 0.60507655 0.39492345	793693.0 0.60507023 0.39492977	1.0000000000000000
80052541_7050	1507.0	110	98	662613.0 0.47305593 0.5269441	662611.0 0.47305733 0.5269427	1.0000000000000000
70243464_4800	1448.0	10	99	545158.0 0.64035195 0.35964802	545145.0 0.6404865 0.35951352	1.0000000000000000
80052541_7050	1507.0	114	102	1394186.0 0.5957742 0.40422583	1394184.0 0.5957736 0.40422642	1.0000000000000000
80052541_6500	1470.0	105	103	760160.0 0.7413781 0.25862187	760159.0 0.7413791 0.2586209	1.0000000000000000
