ID	BITRATE	START_IDX	CAPTURE_START_IDX	KEY	CAPTURE_KEY	CORRELATION
80075563_5500	1534.0	1	1	285416.0 0.4801623 0.51983774	285416.0 0.48016578 0.5198342	1.0000000000000000
80097391_4200	492.0	38	2	346839.0 0.43483865 0.56516135	346854.0 0.42775634 0.57224363	1.0000000000000000
81056132_15000	498.0	33	3	398021.0 0.49865207 0.5013479	398027.0 0.4986722 0.5013278	1.0000000000000000
80993095_2000	497.0	21	5	459500.0 0.56806964 0.43193036	459486.0 0.5671707 0.4328293	1.0000000000000000
80009431_5500	1623.0	8	7	374577.0 0.52335835 0.47664165	374590.0 0.5308951 0.4691049	1.0000000000000000
80200961_1200	377.0	44	9	320005.0 0.37852535 0.6214747	320025.0 0.37841105 0.62158895	1.0000000000000000
70041162_15000	1240.0	66	14	767184.0 0.74412656 0.25587344	767178.0 0.7406703 0.25932965	1.0000000000000000
80096067_4800	1064.0	2	26	315597.0 0.5669889 0.43301108	315612.0 0.566173 0.43382698	1.0000000000000000
81075239_4800	1507.0	6	34	402580.0 0.50456804 0.49543196	402571.0 0.5025623 0.49743772	1.0000000000000000
80192815_1200	497.0	24	35	318104.0 0.6248837 0.37511632	318126.0 0.6294801 0.37051985	1.0000000000000000
81080637_800	358.0	31	39	370336.0 0.33125323 0.66874677	370350.0 0.32272714 0.67727286	1.0000000000000000
