ID	BITRATE	START_IDX	CAPTURE_START_IDX	KEY	CAPTURE_KEY	CORRELATION
70041162_4800	1143.0	24	3	712136.0 0.27553025 0.7244698	712140.0 0.27904344 0.72095656	1.0000000000000000
80075563_10000	2187.0	7	4	698100.0 0.7354591 0.2645409	698097.0 0.7354594 0.2645406	1.0000000000000000
80075563_6500	2120.0	6	5	383556.0 0.4814812 0.5185188	383553.0 0.48148495 0.51851505	0.9999999999999999
80075563_7050	2125.0	9	6	387790.0 0.5128575 0.48714253	387786.0 0.51285505 0.48714498	1.0000000000000000
80075563_7050	2125.0	10	7	377974.0 0.49979365 0.50020635	377975.0 0.49978966 0.50021034	1.0000000000000000
80075563_7050	2125.0	11	8	403283.0 0.4688147 0.53118527	403286.0 0.46881616 0.53118384	1.0000000000000000
80135164_20000	2911.0	14	13	755174.0 0.7403605 0.2596395	755187.0 0.73666525 0.26333478	1.0000000000000000
80052541_5500	1394.0	2	14	370266.0 0.5300028 0.46999726	370266.0 0.53709227 0.46290776	1.0000000000000000
80091741_20000	5270.0	12	17	519263.0 0.62166953 0.37833044	519276.0 0.61691666 0.38308337	1.0000000000000000
70102778_15000	922.0	3	36	386688.0 0.4928392 0.5071608	386700.0 0.48429275 0.51570725	1.0000000000000000
70103763_4800	1305.0	12	37	662969.0 0.3005812 0.69941884	662981.0 0.30079895 0.69920105	1.0000000000000000
80991158_3500	905.0	33	49	857988.0 0.5550147 0.44498524	858013.0 0.5513774 0.44862258	1.0000000000000000
70243464_5500	1753.0	1	59	380986.0 0.48519105 0.51480895	381002.0 0.48228356 0.51771647	1.0000000000000000
