ID	BITRATE	START_IDX	CAPTURE_START_IDX	KEY	CAPTURE_KEY	CORRELATION
80081155_20000	4026.0	41	37	6265768.5 3.4870327	6265758.5 3.4870255	0.9999999999491812
80081155_20000	4026.0	42	38	6852685.0 2.2950616	6852673.0 2.2950654	0.9999999999490697
80081155_20000	4026.0	43	39	6375685.0 3.2596097	6375674.5 3.2596126	0.9999999999449181
80081155_20000	4026.0	44	40	7397510.5 2.2402751	7397503.0 2.2402728	0.9999999999435041
80081155_20000	4026.0	45	41	6987112.0 2.8124216	6987102.0 2.8124232	0.9999999999437789
80081155_20000	4026.0	46	42	7279438.5 2.6816657	7279431.5 2.6816638	0.9999999999439113
80081155_20000	4026.0	47	43	7521117.0 2.988188	7521103.5 2.988187	0.9999999999493370
80081155_20000	4026.0	48	44	7966359.5 2.7149801	7966346.5 2.7149765	0.9999999999557790
80081155_20000	4026.0	49	45	8057136.5 2.8210187	8057129.5 2.821022	0.9999999999467856
