ID	BITRATE	START_IDX	CAPTURE_START_IDX	KEY	CAPTURE_KEY	CORRELATION
80081770_7050	1523.0	11	11	741714.4 0.16166061 0.7835981 0.43517694 0.26442254 0.8551418	741714.4 0.16166061 0.78360355 0.4351783 0.26441714 0.8551405	0.9999999999360467
80081770_7050	1523.0	12	12	945990.8 0.61438864 0.3412052 0.20732337 0.67048323 0.6665995	945990.4 0.6143931 0.34120643 0.20731923 0.6704825 0.66659874	0.9999999999143697
80081770_7050	1523.0	13	13	920744.0 0.35056108 0.21300818 0.6888679 0.6848777 0.5626852	920742.0 0.35056293 0.21300429 0.68886834 0.68487805 0.5626864	0.9999999999609642
80081770_7050	1523.0	14	14	898621.2 0.21825214 0.7058269 0.7017384 0.5765377 0.29764488	898618.0 0.21824847 0.7058283 0.7017398 0.57653975 0.29764372	0.9999999999906468
80081770_7050	1523.0	15	15	898571.6 0.7058658 0.7017771 0.5765695 0.2976613 0.21812618	898570.4 0.7058657 0.701777 0.57657033 0.2976595 0.2181276	0.9999999999857651
80081770_7050	1523.0	16	16	953344.4 0.6614577 0.5434437 0.2805597 0.20559412 0.8089448	953343.6 0.6614572 0.54344416 0.2805578 0.20559533 0.8089455	0.9999999999889244
80081770_6500	1435.0	18	19	1435377.6 0.13655083 0.53727955 0.23081313 0.7293502 0.86600626	1435379.6 0.13655134 0.5372816 0.23081212 0.7293492 0.8660057	0.9999999999916229
80081770_6500	1435.0	27	28	2193853.5 0.70319325 0.4752455 0.08934917 0.13016047 1.1020517	2193853.2 0.7031938 0.4752451 0.08934827 0.13016094 1.1020519	0.9999999999990999
80081770_7050	1523.0	33	36	2294320.5 0.2678209 1.05855 0.085415706 0.42077732 0.66743594	2294317.5 0.2678204 1.0585514 0.08541582 0.420777 0.6674355	0.9999999999988088
80081770_7050	1523.0	34	37	2362542.0 1.027983 0.08294921 0.4086268 0.64816284 0.3322781	2362540.8 1.0279835 0.08294926 0.40862617 0.64816195 0.33227915	0.9999999999974583
80081770_20000	1562.0	37	39	1741714.0 0.55427873 0.8791977 0.4507175 0.33344567 0.28236037	1741714.8 0.554279 0.8791962 0.45071846 0.33344552 0.28236082	0.9999999999966501
80081770_20000	1562.0	38	40	1527427.2 1.0025426 0.5139499 0.38022563 0.32197344 0.28130832	1527426.8 1.0025417 0.5139513 0.38022575 0.3219742 0.2813071	0.9999999999930048
80081770_6500	1435.0	41	43	587442.8 0.8371692 0.7314363 0.3341006 0.32703778 0.2702561	587442.8 0.83717424 0.7314346 0.32703948 0.3340989 0.27025267	0.9998203064764217
80081770_10000	1497.0	38	44	657948.0 0.6530592 0.2919942 0.29829714 0.24129415 1.0153553	657946.4 0.65305626 0.29199493 0.29829785 0.24129322 1.0153579	0.9999999999823854
80081770_10000	1497.0	57	62	2384696.5 0.11819953 0.38809425 0.08217985 1.0838151 0.8277112	2384684.8 0.11819969 0.38809744 0.082180254 1.0838075 0.8277153	0.9999999999565955
