ID	BITRATE	START_IDX	CAPTURE_START_IDX	KEY	CAPTURE_KEY	CORRELATION
80081155_20000	4026.0	41	37	5341592.5 2.3706002 1.2976146 1.7197416	5341577.0 2.3705966 1.2976242 1.719742	0.9999999999491812
80081155_20000	4026.0	42	38	5627864.5 1.2316089 1.6322637 1.5629385	5627854.5 1.2316167 1.6322621 1.5629352	0.9999999999490697
80081155_20000	4026.0	43	39	5202885.5 1.7655894 1.6906015 2.2287798	5202879.0 1.7655867 1.690597 2.2287836	0.9999999999449181
80081155_20000	4026.0	44	40	5851367.0 1.5032395 1.9817739 1.3289976	5851357.0 1.5032363 1.9817783 1.3289999	0.9999999999435041
80081155_20000	4026.0	45	41	5950251.5 1.9488397 1.3069117 1.3536605	5950241.0 1.9488441 1.306914 1.3536588	0.9999999999437789
80081155_20000	4026.0	46	42	6205490.0 1.253157 1.2979829 1.8926091	6205485.0 1.253158 1.2979801 1.8926055	0.9999999999439113
80081155_20000	4026.0	47	43	5955174.5 1.3525414 1.9721617 2.4214056	5955164.5 1.3525397 1.9721596 2.4214056	0.9999999999493370
80081155_20000	4026.0	48	44	6043707.0 1.9432721 2.385935 1.6354102	6043697.0 1.94327 2.385935 1.6354079	0.9999999999557790
80081155_20000	4026.0	49	45	6739278.0 2.1396792 1.466617 1.2329866	6739274.5 2.1396766 1.4666134 1.232992	0.9999999999467856
