ID	BITRATE	START_IDX	CAPTURE_START_IDX	KEY	CAPTURE_KEY	CORRELATION
80081155_20000	4026.0	41	36	3944772.0 1.0178117 0.56014264 0.33659843 0.049721505 0.5357258	3944783.5 1.0178089 0.5601486 0.33659744 0.049720854 0.5357242	0.9999999999542064
80081155_20000	4026.0	42	37	3360393.2 0.6575525 0.39513353 0.05836817 0.6288895 0.76005626	3360404.0 0.65755934 0.39513224 0.058367386 0.6288875 0.7600536	0.9999999999060807
80081155_20000	4026.0	43	38	3842505.5 0.34555683 0.051044818 0.54998386 0.6646934 0.88872117	3842493.2 0.34555793 0.05104446 0.5499856 0.66469526 0.8887167	0.9999999999713926
80081155_20000	4026.0	44	39	4422948.5 0.044345982 0.47780704 0.57746273 0.7720904 0.62829375	4422924.0 0.044345777 0.4778097 0.5774657 0.77208835 0.6282905	0.9999999999518695
80081155_20000	4026.0	48	43	5756067.0 0.48277947 0.78202754 0.03414241 0.73792416 0.4631263	5756045.5 0.48277608 0.78202546 0.03414271 0.7379278 0.46312803	0.9999999999545123
80081155_20000	4026.0	49	44	5457713.0 0.82477826 0.036008857 0.7782639 0.4884438 0.3725051	5457691.5 0.8247762 0.03600918 0.77826786 0.4884457 0.37250108	0.9999999999533294
80081155_20000	4026.0	50	45	4445583.0 0.044207025 0.95545197 0.59964824 0.4573137 0.4433792	4445573.5 0.044207346 0.9554551 0.5996495 0.45730793 0.44338015	0.9999999999536272
80081155_20000	4026.0	51	46	4445332.0 0.9555059 0.5996821 0.45733953 0.44340423 0.04406825	4445323.0 0.95550895 0.5996833 0.45733368 0.44340512 0.044068787	0.9999999999525528
80081155_20000	4026.0	52	47	4008383.2 0.66505265 0.5071935 0.49173915 0.048872072 0.7871426	4008372.0 0.66505456 0.5071875 0.49174052 0.04887271 0.7871448	0.9999999999261853
80081155_20000	4026.0	53	48	4121405.2 0.49328467 0.4782541 0.047531847 0.7655566 0.71537274	4121382.5 0.4932801 0.47825676 0.047532592 0.7655608 0.71536964	0.9999999999136244
80081155_20000	4026.0	54	49	4530099.0 0.43510726 0.043243647 0.69649005 0.65083367 0.6743252	4530087.5 0.43510836 0.043244198 0.69649184 0.65082896 0.6743267	0.9999999999527045
80081155_20000	4026.0	55	50	3820173.2 0.051279873 0.825923 0.77178204 0.7996391 0.05137594	3820162.0 0.051280547 0.82592547 0.7717767 0.7996412 0.051376093	0.9999999999711313
80081155_20000	4026.0	63	60	5579708.0 0.657693 0.3265368 0.03524163 0.75424504 0.72628355	5579709.5 0.65769356 0.32653654 0.03524162 0.7542396 0.72628874	0.9999999999271456
80081155_15000	3781.0	71	70	4487902.0 0.834567 0.77212113 0.46595335 0.3834803 0.043878186	4487913.5 0.8345647 0.7721189 0.46595883 0.3834791 0.043878518	0.9999999999560051
80081155_10000	3068.0	66	72	4009860.8 0.52150315 0.4291972 0.049110185 0.66724664 0.8329429	4009860.8 0.5215101 0.4291972 0.049109686 0.66724634 0.83293664	0.9999999998860655
80081155_10000	3068.0	67	73	4396527.5 0.39145008 0.04479103 0.6085635 0.75968707 0.6955084	4396504.5 0.3914521 0.04479081 0.6085664 0.75968534 0.69550526	0.9999999999646090
80081155_10000	3068.0	68	74	4542997.0 0.043346938 0.58894295 0.7351942 0.67308474 0.4594313	4542975.0 0.043346707 0.58894557 0.73519224 0.6730814 0.45943397	0.9999999999556695
80081155_10000	3068.0	69	75	4542523.0 0.5890044 0.7352709 0.673155 0.45947924 0.04309037	4542502.5 0.58900684 0.7352687 0.67315143 0.45948175 0.043091226	0.9999999999605355
