ID	BITRATE	START_IDX	CAPTURE_START_IDX	KEY	CAPTURE_KEY	CORRELATION
80081155_15000	3781.0	4	0	538856.0 0.51026064 0.4897394	538858.0 0.5102606 0.48973942	1.0000000000000000
80081155_10000	3068.0	6	1	523924.0 0.5037009 0.4962991	523921.0 0.50370187 0.4962981	1.0000000000000000
81056132_5500	505.0	7	2	456528.0 0.5642545 0.43574545	456522.0 0.56956947 0.4304305	1.0000000000000000
80081155_3500	980.0	14	3	444163.0 0.44077063 0.5592294	444169.0 0.44240144 0.5575986	1.0000000000000000
80102952_2000	506.0	19	6	436469.0 0.45689842 0.54310155	436492.0 0.44919035 0.5508096	1.0000000000000000
80121840_4800	1208.0	1	7	439172.0 0.5472639 0.45273605	439154.0 0.5474708 0.4525292	1.0000000000000000
80091879_1200	357.0	6	8	480628.0 0.40895662 0.5910434	480630.0 0.41347814 0.58652186	1.0000000000000000
80135164_5500	1419.0	10	9	478358.0 0.5900079 0.4099921	478341.0 0.5893285 0.41067147	1.0000000000000000
80200961_1200	377.0	2	10	323775.0 0.61496717 0.3850328	323791.0 0.60669076 0.39330927	1.0000000000000000
80081155_4800	1387.0	9	11	440033.0 0.28940785 0.71059215	440034.0 0.28940946 0.71059054	1.0000000000000000
80081155_5500	1725.0	13	12	508458.0 0.6149633 0.3850367	508459.0 0.61496407 0.38503596	1.0000000000000000
70295915_4200	551.0	5	13	457562.0 0.43513447 0.5648655	457553.0 0.42787394 0.5721261	1.0000000000000000
80081155_5500	1725.0	15	14	510168.0 0.51312315 0.48687688	510168.0 0.5131212 0.48687884	1.0000000000000000
80081155_5500	1725.0	16	15	494906.0 0.50189126 0.49810874	494905.0 0.5018943 0.4981057	1.0000000000000000
80081155_5500	1725.0	17	16	509093.0 0.48422784 0.51577216	509093.0 0.4842239 0.5157761	1.0000000000000000
80081155_5500	1725.0	18	17	621485.0 0.42249772 0.57750225	621485.0 0.42250094 0.57749903	1.0000000000000000
70123920_7050	1329.0	54	20	900313.0 0.7815926 0.21840738	900319.0 0.7818573 0.21814267	1.0000000000000000
80081155_4800	1387.0	24	28	2203970.0 0.53474957 0.46525043	2203969.0 0.5347498 0.4652502	1.0000000000000000
80081155_5500	1725.0	31	31	2720693.0 0.54115695 0.45884302	2720689.0 0.54115707 0.45884296	0.9999999999999999
80081155_5500	1725.0	32	32	2100149.0 0.5944202 0.4055798	2100147.0 0.59441984 0.4055802	1.0000000000000000
80081155_5500	1725.0	33	33	1047670.0 0.8130213 0.18697873	1047669.0 0.8130221 0.18697795	1.0000000000000000
80081155_5500	1725.0	34	34	1051230.0 0.18634552 0.8136545	1051232.0 0.1863442 0.8136558	1.0000000000000000
80081155_5500	1725.0	35	35	1425167.0 0.60016686 0.39983314	1425170.0 0.6001677 0.3998323	1.0000000000000000
80081155_5500	1725.0	36	36	1009680.0 0.5643659 0.43563408	1009679.0 0.5643665 0.4356335	1.0000000000000000
80081155_5500	1725.0	37	37	635989.0 0.6916016 0.30839843	635989.0 0.6916 0.30839998	1.0000000000000000
80081155_5500	1725.0	38	38	765301.0 0.2562887 0.7437113	765304.0 0.256289 0.743711	1.0000000000000000
80081155_5500	1725.0	39	39	1191519.0 0.4776785 0.5223215	1191522.0 0.47767895 0.52232105	1.0000000000000000
80081155_5500	1725.0	40	40	1426255.0 0.43635675 0.5636433	1426256.0 0.43635714 0.56364286	1.0000000000000000
80081155_5500	1725.0	41	41	1622482.0 0.49547485 0.5045252	1622483.0 0.49547452 0.5045255	1.0000000000000000
80081155_5500	1725.0	42	42	2423174.0 0.33781436 0.6621856	2423173.0 0.33781493 0.6621851	1.0000000000000000
80081155_5500	1725.0	43	43	1801117.0 0.8908866 0.1091134	1801116.0 0.890886 0.10911401	1.0000000000000000
80081155_5500	1725.0	44	44	1668221.0 0.117805734 0.8821943	1668222.0 0.11780626 0.88219374	1.0000000000000000
80081155_5500	1725.0	45	45	2334097.0 0.63052005 0.36947992	2334100.0 0.6305193 0.36948073	1.0000000000000000
80081155_5500	1725.0	46	46	1396927.0 0.61735654 0.38264346	1396929.0 0.6173578 0.3826422	1.0000000000000000
80081155_5500	1725.0	47	47	1240660.0 0.43083924 0.56916076	1240658.0 0.43083912 0.5691609	1.0000000000000000
80081155_4800	1387.0	43	48	902037.0 0.7828249 0.21717513	902033.0 0.782825 0.21717498	1.0000000000000000
80081155_4200	1311.0	45	49	1476539.0 0.13267446 0.86732554	1476541.0 0.13267428 0.8673257	1.0000000000000000
80081155_4200	1311.0	46	50	2443570.0 0.52408564 0.47591433	2443571.0 0.52408624 0.47591373	1.0000000000000000
80081155_4800	1387.0	50	54	3110734.0 0.5002128 0.49978718	3110733.0 0.50021297 0.49978703	1.0000000000000000
80081155_4800	1387.0	51	55	2846203.0 0.54623824 0.45376173	2846203.0 0.54623795 0.45376208	1.0000000000000000
70102778_7050	876.0	62	58	843679.0 0.76465577 0.23534425	843702.0 0.7669343 0.23306571	1.0000000000000000
80081155_4200	1311.0	56	59	1858749.0 0.10578943 0.8942106	1858752.0 0.10579034 0.8942097	1.0000000000000000
80081155_4800	1387.0	56	60	3135257.0 0.53013676 0.46986324	3135257.0 0.53013647 0.46986356	1.0000000000000000
80081155_4800	1387.0	57	61	2636190.0 0.5588148 0.4411852	2636191.0 0.55881494 0.44118503	1.0000000000000000
80081155_4800	1387.0	58	62	1358931.0 0.8558551 0.14414492	1358930.0 0.8558557 0.1441443	1.0000000000000000
80081155_4800	1387.0	59	63	1557279.0 0.12578543 0.8742146	1557278.0 0.12578486 0.8742151	1.0000000000000000
80081155_4800	1387.0	60	64	2565337.0 0.53068894 0.46931106	2565338.0 0.53068876 0.46931127	1.0000000000000000
80081155_4800	1387.0	61	65	2000526.0 0.60181224 0.3981878	2000526.0 0.6018127 0.39818728	1.0000000000000000
80081155_4800	1387.0	62	66	1301791.0 0.61191463 0.38808534	1301791.0 0.6119139 0.3880861	1.0000000000000000
80081155_7050	2130.0	68	68	1002231.0 0.8035154 0.19648464	1002231.0 0.80351436 0.19648564	1.0000000000000000
80081155_7050	2130.0	69	69	1335787.0 0.14742096 0.85257906	1335785.0 0.14742193 0.85257804	1.0000000000000000
80081155_6500	2014.0	70	70	2345464.0 0.4855581 0.5144419	2345465.0 0.48555872 0.51444125	1.0000000000000000
80081155_6500	2014.0	71	71	2604067.0 0.46335405 0.53664595	2604066.0 0.46335384 0.5366461	1.0000000000000000
80081155_6500	2014.0	72	72	2711172.0 0.5154457 0.4845543	2711172.0 0.5154457 0.4845543	0.9999999999999999
80081155_6500	2014.0	73	73	1509450.0 0.8703236 0.12967637	1509452.0 0.87032247 0.12967752	1.0000000000000000
81000864_10000	3648.0	1	74	1246864.0 0.15929404 0.840706	1246860.0 0.15698795 0.84301203	1.0000000000000000
80081155_7050	2130.0	75	77	3568998.0 0.48020732 0.5197927	3568998.0 0.48020706 0.519793	1.0000000000000000
80081155_5500	1725.0	76	78	2051195.0 0.9044191 0.09558087	2051197.0 0.90441823 0.09558175	1.0000000000000000
80081155_6500	2014.0	79	81	3591266.0 0.509378 0.49062198	3591264.0 0.5093783 0.4906217	1.0000000000000000
