ID	BITRATE	START_IDX	CAPTURE_START_IDX	KEY	CAPTURE_KEY	CORRELATION
80081155_15000	3781.0	4	0	538856.0 0.51026064 0.4897394	538855.0 0.51026344 0.48973656	1.0000000000000000
80081155_10000	3068.0	6	1	523924.0 0.5037009 0.4962991	523919.0 0.5036981 0.49630192	1.0000000000000000
81056132_5500	505.0	7	2	456528.0 0.5642545 0.43574545	456523.0 0.5695704 0.43042958	1.0000000000000000
80097391_1200	467.0	25	4	458071.0 0.42764112 0.57235885	458066.0 0.42804095 0.5719591	1.0000000000000000
80009431_4800	1429.0	59	7	470821.0 0.58369744 0.4163026	470810.0 0.5832714 0.41672862	1.0000000000000000
70102778_5500	884.0	0	10	349215.0 0.43133312 0.5686669	349194.0 0.44113874 0.55886126	1.0000000000000000
80081155_10000	3068.0	19	20	845953.0 0.47635862 0.5236414	845948.0 0.47635788 0.5236421	1.0000000000000000
80081155_10000	3068.0	20	21	987788.0 0.4484525 0.5515475	987786.0 0.4484514 0.5515486	1.0000000000000000
80081155_10000	3068.0	21	22	1256336.0 0.4336515 0.5663485	1256336.0 0.4336515 0.5663485	1.0000000000000000
80200961_5500	1017.0	82	23	908111.0 0.7737039 0.22629613	908103.0 0.78352785 0.21647213	1.0000000000000000
80081155_7050	2130.0	26	29	4021537.0 0.5857246 0.41427544	4021536.0 0.5857247 0.4142753	1.0000000000000000
80081155_7050	2130.0	27	30	2966889.0 0.56153905 0.43846095	2966888.0 0.5615389 0.4384611	1.0000000000000000
80081155_7050	2130.0	28	31	2422920.0 0.5368997 0.4631003	2422920.0 0.5368997 0.4631003	1.0000000000000000
80081155_7050	2130.0	29	32	3108238.0 0.36099392 0.6390061	3108239.0 0.3609938 0.6390062	1.0000000000000000
80081155_7050	2130.0	30	33	2182923.0 0.9098731 0.090126865	2182923.0 0.9098736 0.0901264	1.0000000000000000
80081155_10000	3068.0	35	38	1638330.0 0.88043433 0.11956566	1638332.0 0.88043386 0.11956612	1.0000000000000000
80081155_10000	3068.0	36	39	2305267.0 0.0849741 0.9150259	2305270.0 0.08497443 0.9150256	1.0000000000000000
80081155_10000	3068.0	39	42	948268.0 0.7931608 0.2068392	948268.0 0.79316187 0.20683815	1.0000000000000000
80081155_10000	3068.0	42	45	3121207.0 0.41712612 0.5828739	3121206.0 0.4171266 0.5828734	1.0000000000000000
80081155_10000	3068.0	43	46	3517366.0 0.5172251 0.48277488	3517363.0 0.51722497 0.48277503	1.0000000000000000
80081155_10000	3068.0	52	54	4142991.0 0.5213955 0.47860447	4142996.0 0.5213956 0.47860438	1.0000000000000000
80081155_10000	3068.0	53	55	4014021.0 0.49398196 0.50601804	4014023.0 0.49398223 0.5060178	1.0000000000000000
81080637_3500	1011.0	41	62	1469039.0 0.86475444 0.13524556	1469028.0 0.8661455 0.1338545	1.0000000000000000
