ID	BITRATE	START_IDX	CAPTURE_START_IDX	KEY	CAPTURE_KEY	CORRELATION
70301367_600	345.0	7	5	436505.0 0.55871296 0.44128704	436492.0 0.5508096 0.44919035	1.0000000000000000
60033314_2000	435.0	3	8	363954.0 0.4594619 0.5405381	363930.0 0.46089083 0.5391092	0.9999999999999999
70301367_20000	460.0	44	10	408185.0 0.5180739 0.48192608	408191.0 0.5185171 0.48148292	1.0000000000000000
80031715_4800	1166.0	42	14	864307.0 0.7695726 0.23042738	864285.0 0.77271384 0.22728615	1.0000000000000000
80081155_20000	4026.0	37	32	8174020.0 0.4172483 0.5827517	8174019.0 0.41724825 0.58275175	0.9999999999999999
80081155_20000	4026.0	43	38	1523944.0 0.8712945 0.12870552	1523942.0 0.87129563 0.12870437	1.0000000000000000
80081155_20000	4026.0	44	39	2309456.0 0.08492909 0.9150709	2309454.0 0.0849283 0.9150717	1.0000000000000000
80081155_20000	4026.0	45	40	4667404.0 0.4527819 0.5472181	4667403.0 0.45278198 0.547218	1.0000000000000000
80081155_15000	3781.0	49	42	6193771.0 0.5513425 0.44865754	6193769.0 0.5513425 0.4486575	1.0000000000000000
80081155_20000	4026.0	50	45	4444067.0 0.044222105 0.9557779	4444073.0 0.04422227 0.9557777	1.0000000000000000
80081155_20000	4026.0	51	46	6913327.0 0.61439896 0.385601	6913332.0 0.61439925 0.38560075	1.0000000000000000
80081155_20000	4026.0	54	49	2166977.0 0.90959847 0.090401515	2166979.0 0.90959764 0.09040235	0.9999999999999999
80081155_20000	4026.0	55	50	3351067.0 0.058458395 0.9415416	3351069.0 0.058458958 0.941541	1.0000000000000000
80081155_20000	4026.0	58	53	3251025.0 0.9396298 0.060370192	3251024.0 0.9396298 0.06037021	1.0000000000000000
80199806_4800	1396.0	12	54	392035.0 0.50727105 0.49272898	392038.0 0.5006275 0.4993725	1.0000000000000000
80081155_20000	4026.0	63	60	5491715.0 0.6682311 0.33176884	5491718.0 0.6682315 0.33176848	1.0000000000000000
80081155_20000	4026.0	64	61	2018618.0 0.90258783 0.09741219	2018617.0 0.9025878 0.097412236	1.0000000000000000
80081155_20000	4026.0	66	63	8260917.0 0.5094431 0.49055693	8260918.0 0.5094395 0.4905605	1.0000000000000000
80081155_15000	3781.0	68	66	2753367.0 0.9288576 0.07114235	2753369.0 0.9288566 0.07114339	1.0000000000000000
80081155_15000	3781.0	71	70	7210659.0 0.5194331 0.4805669	7210657.0 0.51943314 0.4805669	1.0000000000000000
80081155_15000	3781.0	74	73	1917943.0 0.897327 0.10267302	1917944.0 0.897326 0.10267401	1.0000000000000000
80081155_10000	3068.0	68	74	2872491.0 0.06855548 0.9314445	2872488.0 0.068554856 0.9314451	1.0000000000000000
80081155_15000	3781.0	79	78	2282936.0 0.91425997 0.08574003	2282939.0 0.9142588 0.08574123	1.0000000000000000
80198592_2000	620.0	60	79	357448.0 0.5572223 0.4427777	357467.0 0.5475806 0.45241937	1.0000000000000000
80081155_15000	3781.0	82	82	6208882.0 0.48226008 0.5177399	6208881.0 0.48226467 0.5177353	1.0000000000000000
