ID	BITRATE	START_IDX	CAPTURE_START_IDX	KEY	CAPTURE_KEY	CORRELATION
80081770_2000	726.0	30	1	704266.7 0.35569906 0.83417267 0.31012824	704264.0 0.35569757 0.8341758 0.3101266	0.9999999999999017
80081770_15000	1551.0	12	14	923515.3 0.21230617 0.22021724 1.0674766	923512.7 0.2123057 0.22021787 1.0674764	0.9999999999993647
80081770_20000	1562.0	11	15	1333801.4 0.15247622 0.7391138 0.60840994	1333800.0 0.15247713 0.7391123 0.60841054	0.9999999999960157
80217312_6500	1743.0	39	16	1328958.6 0.74219394 0.609867 0.14793915	1328967.4 0.7418 0.61062294 0.14757699	0.9999979741523773
80081770_20000	1562.0	13	17	1400873.4 0.5792801 0.14000267 0.78071725	1400874.0 0.5792798 0.14000188 0.7807183	0.9999999999991552
80081770_15000	1551.0	17	19	2802794.8 0.390213 0.60990626 0.4998807	2802796.0 0.3902132 0.60990596 0.49988082	0.9999999999995618
80081770_10000	1497.0	15	22	1556162.0 0.12595282 0.5016271 0.8724201	1556161.4 0.12595223 0.5016266 0.8724211	0.9999999999994994
80081770_20000	1562.0	20	24	1868502.0 0.7265858 0.21312955 0.5602847	1868502.0 0.72658634 0.21312901 0.5602847	0.9999999999999171
80081770_20000	1562.0	21	25	1792115.4 0.22221392 0.58416605 0.69361997	1792113.4 0.22221363 0.5841667 0.6936196	0.9999999999975682
80081770_20000	1562.0	29	34	2497254.0 0.4175062 0.114345595 0.96814823	2497256.0 0.41750586 0.114346705 0.96814746	0.9999999999994806
80081770_6500	1435.0	30	35	3824850.8 0.07465729 0.6321136 0.7932291	3824851.2 0.07465728 0.6321061 0.7932366	0.9999999998144836
80081770_6500	1435.0	40	46	1137657.4 0.690032 0.43228218 0.37768576	1137660.0 0.6900322 0.43228382 0.37768403	0.9999999999510116
80081770_20000	1562.0	41	47	811919.3 0.60571414 0.5292127 0.36507323	811917.3 0.6057168 0.5292115 0.36507165	0.9999999999329365
80081770_5500	1426.0	42	53	1213947.4 0.55031216 0.8036996 0.14598821	1213947.4 0.55031383 0.80369794 0.14598821	0.9999999999894660
80081770_4800	1353.0	50	63	904181.3 0.4767296 0.23609646 0.787174	904180.7 0.47672883 0.23609883 0.7871723	0.9999999999958266
60000870_4800	1028.0	4	68	449254.66 0.4362537 0.63375413 0.4299922	449239.34 0.43623516 0.6274339 0.43633088	0.9996231408995883
80081770_20000	1562.0	63	70	3169589.2 0.061829146 0.6227435 0.8154274	3169598.0 0.06184286 0.62274146 0.8154157	0.9999999999898143
80081770_15000	1551.0	64	71	3277962.0 0.6021549 0.7884585 0.10938656	3277964.8 0.60215414 0.78845876 0.109387085	0.9999999999983623
80081770_20000	1562.0	68	75	997890.0 0.19628416 0.5117488 0.79196703	997892.7 0.19628464 0.51174843 0.7919669	0.9999999999994721
80081770_5500	1426.0	61	76	1547787.4 0.3299355 0.5105979 0.65946656	1547788.0 0.32993537 0.51059836 0.65946627	0.9999999999974533
80081770_5500	1426.0	62	77	2100936.0 0.37616426 0.48583773 0.63799804	2100936.8 0.3761646 0.48583758 0.6379978	0.9999999999992689
80081770_6500	1435.0	82	91	988951.3 0.6891229 0.38326356 0.42761356	988953.3 0.6891215 0.38326278 0.42761573	0.9999999999519325
