ID	BITRATE	START_IDX	CAPTURE_START_IDX	KEY	CAPTURE_KEY	CORRELATION
80081155_20000	4026.0	41	37	6248615.0 2.460141	6248597.5 2.4601345	0.9999999999432573
80081155_20000	4026.0	42	38	7829053.0 1.0135709	7829031.0 1.0135735	0.9999999999384386
80081155_20000	4026.0	43	39	6477576.0 2.4090772	6477553.0 2.4090776	0.9999999999705594
80081155_20000	4026.0	45	41	7328596.0 2.2255561	7328574.5 2.2255557	0.9999999999533403
80081155_20000	4026.0	46	42	7790390.5 1.304991	7790366.5 1.3049912	0.9999999999671322
80081155_20000	4026.0	47	43	7185545.5 2.003019	7185524.0 2.003018	0.9999999999666517
80081155_20000	4026.0	48	44	7723977.0 1.394032	7723976.0 1.3940283	0.9999999999382894
80081155_20000	4026.0	49	45	7202569.5 1.9335057	7202570.5 1.9335066	0.9999999999588896
80081155_20000	4026.0	50	46	6057091.0 1.8232052	6057107.0 1.8231999	0.9999999999769893
80081155_20000	4026.0	51	47	7520811.0 1.2792598	7520819.0 1.2792633	0.9999999999718706
80081155_20000	4026.0	52	48	6922560.0 2.0211446	6922561.0 2.0211442	0.9999999999542188
80081155_20000	4026.0	53	49	8457044.0 1.2191793	8457033.0 1.2191813	0.9999999999551139
80081155_20000	4026.0	54	50	7976402.5 2.0043225	7976408.0 2.0043175	0.9999999999295488
80081155_15000	3781.0	66	62	7308958.5 2.1865048	7308972.0 2.1865005	0.9944368739831154
