ID	BITRATE	START_IDX	CAPTURE_START_IDX	KEY	CAPTURE_KEY	CORRELATION
80081155_5500	1725.0	31	31	1518173.4 1.2595222 0.9514783 0.9359544 0.53896874 0.56339943	1518173.6 1.2595199 0.95147747 0.9359555 0.5389687 0.5634013	0.9999999999930655
80081155_5500	1725.0	32	32	1358493.2 1.0633171 1.0459684 0.60232025 1.2213804 0.41945663	1358493.6 1.063316 1.0459696 0.6023201 1.2213823 0.4194565	0.9999999999893756
80081155_5500	1725.0	33	33	1223793.0 1.1610959 0.66861635 1.355815 1.1345154 0.3594162	1223794.4 1.1610962 0.6686156 1.355816 1.1345149 0.35941496	0.9999999999894371
80081155_5500	1725.0	34	34	1448960.6 0.5647138 1.1451222 0.9582124 1.4109714 0.13536462	1448961.8 0.5647133 1.1451234 0.9582123 1.4109682 0.1353652	0.9999999999933908
80081155_5500	1725.0	35	35	1459726.0 1.136677 0.95114565 1.4005656 0.2689984 0.38991085	1459727.4 1.136678 0.9511454 1.4005622 0.26899955 0.38991186	0.9999999999947838
80081155_5500	1725.0	36	36	1619306.0 0.85741174 1.2625421 0.24248907 1.2603288 0.384335	1619306.6 0.85741204 1.2625397 0.2424902 1.2603296 0.3843355	0.9999999999980230
80081155_5500	1725.0	37	37	1680757.4 1.2163814 0.23362325 1.214249 0.88338625 0.47829568	1680758.8 1.2163786 0.23362425 1.2142493 0.8833879 0.4782953	0.9999999999963129
80081155_5500	1725.0	38	38	1856893.8 0.21146283 1.0990709 0.7995923 0.7207865 0.44083458	1856894.6 0.21146381 1.0990715 0.7995941 0.7207857 0.4408349	0.9999999999963437
80081155_5500	1725.0	39	39	1677280.2 1.2167662 0.8852176 0.7979728 0.9090419 0.9566624	1677281.2 1.2167667 0.88521945 0.7979717 0.90904135 0.9566607	0.9999999999947866
80081155_4200	1311.0	36	40	1857662.2 0.7992621 0.7204889 0.82077247 0.969223 0.10579318	1857661.6 0.79926395 0.7204881 0.8207727 0.9692228 0.10579268	0.9999999999950206
80081155_4200	1311.0	37	41	1867460.4 0.71670866 0.81646603 0.96413773 0.79100364 0.7880735	1867460.6 0.71670747 0.8164659 0.9641371 0.7910041 0.7880728	0.9999999999946234
80081155_4200	1311.0	38	42	1873690.4 0.81375134 0.96093196 0.7883736 1.406116 0.46026975	1873690.4 0.81375134 0.9609314 0.7883741 1.4061149 0.46027082	0.9999999999954642
