ID	BITRATE	START_IDX	CAPTURE_START_IDX	KEY	CAPTURE_KEY	CORRELATION
70021636_600	312.0	0	0	372578.0 0.47392493 0.52607507	372581.0 0.47276968 0.5272303	1.0000000000000000
80993095_3500	682.0	3	1	357159.0 0.5556153 0.44438472	357169.0 0.5499805 0.45001945	1.0000000000000000
81000864_15000	3924.0	9	2	356512.0 0.44351944 0.5564806	356534.0 0.45082095 0.549179	1.0000000000000000
70104894_2000	595.0	32	3	343302.0 0.5785955 0.42140448	343307.0 0.5703379 0.42966208	1.0000000000000000
80081155_1200	381.0	6	7	253231.0 0.45463628 0.5453637	253231.0 0.45462838 0.5453716	1.0000000000000000
80081155_1200	381.0	9	10	290113.0 0.5208522 0.4791478	290112.0 0.52085054 0.47914943	1.0000000000000000
60027695_20000	1295.0	4	11	254146.0 0.54366386 0.4563361	254132.0 0.5469874 0.45301262	1.0000000000000000
80081155_1200	381.0	11	12	310900.0 0.3702959 0.62970406	310901.0 0.37029472 0.62970525	1.0000000000000000
70251894_5500	958.0	47	35	485841.0 0.41007245 0.58992755	485818.0 0.41629994 0.58370006	1.0000000000000000
80081155_1200	381.0	44	36	428017.0 0.66252744 0.3374726	428016.0 0.6625266 0.33747336	1.0000000000000000
70084788_4200	812.0	8	40	273951.0 0.48171023 0.51828974	273937.0 0.48557514 0.51442486	1.0000000000000000
80091879_800	351.0	3	43	237399.0 0.538865 0.46113506	237416.0 0.5302296 0.46977037	1.0000000000000000
