ID	BITRATE	START_IDX	CAPTURE_START_IDX	KEY	CAPTURE_KEY	CORRELATION
80986885_2000	532.0	21	0	532577.3 0.5212614 0.49372363 0.48501503	532589.3 0.5162683 0.49550563 0.4882261	0.9997877772621574
80081155_15000	3781.0	9	6	437006.0 0.8716539 0.30205536 0.32629073	437005.34 0.87165296 0.3020581 0.3262889	0.9999999999758820
80081155_20000	4026.0	36	32	7712757.5 0.44019485 0.44220188 0.61760324	7712776.0 0.44019365 0.44220084 0.6176055	0.9999999999999106
80081155_20000	4026.0	41	37	5034982.5 0.7974278 0.43885654 0.2637157	5034982.5 0.7974218 0.4388625 0.2637157	0.9999999998643223
80081155_20000	4026.0	42	38	2489052.8 0.8877413 0.5334576 0.078801066	2489072.0 0.8877465 0.5334534 0.07880005	0.9999999999560999
80081155_20000	4026.0	43	39	2424840.0 0.5475842 0.08088781 0.871528	2424839.2 0.54758435 0.08088742 0.87152827	0.9999999999999702
80081155_20000	4026.0	44	40	3242362.8 0.06049292 0.6517827 0.7877243	3242361.2 0.060492642 0.651783 0.7877244	0.9999999999999061
80081155_20000	4026.0	45	41	5388213.5 0.3922109 0.4740139 0.6337752	5388194.0 0.3922123 0.4740154 0.63377225	0.9999999999735567
80081155_15000	3781.0	48	42	5831924.0 0.4379541 0.585551 0.47649488	5831904.5 0.43795076 0.5855528 0.4764965	0.9999999996589851
80081155_20000	4026.0	49	45	5963646.5 0.7548072 0.032954 0.7122389	5963630.5 0.7548048 0.032954086 0.7122411	0.9999999999841107
80081155_20000	4026.0	50	46	4739902.0 0.041462038 0.89612424 0.56241375	4739901.5 0.04146204 0.8961247 0.56241316	0.9999999999992994
80081155_20000	4026.0	51	47	5964235.5 0.7121686 0.4469619 0.34086952	5964235.5 0.7121689 0.4469614 0.34086967	0.9999999999977829
80081155_20000	4026.0	52	48	4446594.0 0.5995119 0.4572097 0.44327837	4446594.5 0.59951115 0.4572099 0.443279	0.9999999999980246
80081155_20000	4026.0	53	49	2800002.0 0.7260802 0.7039563 0.06996352	2800005.2 0.7260797 0.70395654 0.0699638	0.9999999999995252
80081155_20000	4026.0	54	50	3548097.2 0.55553126 0.05521213 0.88925666	3548099.2 0.5555318 0.05521238 0.8892558	0.9999999999992408
80081155_20000	4026.0	55	51	4199605.5 0.046646763 0.7513013 0.7020519	4199626.0 0.046646774 0.75129735 0.7020559	0.9999999999502791
80081155_20000	4026.0	56	52	6105513.5 0.51677376 0.48289812 0.5003281	6105532.0 0.51677203 0.48290172 0.5003263	0.9999999957401569
80081155_20000	4026.0	57	53	4132910.8 0.71338123 0.7391304 0.047488324	4132930.8 0.7133853 0.7391263 0.047488336	0.9999999999466000
80081155_20000	4026.0	58	54	4263817.5 0.7164378 0.046030346 0.7375318	4263817.5 0.71643734 0.04603058 0.737532	0.9999999999995878
80081155_20000	4026.0	59	55	5518726.0 0.03556346 0.56982374 0.8946128	5518706.5 0.035563767 0.56982595 0.89461035	0.9999999999887040
80081155_20000	4026.0	61	57	8845622.0 0.55814314 0.5269923 0.41486454	8845600.0 0.558141 0.5269901 0.41486886	0.9999999999423060
80081155_15000	3781.0	69	65	5313506.5 0.03686473 0.758242 0.7048933	5313488.0 0.036865428 0.7582392 0.7048954	0.9999999999821507
80081155_15000	3781.0	70	66	7493055.5 0.5376877 0.49985683 0.4624554	7493034.5 0.5376854 0.49985796 0.4624567	0.9999999996765058
80081155_15000	3781.0	71	67	6201208.0 0.603988 0.558795 0.33721703	6201208.0 0.60398763 0.558795 0.33721736	0.9999999999996755
80081155_15000	3781.0	72	68	4851586.0 0.7142415 0.4310246 0.35473388	4851586.5 0.7142414 0.431025 0.35473365	0.9999999999986188
80081155_15000	3781.0	73	69	2672730.8 0.7824032 0.64391893 0.07367783	2672733.2 0.7824032 0.643918 0.07367888	0.9999999999984976
80081155_10000	3068.0	67	70	3062341.2 0.56199515 0.06430537 0.8736995	3062342.0 0.561995 0.06430503 0.8736999	0.9999999999999253
80081155_10000	3068.0	68	71	4141650.8 0.047547467 0.6460144 0.8064381	4141654.0 0.047547188 0.6460144 0.80643845	0.9999999999999514
80081155_10000	3068.0	69	72	6048915.5 0.4423216 0.5521626 0.50551575	6048917.5 0.44232178 0.55216306 0.5055151	0.9999999999437246
80081155_10000	3068.0	70	73	5656668.0 0.59045094 0.5405695 0.36897957	5656668.0 0.59045166 0.54056895 0.3689794	0.9999999999879027
