ID	BITRATE	START_IDX	CAPTURE_START_IDX	KEY	CAPTURE_KEY	CORRELATION
80081770_3500	1048.0	0	0	548441.0 0.6424739 0.35752615	548442.0 0.6424727 0.35752732	1.0000000000000000
80109295_10000	2432.0	10	1	562562.0 0.353801 0.646199	562587.0 0.3485381 0.6514619	1.0000000000000000
80081770_5500	1426.0	2	2	493791.0 0.7422209 0.2577791	493793.0 0.74222195 0.25777805	1.0000000000000000
14607635_2000	669.0	16	3	395300.0 0.32515812 0.6748419	395305.0 0.322002 0.677998	1.0000000000000000
80081770_5500	1426.0	6	4	508123.0 0.52746284 0.47253716	508123.0 0.52746284 0.47253716	1.0000000000000000
80081770_5500	1426.0	7	5	436173.0 0.55048573 0.4495143	436175.0 0.55048317 0.44951683	1.0000000000000000
80081770_2000	726.0	9	9	543423.0 0.5952361 0.40476388	543421.0 0.59523463 0.40476537	1.0000000000000000
80093106_6500	1519.0	7	10	499397.0 0.43776795 0.5622321	499401.0 0.44044366 0.55955637	1.0000000000000000
80081770_2000	726.0	11	11	409935.0 0.6816715 0.31832853	409940.0 0.68166804 0.31833196	1.0000000000000000
70039177_600	385.0	5	12	291433.0 0.45353478 0.5464652	291420.0 0.447797 0.552203	1.0000000000000000
80081770_4800	1353.0	16	19	670186.0 0.7850552 0.21494481	670188.0 0.78505284 0.21494715	1.0000000000000000
81006261_4200	1029.0	1	20	340066.0 0.41469008 0.5853099	340072.0 0.42360148 0.57639855	1.0000000000000000
80081770_3500	1048.0	35	31	787491.0 0.5414906 0.45850936	787488.0 0.54149145 0.45850858	1.0000000000000000
80081770_3500	1048.0	36	32	472298.0 0.7645004 0.23549962	472296.0 0.76449937 0.23550062	1.0000000000000000
80081770_3500	1048.0	39	35	312136.0 0.45906273 0.5409373	312132.0 0.459059 0.540941	1.0000000000000000
80192445_15000	2750.0	7	36	561059.0 0.2966729 0.7033271	561056.0 0.30094144 0.69905853	1.0000000000000000
80081770_3500	1048.0	41	37	1252311.0 0.31318817 0.6868118	1252311.0 0.31318977 0.68681026	1.0000000000000000
80081770_3500	1048.0	45	41	372102.0 0.5828832 0.41711682	372101.0 0.5828847 0.41711524	1.0000000000000000
70208599_5500	833.0	78	49	777234.0 0.75169766 0.24830231	777239.0 0.7478601 0.25213996	1.0000000000000000
80081770_3500	1048.0	54	51	4024703.0 0.43788323 0.56211674	4024704.0 0.43788338 0.5621166	1.0000000000000000
80081770_3500	1048.0	55	52	3074227.0 0.7359095 0.26409045	3074224.0 0.73591024 0.26408973	1.0000000000000000
80081770_3500	1048.0	56	53	1135052.0 0.7152747 0.28472528	1135048.0 0.7152746 0.2847254	1.0000000000000000
80081770_3500	1048.0	57	54	597129.0 0.5412197 0.45878026	597128.0 0.541219 0.45878103	1.0000000000000000
80097391_4200	492.0	27	55	469847.0 0.58132327 0.4186767	469822.0 0.5830953 0.4169047	1.0000000000000000
80081770_3500	1048.0	60	57	1414628.0 0.33139595 0.668604	1414625.0 0.33139595 0.6686041	1.0000000000000000
80081770_3500	1048.0	61	58	1723651.0 0.54873407 0.45126596	1723648.0 0.54873383 0.45126614	1.0000000000000000
80081770_3500	1048.0	64	60	451084.0 0.382523 0.617477	451087.0 0.38252267 0.61747736	1.0000000000000000
