ID	BITRATE	START_IDX	CAPTURE_START_IDX	KEY	CAPTURE_KEY	CORRELATION
80081770_20000	1562.0	19	19	1696721.2 0.11551868 0.80014735 0.23470739 0.6170094 0.7326171	1696719.6 0.11551761 0.8001481 0.23470819 0.6170106 0.7326155	0.9999999999914360
80081770_10000	1497.0	20	24	1582968.0 0.7418558 0.274154 0.12407642 0.38534892 0.97456485	1582968.4 0.7418563 0.27415457 0.12407702 0.38534883 0.97456336	0.9999999999986551
80081770_10000	1497.0	21	25	1530281.6 0.2835929 0.12834828 0.39861616 1.0081184 0.68132424	1530281.6 0.28359357 0.12834892 0.39861616 1.0081171 0.68132424	0.9999999999996894
80081770_20000	1562.0	26	26	1470911.2 0.13352878 0.41470686 1.0488076 0.70882523 0.19413136	1470911.6 0.13352944 0.4147054 1.0488074 0.70882434 0.19413336	0.9999999999953039
80081770_20000	1562.0	27	27	2359432.5 0.25853547 0.65384495 0.44189397 0.12102486 1.0247006	2359431.2 0.25853476 0.6538453 0.4418938 0.1210262 1.0246999	0.9999999999978872
80081770_20000	1562.0	28	28	3329049.5 0.46340644 0.3131882 0.085775234 0.72624695 0.9113833	3329037.5 0.4634081 0.31318903 0.08577644 0.7262487 0.91137785	0.9999999999742964
80081770_7050	1523.0	32	34	3053403.5 1.1230156 0.20124003 0.7953921 0.064181164 0.3161711	3053415.5 1.1230214 0.2012389 0.7953893 0.06418092 0.31616956	0.9999999999814987
80081770_7050	1523.0	33	35	2294320.5 0.2678209 1.05855 0.085415706 0.42077732 0.66743594	2294318.8 0.2678207 1.0585513 0.085415766 0.4207772 0.66743517	0.9999999999985781
80081770_20000	1562.0	69	67	1193798.0 0.42776835 0.66200143 0.85501313 0.16418774 0.3910293	1193798.8 0.42776808 0.6620027 0.85501176 0.16418847 0.39102906	0.9999999999941269
80081770_20000	1562.0	70	68	1525686.8 0.5179936 0.66901875 0.12847133 0.30596712 0.8785493	1525688.0 0.5179945 0.6690175 0.12847188 0.30596688 0.8785492	0.9999999999968173
80081770_20000	1562.0	71	69	1327420.8 0.76894456 0.14766003 0.35166696 1.009771 0.2219575	1327419.6 0.7689445 0.14766091 0.35166726 1.0097727 0.22195469	0.9999999999921366
80081770_20000	1562.0	72	70	1047526.0 0.18711421 0.44563094 1.2795777 0.28126365 0.30641338	1047525.6 0.18711524 0.44563112 1.2795792 0.28125995 0.30641446	0.9999999999901628
80081770_20000	1562.0	73	71	1047555.2 0.44561854 1.2795421 0.28125584 0.30640486 0.18717869	1047552.8 0.44561952 1.279546 0.28125265 0.3064065 0.18717529	0.9999999999899365
80081770_20000	1562.0	74	72	1486563.6 0.9016708 0.19819602 0.21591811 0.13190152 1.0523136	1486562.4 0.90167224 0.1981935 0.21591896 0.13189894 1.0523164	0.9999999999954505
80081770_15000	1551.0	75	73	1013409.6 0.29073238 0.31672978 0.19348346 1.5436335 0.15542087	1013408.4 0.2907288 0.31673017 0.19348173 1.5436363 0.15542303	0.9999999999926440
80081770_15000	1551.0	76	74	1554254.0 0.20651515 0.1261557 1.0064847 0.10133801 1.0595064	1554254.0 0.20651515 0.12615441 1.0064855 0.101339296 1.0595057	0.9999999999978336
