ID	BITRATE	START_IDX	CAPTURE_START_IDX	KEY	CAPTURE_KEY	CORRELATION
80081155_4800	1387.0	6	8	451380.66 0.4402714 0.6245283 0.4352003	451379.34 0.44026828 0.62453455 0.43519714	0.9999999999993787
80081155_3500	980.0	13	12	470628.0 0.55623335 0.4159846 0.527782	470628.0 0.55623126 0.41598672 0.527782	0.9999999999567402
80081155_5500	1725.0	18	17	789100.0 0.33275378 0.45483336 0.7124129	789098.7 0.33275178 0.45483285 0.71241534	0.9999999999999915
80081155_5500	1725.0	24	23	2084800.6 0.57628196 0.50585604 0.41786203	2084802.6 0.5762819 0.50585604 0.4178621	1.0000000000000000
80081155_5500	1725.0	25	24	1783761.4 0.59122765 0.48838314 0.42038918	1783761.4 0.5912282 0.4883837 0.42038807	0.9999999999772216
80081155_5500	1725.0	26	25	2155012.0 0.40424785 0.34796745 0.7477847	2155011.2 0.40424848 0.34796664 0.747785	0.9999999999951691
80081155_5500	1725.0	30	29	2768980.0 0.51743853 0.53172 0.45084146	2768980.0 0.51743853 0.53172 0.45084146	1.0000000000000000
80081155_7050	2130.0	35	32	1980992.0 0.72759 0.0988848 0.67352515	1980994.0 0.7275898 0.09888571 0.6735245	0.9999999999996642
80081155_7050	2130.0	36	33	1566732.0 0.12503095 0.85161215 0.5233569	1566733.4 0.12503213 0.8516114 0.52335644	0.9999999999995827
80081155_7050	2130.0	37	34	1868040.0 0.7142502 0.43894136 0.34680843	1868060.6 0.71424234 0.4389365 0.3468212	0.9999999993488998
80081155_6500	2014.0	38	35	1533944.6 0.5345421 0.42234576 0.54311216	1533965.4 0.5345362 0.4223583 0.5431055	0.9999999999894876
80081155_6500	2014.0	45	42	2426690.0 0.8670114 0.08098604 0.55200255	2426688.8 0.8670111 0.080986075 0.5520028	0.9999999999997435
80081155_7050	2130.0	47	43	1685285.4 0.116613485 0.79484344 0.58854306	1685286.0 0.116614036 0.79484373 0.5885422	0.9999999999981527
80081155_7050	2130.0	48	44	2249484.0 0.59548676 0.4409291 0.4635841	2249485.2 0.5954869 0.44092843 0.46358472	0.9999999999703049
80081155_7050	2130.0	49	45	1487058.0 0.66699684 0.7012672 0.13173595	1487058.0 0.6669962 0.70126855 0.13173528	0.9999999999953307
80081155_7050	2130.0	50	46	1997570.6 0.5220466 0.098068625 0.8798848	1997570.0 0.5220478 0.098068155 0.87988406	0.9999999999965865
80081155_7050	2130.0	51	47	2377822.0 0.0823859 0.7391773 0.6784368	2377820.0 0.08238555 0.73917705 0.6784374	0.9999999999993333
80081155_7050	2130.0	52	48	3339048.0 0.52638716 0.48313233 0.4904805	3339044.0 0.5263872 0.4831329 0.49047992	0.9999999996735820
80081155_7050	2130.0	53	49	2298136.8 0.70196086 0.7126373 0.085401796	2298134.0 0.7019617 0.7126364 0.08540189	0.9999999999971141
80081155_6500	2014.0	53	50	2334675.2 0.70148385 0.08406565 0.71445054	2334674.0 0.70148295 0.08406527 0.7144518	0.9999999999956026
80081155_6500	2014.0	54	51	2807000.0 0.0699202 0.59423226 0.8358475	2807000.0 0.06991985 0.594233 0.83584714	0.9999999999988123
80081155_6500	2014.0	55	52	4275125.5 0.3901663 0.5488082 0.5610254	4275125.5 0.3901668 0.548808 0.56102514	0.9999999999999628
80081155_6500	2014.0	56	53	4417626.5 0.5311051 0.5429282 0.42596674	4417624.5 0.5311051 0.5429282 0.4259667	1.0000000000000000
80081155_6500	2014.0	70	68	2495284.0 0.45640457 0.48355418 0.56004125	2495286.8 0.45640567 0.48355323 0.56004107	0.9999999998469623
80081155_6500	2014.0	71	69	2611851.2 0.4619731 0.5350466 0.5029804	2611851.2 0.4619727 0.53504694 0.5029804	0.9999999999997288
80081155_5500	1725.0	74	73	3159240.8 0.37029877 0.5424905 0.5872107	3159240.0 0.37029856 0.5424906 0.58721083	0.9999999999999515
80081155_7050	2130.0	75	74	3611271.2 0.47458607 0.513708 0.51170594	3611271.2 0.47458577 0.5137083 0.51170594	0.9999999999832773
