ID	BITRATE	START_IDX	CAPTURE_START_IDX	KEY	CAPTURE_KEY	CORRELATION
80081155_20000	4026.0	41	37	4589480.5 0.8748343 0.48145646 0.28931466 0.04273686 0.46046954 0.5565092 0.74407464 0.60549575 0.98080885 0.042820968 0.92549497 0.580847 0.4429752 0.42947757 0.042684134	4589470.5 0.87482965 0.48146403 0.28931528 0.04273674 0.46047056 0.55651015 0.7440702 0.60549074 0.9808053 0.04282106 0.9254974 0.5808476 0.4429764 0.42947918 0.042684443	0.9999999999491812
80081155_20000	4026.0	42	38	4474832.0 0.49379173 0.29672712 0.043831814 0.47226712 0.57076734 0.76313835 0.621009 1.0059379 0.043918073 0.9492068 0.59572875 0.45432454 0.44048113 0.043777734 0.7050922	4474825.0 0.4937992 0.29672757 0.043831658 0.47226787 0.570768 0.7631333 0.6210035 1.0059336 0.04391814 0.94920874 0.595729 0.45432547 0.44048247 0.043778025 0.705093	0.9999999999490697
80081155_20000	4026.0	43	39	4573326.0 0.2903366 0.042887826 0.46209607 0.55847496 0.74670297 0.6076346 0.9842734 0.042972226 0.9287641 0.58289874 0.44453993 0.43099463 0.042834908 0.68990684 0.644682	4573319.0 0.29033706 0.04288767 0.46209678 0.5584756 0.74669796 0.6076292 0.9842692 0.042972293 0.92876595 0.582899 0.44454083 0.43099597 0.04283519 0.6899077 0.6446898	0.9999999999449181
80081155_20000	4026.0	44	40	4803586.5 0.04083199 0.43994546 0.53170437 0.71090966 0.57850754 0.9370921 0.04091235 0.88424367 0.55495745 0.42323086 0.41033486 0.040781613 0.6568361 0.6137791 0.63593316	4803579.5 0.04083184 0.4399461 0.53170496 0.71090484 0.57850236 0.9370881 0.04091241 0.8842454 0.5549576 0.42323166 0.41033608 0.040781878 0.65683687 0.61378646 0.6359337	0.9999999999435041
80081155_20000	4026.0	45	41	4803603.0 0.43994394 0.5317026 0.7109072 0.5785056 0.9370889 0.040912207 0.8842406 0.55495554 0.4232294 0.41033345 0.040781472 0.6568338 0.613777 0.635931 0.040857874	4803597.0 0.43994448 0.531703 0.7109023 0.5785002 0.9370847 0.04091226 0.8842422 0.5549556 0.42323014 0.4103346 0.040781733 0.6568344 0.6137842 0.6359314 0.04085813	0.9999999999437789
80081155_20000	4026.0	46	42	4941121.0 0.5169046 0.6911217 0.562405 0.9110085 0.039773565 0.85963106 0.53951037 0.41145036 0.39891332 0.03964647 0.63855326 0.59669477 0.6182322 0.039720744 0.63643473	4941114.5 0.51690507 0.6911169 0.56239986 0.91100436 0.039773617 0.85963255 0.5395105 0.4114511 0.39891446 0.039646722 0.6385539 0.5967018 0.6182326 0.039720997 0.63643575	0.9999999999439113
80081155_20000	4026.0	47	43	5258859.0 0.6493644 0.5284247 0.85596573 0.037370462 0.8076925 0.50691336 0.3865907 0.37481114 0.037251048 0.5999722 0.5606427 0.58087885 0.037320834 0.59798163 0.9388202	5258848.5 0.6493604 0.52842027 0.85596246 0.03737054 0.8076945 0.50691384 0.38659167 0.37481248 0.037251312 0.59997314 0.56064975 0.5808796 0.0373211 0.597983 0.9388162	0.9999999999493370
80081155_20000	4026.0	48	44	5425080.5 0.51223403 0.8297394 0.036225453 0.7829453 0.49138182 0.3747458 0.36332715 0.036109693 0.58158934 0.54346496 0.563081 0.036177345 0.57965976 0.9100553 0.8592637	5425070.0 0.5122297 0.82973623 0.036225524 0.7829471 0.49138224 0.37474668 0.3633284 0.03610995 0.5815903 0.5434717 0.56308174 0.036177598 0.5796611 0.9100513 0.8592597	0.9999999999557790
80081155_20000	4026.0	49	45	5543857.0 0.8119623 0.035449326 0.76617074 0.48085403 0.3667169 0.3555429 0.035336047 0.5691289 0.53182125 0.5510171 0.03540225 0.56724066 0.8905574 0.8408541 0.6619462	5543853.5 0.81195813 0.03544935 0.7661716 0.4808538 0.3667173 0.35554367 0.035336252 0.56912905 0.5318272 0.5510171 0.03540245 0.5672412 0.8905524 0.84084904 0.66195184	0.9999999999467856
