ID	BITRATE	START_IDX	CAPTURE_START_IDX	KEY	CAPTURE_KEY	CORRELATION
80096067_2000	489.0	20	1	404240.0 0.50850236 0.49149764	404264.0 0.51422834 0.4857717	1.0000000000000000
60027695_3500	967.0	12	2	401597.0 0.49483687 0.50516313	401596.0 0.4889989 0.5110011	1.0000000000000000
80991158_10000	1572.0	10	5	588443.0 0.33743116 0.66256887	588435.0 0.33335373 0.6666463	1.0000000000000000
80091741_6500	1869.0	7	11	1128761.0 0.4462982 0.5537018	1128763.0 0.4462974 0.5537026	1.0000000000000000
60020801_6500	1090.0	35	15	818174.0 0.76049227 0.23950773	818165.0 0.76033807 0.23966193	1.0000000000000000
70216224_7050	1428.0	9	16	512887.0 0.38207248 0.61792755	512883.0 0.38231528 0.6176847	1.0000000000000000
80091741_10000	3264.0	23	24	3298773.0 0.3800971 0.6199029	3298773.0 0.3800968 0.6199032	1.0000000000000000
80091741_10000	3264.0	24	25	3934969.0 0.51967853 0.48032144	3934971.0 0.51967853 0.48032147	1.0000000000000000
80091741_15000	4673.0	26	28	5203685.0 0.4469375 0.5530625	5203684.0 0.44694337 0.55305666	1.0000000000000000
80091741_15000	4673.0	28	30	4950072.0 0.707293 0.29270706	4950076.0 0.70729256 0.2927074	1.0000000000000000
80091741_10000	3264.0	36	39	4901437.0 0.6739899 0.3260101	4901435.0 0.67398953 0.32601044	1.0000000000000000
80091741_15000	4673.0	42	46	8355488.0 0.465473 0.534527	8355489.0 0.46547294 0.53452706	1.0000000000000000
80091741_15000	4673.0	47	52	4672245.0 0.9580572 0.04194279	4672247.0 0.958057 0.041942988	1.0000000000000000
60020801_20000	1163.0	20	78	766099.0 0.74305934 0.2569407	766098.0 0.7442912 0.2557088	1.0000000000000000
