ID	BITRATE	START_IDX	CAPTURE_START_IDX	KEY	CAPTURE_KEY	CORRELATION
80093138_7050	2102.0	8	9	783283.6 0.5717533 0.55766004 0.2537893 0.6187848 0.49801245	783282.8 0.5717552 0.55766195 0.25379083 0.6187829 0.49800915	0.9999999998654135
80093138_7050	2102.0	9	10	683635.6 0.63894564 0.2907821 0.70898 0.57060367 0.29068848	683634.4 0.63894826 0.2907841 0.7089784 0.57060033 0.29068902	0.9999999999308794
80093138_7050	2102.0	10	11	722785.2 0.27503192 0.67057824 0.539697 0.27494338 0.73974955	722784.4 0.27503362 0.6705762 0.5396935 0.27494368 0.7397531	0.9999999999142187
80093138_7050	2102.0	11	12	832195.6 0.58241594 0.46874195 0.23879601 0.6424932 0.56755286	832194.0 0.5824147 0.46873927 0.23879649 0.6424968 0.56755275	0.9999999998955853
80093138_7050	2102.0	12	13	892869.6 0.43688908 0.22256888 0.5988332 0.5289854 0.7127233	892868.0 0.43688652 0.22256929 0.59883654 0.52898526 0.71272236	0.9999999999323045
80093138_7050	2102.0	13	14	1178178.0 0.16867146 0.45381936 0.40088594 0.5401298 0.93649346	1178177.2 0.16867156 0.45382136 0.40088534 0.5401284 0.9364932	0.9999999999903928
80093138_7050	2102.0	14	15	1433330.4 0.37303331 0.32952276 0.4439793 0.76978487 0.5836798	1433329.2 0.373035 0.32952234 0.44397825 0.76978475 0.58367956	0.9999999999840872
80093138_7050	2102.0	15	16	1563299.2 0.30212706 0.40706792 0.7057868 0.5351541 0.549864	1563296.8 0.3021269 0.4070673 0.7057873 0.53515434 0.54986423	0.9999999999984565
80093138_7050	2102.0	16	17	1453830.0 0.437719 0.75893056 0.57544965 0.5912672 0.13663357	1453826.4 0.43771872 0.75893176 0.5754504 0.591268 0.13663118	0.9999999999992588
80093138_7050	2102.0	17	18	1537498.0 0.71763086 0.5441347 0.55909145 0.12919822 0.54994476	1537495.6 0.71763134 0.54413486 0.5590917 0.12919581 0.5499463	0.9999999999943203
80093138_7050	2102.0	18	19	1466359.6 0.5705326 0.586215 0.13546608 0.5766246 0.6311617	1466358.4 0.57053244 0.58621484 0.13546348 0.57662576 0.6311636	0.9999999999927923
80093138_7050	2102.0	47	48	1666653.2 0.56414133 0.119291164 0.1992424 0.58846796 1.0288571	1666653.2 0.5641425 0.11928996 0.1992424 0.58846915 1.0288559	0.9999999999945354
80093138_7050	2102.0	48	49	1809814.8 0.10985489 0.18348177 0.54191846 0.94747156 0.7172734	1809813.6 0.109853856 0.18348187 0.5419199 0.947471 0.7172733	0.9999999999966285
80093138_6500	2133.0	69	72	4568813.5 0.48039824 0.5511155 0.4908084 0.51334333 0.46433455	4568825.0 0.4803968 0.5511143 0.49080694 0.51334184 0.46433994	0.9999999972245400
80093138_6500	2133.0	70	73	4423280.0 0.56924814 0.5069568 0.5302332 0.47961196 0.41394982	4423291.5 0.5692469 0.50695527 0.5302316 0.4796175 0.41394874	0.9999999986635670
