ID	BITRATE	START_IDX	CAPTURE_START_IDX	KEY	CAPTURE_KEY	CORRELATION
80183328_7050	1906.0	19	9	480944.0 0.40692472 0.5930753	480931.0 0.41331294 0.5866871	1.0000000000000000
81080637_5500	1871.0	5	11	536077.0 0.3708236 0.6291764	536082.0 0.37093207 0.62906796	1.0000000000000000
80093138_20000	3704.0	15	23	1913796.0 0.1038721 0.8961279	1913800.0 0.1038724 0.8961276	1.0000000000000000
80093138_20000	3704.0	16	24	2920026.0 0.5873256 0.4126744	2920028.0 0.5873262 0.41267377	1.0000000000000000
70296965_7050	2358.0	30	31	1829576.0 0.89284074 0.10715926	1829581.0 0.89142925 0.10857076	0.9999999999999999
80093138_20000	3704.0	25	35	4194162.0 0.55202305 0.44797698	4194161.0 0.55202293 0.44797707	1.0000000000000000
80093138_20000	3704.0	28	37	2565273.0 0.5966858 0.4033142	2565271.0 0.5966847 0.40331528	1.0000000000000000
80093138_20000	3704.0	29	38	2160970.0 0.47877157 0.52122843	2160973.0 0.47877184 0.5212282	1.0000000000000000
80093138_15000	3847.0	34	42	8590260.0 0.476968 0.523032	8590262.0 0.47696462 0.5230354	1.0000000000000000
80093138_15000	3847.0	37	46	5255748.0 0.46965495 0.5303451	5255749.0 0.46965504 0.53034496	1.0000000000000000
80093138_15000	3847.0	38	47	5572220.0 0.50022435 0.49977568	5572218.0 0.50022453 0.4997755	1.0000000000000000
80093138_15000	3847.0	39	48	3891892.0 0.7155543 0.2844457	3891891.0 0.71555394 0.28444603	1.0000000000000000
80093138_15000	3847.0	40	49	4971447.0 0.22267802 0.777322	4971450.0 0.2226781 0.77732193	1.0000000000000000
80093138_15000	3847.0	44	53	5320411.0 0.71949065 0.28050935	5320411.0 0.71949065 0.28050935	1.0000000000000000
80093138_15000	3847.0	50	59	5074580.0 0.68421054 0.3157895	5074581.0 0.6842106 0.31578943	1.0000000000000000
80093138_20000	3704.0	52	61	2215610.0 0.20057862 0.79942137	2215611.0 0.20057853 0.7994215	1.0000000000000000
80093138_15000	3847.0	54	62	4631691.0 0.38241023 0.6175898	4631694.0 0.3824102 0.61758983	1.0000000000000000
80093138_15000	3847.0	55	63	4796240.0 0.5964016 0.40359846	4796242.0 0.59640175 0.40359828	1.0000000000000000
80093138_20000	3704.0	58	66	5372590.0 0.43074608 0.5692539	5372590.0 0.43074644 0.56925356	1.0000000000000000
328438_5500	1088.0	35	82	801947.0 0.24458474 0.75541526	801932.0 0.24782775 0.75217223	1.0000000000000000
80093138_10000	3211.0	64	83	4453871.0 0.13543119 0.8645688	4453865.0 0.13543092 0.86456907	1.0000000000000000
