ID	BITRATE	START_IDX	CAPTURE_START_IDX	KEY	CAPTURE_KEY	CORRELATION
80093106_20000	1835.0	20	5	1450638.0 0.60043377 0.53031355 0.13689287 0.6491854 0.58317447	1450635.6 0.60043263 0.53031373 0.1368931 0.6491858 0.5831747	0.9999999999959240
80093106_20000	1835.0	21	6	1429398.4 0.5381936 0.13892698 0.6588317 0.5918399 0.57220787	1429397.6 0.53819317 0.13892706 0.65883136 0.5918395 0.5722089	0.9999999999958070
80093106_20000	1835.0	22	7	1472962.4 0.1348181 0.63934624 0.57433575 0.5552844 0.5962155	1472962.4 0.1348181 0.6393456 0.5743351 0.55528504 0.5962162	0.9999999999946276
80093106_20000	1835.0	23	8	1473131.6 0.6392728 0.5742698 0.5552206 0.596147 0.13508976	1473131.2 0.6392723 0.57426924 0.5552214 0.59614784 0.13508911	0.9999999999942361
80093106_20000	1835.0	24	9	1526214.8 0.5542962 0.53590953 0.57541245 0.13039123 0.7039907	1526214.4 0.55429566 0.5359103 0.5754133 0.1303906 0.7039902	0.9999999999948244
80093106_20000	1835.0	25	10	1659349.6 0.4929118 0.5292453 0.119929515 0.6475073 0.71040606	1659349.6 0.49291238 0.5292459 0.11992891 0.6475067 0.71040606	0.9999999999968275
80093106_20000	1835.0	26	11	1781981.2 0.49282393 0.11167626 0.6029474 0.6615176 0.6310347	1781980.8 0.4928246 0.11167573 0.60294706 0.6615178 0.63103485	0.9999999999981372
80093106_20000	1835.0	27	12	1877426.8 0.10599881 0.5722945 0.62788707 0.59895384 0.5948658	1877426.0 0.10599832 0.5722942 0.6278873 0.5989541 0.59486604	0.9999999999995133
80093106_20000	1835.0	28	13	1877158.0 0.57237643 0.62797695 0.5990396 0.594951 0.105656	1877157.6 0.572376 0.6279771 0.59903973 0.5949511 0.10565602	0.9999999999994400
80093106_20000	1835.0	29	14	1899077.2 0.62072885 0.5921255 0.58808404 0.10443651 0.5946251	1899076.8 0.62072897 0.5921256 0.58808416 0.10443654 0.59462476	0.9999999999994672
80093106_20000	1835.0	30	15	1978684.0 0.568303 0.56442416 0.1002348 0.570702 0.69633603	1978683.2 0.56830317 0.56442434 0.100234844 0.5707018 0.6963358	0.9999999999994801
80093106_20000	1835.0	31	16	1939977.2 0.5756856 0.10223471 0.58208877 0.71022946 0.5297614	1939976.8 0.57568574 0.10223473 0.5820884 0.71022916 0.529762	0.9999999999984728
80093106_20000	1835.0	32	17	1890182.4 0.10492797 0.5974233 0.7289397 0.5437174 0.5249917	1890182.0 0.104927994 0.5974229 0.72893935 0.54371804 0.52499175	0.9999999999984527
80093106_10000	1639.0	29	18	1890343.6 0.59737235 0.72887754 0.543672 0.52494633 0.10513168	1890343.2 0.59737194 0.7288771 0.5436716 0.524947 0.10513223	0.9999999999985294
80093106_10000	1639.0	30	19	1796746.8 0.76684654 0.57199323 0.5522921 0.11060824 0.49826	1796746.8 0.76684594 0.5719927 0.55229264 0.1106088 0.49826	0.9999999999986442
80093106_10000	1639.0	31	20	1619278.4 0.6346821 0.61282176 0.1227306 0.5528679 0.57689774	1619278.8 0.63468134 0.61282223 0.12273119 0.55286777 0.57689756	0.9999999999979828
80093106_10000	1639.0	32	21	1589966.8 0.62411934 0.12499318 0.5630602 0.58753306 0.6002943	1589966.8 0.62412 0.12499381 0.5630602 0.58753306 0.60029304	0.9999999999945993
80093106_10000	1639.0	33	22	1657712.4 0.119885094 0.5400497 0.56352234 0.57576215 0.7007808	1657712.4 0.1198857 0.5400497 0.56352234 0.5757609 0.7007814	0.9999999999949527
80093106_6500	1519.0	36	32	2491154.8 0.6887617 0.5713768 0.43128672 0.4233631 0.3852117	2491156.0 0.68876135 0.5713769 0.43128732 0.42336208 0.38521233	0.9999999999864014
80093106_4800	1493.0	72	67	2102376.0 0.6384657 0.4073282 0.37333283 0.5744805 0.5063928	2102378.0 0.6384656 0.40732828 0.37333247 0.57447994 0.50639373	0.9999999999864543
