ID	BITRATE	START_IDX	CAPTURE_START_IDX	KEY	CAPTURE_KEY	CORRELATION
80093138_5500	1595.0	32	36	856930.7 0.65881526 0.57821244 0.26297227	856929.3 0.65881866 0.5782099 0.26297152	0.9999999999105612
80093138_4800	1489.0	31	37	969568.0 0.5110379 0.23241897 0.7565431	969568.7 0.5110365 0.23242088 0.75654256	0.9999999999903415
80093138_5500	1595.0	37	41	1906544.6 0.7227536 0.61202866 0.16521774	1906546.6 0.7227544 0.612027 0.16521862	0.9999999999891782
80093138_5500	1595.0	38	42	1922927.4 0.6068144 0.16381013 0.7293754	1922926.6 0.6068136 0.16381124 0.7293752	0.9999999999987474
80093138_6500	2133.0	46	50	2206366.0 0.37966955 0.6429894 0.47734103	2206368.0 0.3796701 0.64298886 0.47734106	0.9999999999998740
80093138_5500	1595.0	47	51	1780316.0 0.7968636 0.5915747 0.111561656	1780316.0 0.79686415 0.5915747 0.1115611	0.9999999999999352
80093138_5500	1595.0	48	52	1532704.0 0.68714505 0.12958471 0.6832702	1532703.4 0.68714535 0.1295841 0.6832705	1.0000000000000000
80093138_5500	1595.0	49	53	1800092.6 0.11033599 0.5817762 0.80788785	1800092.0 0.11033547 0.5817764 0.80788815	0.9999999999999590
80093138_6500	2133.0	51	54	2733870.0 0.3830654 0.53194594 0.58498865	2733869.2 0.3830655 0.5319468 0.58498776	0.9999999999664219
80093138_5500	1595.0	51	55	2647498.8 0.54930073 0.60407317 0.34662604	2647494.8 0.54930156 0.604073 0.34662542	0.9999999999895179
80093138_5500	1595.0	56	60	2467344.8 0.48867512 0.24484742 0.7664774	2467342.8 0.48867592 0.2448468 0.7664772	0.9999999999963880
80093138_5500	1595.0	57	61	1795836.0 0.3364021 1.0530828 0.1105151	1795833.4 0.33640146 1.0530832 0.11051527	0.9999999999995475
80093138_5500	1595.0	58	62	2457262.0 0.76962245 0.080767535 0.64961004	2457260.8 0.769622 0.08076758 0.64961034	0.9999999999995128
80093138_5500	1595.0	65	69	2705090.8 0.47134537 0.14930072 0.8793539	2705090.8 0.471345 0.14930072 0.87935424	0.9999999999996483
80093138_4800	1489.0	69	80	3199585.2 0.530045 0.4641067 0.50584835	3199586.8 0.53004503 0.46410617 0.50584877	0.9999999999570232
80093138_4800	1489.0	70	81	3378560.0 0.43952128 0.47905174 0.581427	3378562.0 0.43952072 0.47905204 0.5814272	0.9999999999880307
