ID	BITRATE	START_IDX	CAPTURE_START_IDX	KEY	CAPTURE_KEY	CORRELATION
70052701_5500	1347.0	31	5	447696.0 0.4381388 0.56186116	447705.0 0.44582483 0.5541752	1.0000000000000000
80096067_4800	1064.0	8	6	546547.0 0.45395 0.54605	546547.0 0.45395365 0.5460464	1.0000000000000000
80102952_4800	1285.0	2	7	497366.0 0.59993446 0.40006554	497368.0 0.6000386 0.39996138	1.0000000000000000
80096067_4800	1064.0	10	8	424726.0 0.46836784 0.5316322	424726.0 0.46836784 0.5316322	1.0000000000000000
80096067_4800	1064.0	11	9	502260.0 0.44956398 0.550436	502264.0 0.4495604 0.5504396	1.0000000000000000
80096067_4800	1064.0	12	10	511965.0 0.54000175 0.45999825	511969.0 0.5400053 0.45999464	1.0000000000000000
80096067_3500	977.0	12	13	460779.0 0.5597282 0.4402718	460782.0 0.5597267 0.44027328	1.0000000000000000
80018689_5500	1332.0	4	16	465594.0 0.5720456 0.4279544	465573.0 0.57244945 0.42755055	1.0000000000000000
80991158_4200	1213.0	14	17	572596.0 0.34706843 0.6529316	572578.0 0.3476487 0.6523513	1.0000000000000000
80096067_6500	1163.0	30	29	1757734.0 0.34529117 0.65470886	1757733.0 0.34529078 0.6547092	1.0000000000000000
80096067_6500	1163.0	31	30	1665292.0 0.6910524 0.30894762	1665291.0 0.6910528 0.3089472	1.0000000000000000
80009431_1200	485.0	4	47	300467.0 0.65233785 0.34766215	300463.0 0.6606903 0.33930966	1.0000000000000000
14607635_2000	669.0	30	60	697380.0 0.47723478 0.5227652	697392.0 0.46862167 0.5313783	1.0000000000000000
80096067_7050	1219.0	64	68	1112679.0 0.50801355 0.49198645	1112678.0 0.5080131 0.4919869	1.0000000000000000
80096067_7050	1219.0	65	69	1323476.0 0.41362518 0.5863748	1323478.0 0.41362455 0.5863754	1.0000000000000000
80096067_7050	1219.0	66	70	1674250.0 0.46352276 0.5364772	1674254.0 0.46352285 0.53647715	1.0000000000000000
80096067_5500	1125.0	70	73	1720131.0 0.46537328 0.5346267	1720134.0 0.46537364 0.53462636	1.0000000000000000
80096067_4800	1064.0	71	74	1688185.0 0.5447448 0.4552552	1688185.0 0.5447442 0.4552558	1.0000000000000000
80096067_4800	1064.0	72	75	1500011.0 0.51236624 0.48763376	1500011.0 0.5123669 0.48763308	1.0000000000000000
80096067_4800	1064.0	73	76	1408820.0 0.51919764 0.4808024	1408816.0 0.5191984 0.4808016	1.0000000000000000
80096067_7050	1219.0	72	77	1334502.0 0.50757736 0.49242264	1334501.0 0.5075762 0.49242377	1.0000000000000000
