ID	BITRATE	START_IDX	CAPTURE_START_IDX	KEY	CAPTURE_KEY	CORRELATION
80091741_6500	1869.0	25	29	2966704.8 1.9236289 0.8270233 1.8997532	2966704.5 1.9236277 0.82702273 1.8997531	0.9999999999984039
80091741_6500	1869.0	30	34	3119329.5 0.7978763 2.176062 1.1166102	3119328.8 0.79787457 2.1760628 1.1166104	0.9945751938013597
80091741_6500	1869.0	31	35	2825733.0 2.4021573 1.232627 2.2425938	2825731.5 2.4021585 1.2326277 2.2425957	0.9938989715986681
80091741_6500	1869.0	32	36	3298587.5 1.0559292 1.9211166 1.0123727	3298587.2 1.0559293 1.9211173 1.0123713	0.9938815882534183
80091741_6500	1869.0	33	37	2528965.2 2.5057564 1.320461 2.6534176	2528964.5 2.505758 1.3204594 2.6534193	0.9931725135661819
80091741_6500	1869.0	34	38	2989265.0 1.1171308 2.244833 1.1256934	2989264.2 1.1171294 2.2448344 1.1256924	0.9934979010398662
80091741_6500	1869.0	35	39	2808053.8 2.3896983 1.1983374 1.6731567	2808051.8 2.3897007 1.1983368 1.6731572	0.9934980461135786
80091741_6500	1869.0	36	40	3067888.5 1.0968443 1.5314487 1.671888	3067887.2 1.0968435 1.5314487 1.671887	0.9937052377738979
80091741_6500	1869.0	37	41	2908394.2 1.6154323 1.7635732 2.2692013	2908392.5 1.6154326 1.7635725 2.2692034	0.9936092142357075
80091741_6500	1869.0	38	42	3015206.8 1.7010993 2.1888158 1.4218123	3015205.5 1.7010983 2.1888173 1.4218119	0.9936766767379236
