ID	BITRATE	START_IDX	CAPTURE_START_IDX	KEY	CAPTURE_KEY	CORRELATION
80093106_4800	1493.0	7	5	415286.0 0.47927693 0.56955206 0.451171	415286.0 0.47927934 0.56955206 0.4511686	0.9999999992812975
80093106_4800	1493.0	8	6	456568.66 0.51805353 0.4103764 0.5715701	456568.66 0.51805353 0.4103742 0.5715723	0.9999999999870949
80093106_4800	1493.0	9	7	424980.0 0.44087958 0.6140548 0.44506565	424979.34 0.44087788 0.6140581 0.44506398	0.9999999999998302
80093106_4800	1493.0	10	8	432403.34 0.6035129 0.43742493 0.45906213	432403.34 0.6035152 0.4374226 0.45906213	0.9999999999494382
70295915_4800	541.0	13	10	434640.0 0.45758557 0.5596816 0.48273283	434660.66 0.4566781 0.5558681 0.48745382	0.9976003895967365
80093106_5500	1538.0	10	11	434716.66 0.5557988 0.48739332 0.45680788	434715.34 0.5557982 0.48739251 0.45680928	0.9999999998436679
80093106_5500	1538.0	11	12	455776.0 0.4648731 0.43570086 0.59942603	455776.0 0.4648709 0.43570086 0.59942824	0.9999999998717005
80093106_5500	1538.0	12	13	480486.66 0.41329348 0.5685985 0.51810807	480486.0 0.41329405 0.56860137 0.5181046	0.9999999992092079
80093106_5500	1538.0	13	14	488653.34 0.55909574 0.50944906 0.43145514	488652.66 0.55909854 0.5094457 0.43145576	0.9999999988692028
80093106_4800	1493.0	17	15	461238.66 0.5397206 0.45709527 0.5031842	461242.66 0.53972024 0.45709562 0.50318414	1.0000000000000000
80093106_4800	1493.0	18	16	427948.66 0.49265257 0.54232675 0.46502075	427951.34 0.49265414 0.542328 0.46501783	0.9999999990464964
80093106_4800	1493.0	22	20	892131.3 0.62562203 0.22231257 0.65206546	892133.3 0.6256206 0.22231318 0.65206623	0.9999999999892026
80093106_6500	1519.0	25	26	1881156.6 0.5275111 0.47590244 0.4965865	1881154.0 0.5275113 0.47590256 0.49658614	0.9999999999310892
80093106_6500	1519.0	26	27	1855900.6 0.48237875 0.5033443 0.514277	1855897.4 0.48237905 0.5033441 0.5142768	0.9999999999790579
80093106_7050	1627.0	22	28	2033531.4 0.45937625 0.46935493 0.5712688	2033527.4 0.45937666 0.4693544 0.5712689	0.9999999999686706
80093106_7050	1627.0	27	33	2675508.8 0.4815469 0.47448322 0.5439698	2675509.2 0.4815472 0.47448274 0.5439701	0.9999999999575834
80093106_6500	1519.0	33	34	1949048.0 0.65133387 0.7467215 0.10194464	1949051.4 0.6513338 0.7467207 0.10194549	0.9999999999997743
80093106_6500	1519.0	34	35	2246602.0 0.647821 0.08844246 0.76373655	2246603.2 0.6478211 0.088443294 0.76373565	0.9999999999995118
80093106_6500	1519.0	35	36	2225263.2 0.08929056 0.7710602 0.6396493	2225264.0 0.08929143 0.7710595 0.63964903	0.9999999999999593
80093106_7050	1627.0	30	37	2809066.8 0.61081177 0.5067117 0.38247648	2809068.8 0.61081135 0.5067117 0.38247693	0.9999999999999875
80093106_7050	1627.0	31	38	2368300.0 0.60101634 0.4536596 0.44532406	2368302.8 0.60101604 0.4536599 0.44532397	0.9999999999969396
80093106_6500	1519.0	38	39	2059124.6 0.5217761 0.51219 0.46603397	2059126.6 0.52177656 0.512189 0.46603447	0.9999999996516800
80093106_10000	1639.0	52	45	1175713.4 0.70806545 0.16922577 0.62270874	1175714.6 0.7080647 0.16922644 0.6227089	0.9999999999991190
80093106_10000	1639.0	53	46	1244392.0 0.1598861 0.5883411 0.75177276	1244394.0 0.15988666 0.588341 0.75177234	1.0000000000000000
80093106_7050	1627.0	40	47	1761485.4 0.41563162 0.5310853 0.55328304	1761484.6 0.4156312 0.5310867 0.55328214	0.9999999998743069
80093106_7050	1627.0	41	48	1961774.6 0.47686365 0.4967951 0.5263413	1961775.4 0.4768645 0.49679387 0.5263416	0.9999999991069983
80093106_7050	1627.0	42	49	1470368.0 0.66282725 0.70224804 0.13492472	1470366.6 0.66282654 0.70224935 0.13492417	0.9999999999949578
80093106_7050	1627.0	43	50	1898541.4 0.54387176 0.10449548 0.8516327	1898541.4 0.54387224 0.10449496 0.8516327	0.9999999999993529
80093106_6500	1519.0	49	52	2343545.2 0.68992054 0.553336 0.2567435	2343546.8 0.68992007 0.5533365 0.25674334	0.9999999999976327
80093106_6500	1519.0	50	53	1726881.4 0.75093055 0.34842578 0.40064362	1726882.0 0.75093144 0.34842566 0.4006429	0.9999999999984355
80093106_6500	1519.0	54	57	1918114.0 0.47899133 0.4549474 0.56606126	1918114.0 0.47899187 0.4549469 0.56606126	0.9999999999619167
80093106_4800	1493.0	62	64	2314802.8 0.4428442 0.5425724 0.51458335	2314802.8 0.44284335 0.54257363 0.51458293	0.9999999999255134
80093106_4800	1493.0	68	68	2110563.2 0.5891778 0.45561677 0.4552055	2110564.8 0.58917737 0.45561644 0.45520613	0.9999999999812388
80093106_4800	1493.0	69	69	1413978.6 0.6800725 0.6794586 0.14046888	1413980.0 0.68007183 0.6794594 0.14046875	0.9999999999974175
80093106_5500	1538.0	65	70	1667770.0 0.5760633 0.11909316 0.8048436	1667770.6 0.57606363 0.11909311 0.8048433	0.9999999999995259
80093106_5500	1538.0	66	71	1598177.4 0.124279074 0.8398905 0.5358304	1598180.0 0.124278866 0.8398891 0.535832	0.9999999999919663
80093106_5500	1538.0	67	72	1989021.4 0.6748515 0.43053937 0.39460912	1989024.0 0.6748506 0.4305408 0.39460862	0.9999999999755229
80093106_4800	1493.0	73	73	1899344.6 0.45086974 0.41324043 0.6358899	1899343.4 0.4508695 0.4132407 0.63588977	0.9999999999980401
80093106_4800	1493.0	74	74	2038192.0 0.38508934 0.59257126 0.5223394	2038192.6 0.38508922 0.5925706 0.52234024	0.9999999999753385
80093106_4800	1493.0	75	75	2251971.2 0.53631854 0.47275382 0.49092767	2251973.2 0.53631765 0.47275427 0.4909281	0.9999999999787406
80093106_4200	1320.0	70	76	2057916.6 0.51733387 0.53722 0.44544613	2057920.6 0.51733285 0.5372204 0.44544673	0.9999999998627382
80093106_10000	1639.0	90	84	1701314.0 0.5657045 0.11673742 0.81755805	1701312.0 0.5657046 0.11673755 0.8175579	0.9999999999999648
