ID	BITRATE	START_IDX	CAPTURE_START_IDX	KEY	CAPTURE_KEY	CORRELATION
80163052_2000	417.0	25	1	302849.0 0.34353092 0.65646905	302846.0 0.34288713 0.65711284	1.0000000000000000
80134721_4200	1729.0	2	2	366434.0 0.542215 0.45778504	366410.0 0.54311836 0.45688164	1.0000000000000000
80081770_3500	1048.0	11	3	365762.0 0.4637934 0.5362066	365738.0 0.4577211 0.5422789	1.0000000000000000
70039177_4800	803.0	3	4	352418.0 0.5573098 0.44269022	352411.0 0.56278604 0.43721393	1.0000000000000000
70097579_4200	1471.0	6	6	320989.0 0.38090402 0.619096	320981.0 0.38001314 0.61998683	1.0000000000000000
896970_4800	1341.0	5	8	397072.0 0.49989423 0.5001058	397067.0 0.49949253 0.5005075	1.0000000000000000
81074663_2000	779.0	2	9	379522.0 0.5251026 0.47489738	379532.0 0.52363175 0.47636828	1.0000000000000000
80239639_5500	1362.0	3	14	397796.0 0.49948716 0.50051284	397798.0 0.4994897 0.50051033	1.0000000000000000
60027695_1200	382.0	11	15	301051.0 0.6600177 0.33998227	301051.0 0.6613564 0.3386436	1.0000000000000000
80128722_4800	1758.0	21	19	221271.0 0.5304536 0.4695464	221275.0 0.5392611 0.4607389	1.0000000000000000
70251894_2000	590.0	0	23	422038.0 0.52904004 0.47095996	422029.0 0.53347045 0.46652955	1.0000000000000000
60020801_600	356.0	4	34	287053.0 0.4555953 0.5444047	287029.0 0.45872718 0.5412728	1.0000000000000000
70130445_20000	702.0	4	35	427568.0 0.3596504 0.6403496	427564.0 0.36336315 0.63663685	1.0000000000000000
1151721_10000	939.0	4	37	485656.0 0.46981815 0.5301819	485641.0 0.46264628 0.53735375	1.0000000000000000
80093106_4800	1493.0	10	38	450105.0 0.5797781 0.42022195	450106.0 0.57977676 0.42022324	1.0000000000000000
80033394_1200	407.0	49	40	582698.0 0.5839526 0.41604742	582691.0 0.5762814 0.42371857	1.0000000000000000
70052701_3500	850.0	85	42	429288.0 0.5430247 0.45697528	429312.0 0.5341034 0.4658966	1.0000000000000000
80031611_2000	648.0	6	43	345632.0 0.574967 0.42503297	345609.0 0.578732 0.42126796	1.0000000000000000
