ID	BITRATE	START_IDX	CAPTURE_START_IDX	KEY	CAPTURE_KEY	CORRELATION
80097391_15000	509.0	0	0	465030.66 0.42069915 0.6563589 0.422942	465030.0 0.42070404 0.65635765 0.42293832	0.9999999994980850
80097391_15000	509.0	1	1	406744.0 0.7504155 0.48354986 0.26603466	406742.0 0.75041676 0.4835473 0.26603597	0.9999999999589713
80097391_15000	509.0	2	2	421222.66 0.46692884 0.25689027 0.7761809	421222.0 0.46692482 0.25689065 0.77618456	0.9999999999213690
80097391_20000	531.0	2	3	420973.34 0.2570424 0.77664536 0.4663122	420974.66 0.2570416 0.7766406 0.46631786	0.9999999998426605
80097391_15000	509.0	4	4	621204.0 0.5263086 0.31601214 0.65767926	621206.7 0.52630794 0.31601077 0.6576813	0.9999999999897632
80097391_15000	509.0	5	5	619468.0 0.31689772 0.65952235 0.5235799	619469.3 0.31689706 0.6595258 0.5235772	0.9999999998864239
80097391_20000	531.0	6	6	619216.7 0.65979326 0.5237908 0.3164159	619217.3 0.6597942 0.52379024 0.31641558	0.9999999999947734
80097391_20000	531.0	7	7	582031.3 0.55725527 0.3366314 0.60611343	582032.0 0.5572546 0.33663097 0.60611445	0.9999999999859109
80097391_20000	531.0	8	8	496982.66 0.3942391 0.7098377 0.3959233	496984.66 0.39423752 0.7098368 0.3959257	0.9999999999387028
80097391_20000	531.0	9	9	659636.0 0.53480554 0.29829633 0.66689813	659638.7 0.5348049 0.29829815 0.6668969	0.9999999999986262
80097391_20000	531.0	10	10	555147.3 0.35444105 0.7924203 0.3531387	555148.7 0.3544438 0.79242015 0.35313603	0.9999999999431378
80097391_2000	543.0	22	13	488019.34 0.5596786 0.5372328 0.40308854	488038.66 0.5596524 0.53721154 0.4031361	0.9999999993773802
80097391_4800	491.0	28	14	643233.3 0.40759704 0.30582526 0.78657776	643254.0 0.40758395 0.30586052 0.7865555	0.9999999969365247
80097391_7050	511.0	7	19	383215.34 0.5119498 0.5669397 0.42111048	383216.66 0.5119506 0.5669378 0.42111164	0.9999999999204056
80097391_7050	511.0	8	20	383461.34 0.566576 0.42084032 0.5125836	383462.66 0.5665741 0.42084152 0.51258445	0.9999999999190621
80097391_7050	511.0	9	21	389612.66 0.41419598 0.5044908 0.58131325	389612.66 0.41419855 0.50449336 0.5813081	0.9999999995885807
80097391_7050	511.0	10	22	412778.66 0.47617772 0.5486887 0.47513357	412778.0 0.4761809 0.5486848 0.47513434	0.9999999995574123
80097391_7050	511.0	11	23	419049.34 0.5404781 0.46802363 0.4914982	419048.66 0.54047424 0.4680244 0.4915014	0.9999999981883941
80097391_7050	511.0	12	24	471544.0 0.41592088 0.43678215 0.64729697	471542.66 0.41592208 0.43678552 0.64729244	0.9999999999396521
80097391_7050	511.0	15	28	333744.0 0.586848 0.32423353 0.58891845	333742.0 0.58685154 0.3242265 0.58892196	0.9999999999999731
80097391_7050	511.0	16	29	421137.34 0.25694942 0.46670762 0.7763429	421134.66 0.25694394 0.46671057 0.7763455	0.9999999999346540
80097391_7050	511.0	17	30	479789.34 0.4096548 0.6814386 0.40890655	479788.66 0.40965536 0.68143755 0.40890712	0.9999999999999998
80097391_4800	491.0	18	31	621124.7 0.5263774 0.31585768 0.65776485	621127.3 0.5263752 0.31585956 0.6577653	0.9999999999429280
80097391_4200	492.0	18	32	619388.7 0.31674457 0.6596084 0.52364695	619390.0 0.31674552 0.6596103 0.5236442	0.9999999999026068
80097391_6500	511.0	20	33	619358.0 0.65964437 0.5236729 0.31668276	619356.7 0.65964574 0.5236724 0.3166818	0.9999999999947686
80097391_6500	511.0	21	34	582172.7 0.55712163 0.33691034 0.60596794	582171.3 0.5571212 0.3369094 0.60596937	0.9999999999858764
80097391_6500	511.0	22	35	497086.66 0.39457908 0.70969117 0.39572978	497086.66 0.3945771 0.70969117 0.3957318	0.9999999999386413
80097391_7050	511.0	23	36	659600.7 0.5348357 0.29822892 0.6669353	659601.3 0.5348352 0.29823014 0.66693467	0.9999999999986277
80097391_4800	491.0	24	37	555009.3 0.35443008 0.7926173 0.35295263	555010.0 0.35443145 0.79261816 0.3529504	0.9999999999748097
80097391_4200	492.0	27	40	488017.34 0.55967885 0.40308812 0.53723294	488018.66 0.55967534 0.40309113 0.53723353	0.9999999997942979
80097391_4200	492.0	28	41	643231.3 0.30582157 0.40759677 0.78658175	643234.0 0.3058234 0.40759662 0.78658	0.9999999999964890
80097391_4200	492.0	29	42	642758.0 0.4078969 0.78716093 0.30494213	642759.3 0.40789762 0.7871609 0.3049415	0.9999999999965126
80202920_3500	981.0	40	43	719153.3 0.7017502 0.27654603 0.5217038	719156.7 0.7035393 0.272547 0.5239136	0.9999709013604638
80097391_6500	511.0	33	47	578789.3 0.33908713 0.6014261 0.5594868	578790.0 0.33908498 0.60142887 0.55948615	0.9999999999498304
80097391_6500	511.0	34	48	578998.0 0.60120934 0.55928516 0.3395055	578998.7 0.6012121 0.5592845 0.33950335	0.9999999999496624
