ID	BITRATE	START_IDX	CAPTURE_START_IDX	KEY	CAPTURE_KEY	CORRELATION
80097391_7050	511.0	6	7	445611.34 0.5721802 0.44026482 0.4875549	445610.66 0.5721834 0.4402655 0.48755118	0.9999999989819629
80097391_7050	511.0	7	8	383215.34 0.5119498 0.5669397 0.42111048	383215.34 0.5119498 0.5669345 0.4211157	0.9999999999504088
80097391_7050	511.0	8	9	383461.34 0.566576 0.42084032 0.5125836	383460.66 0.56657183 0.4208463 0.51258194	0.9999999999525597
80097391_7050	511.0	9	10	389612.66 0.41419598 0.5044908 0.58131325	389613.34 0.4142004 0.50448734 0.58131224	0.9999999994231378
80097391_2000	543.0	7	11	419337.34 0.46873 0.5401069 0.49116302	419336.66 0.4687284 0.5401078 0.49116382	0.9999999996802038
80097391_6500	511.0	22	21	497086.66 0.39457908 0.70969117 0.39572978	497085.34 0.39458013 0.709693 0.39572683	0.9999999999384174
80097391_7050	511.0	23	22	659600.7 0.5348357 0.29822892 0.6669353	659598.0 0.5348379 0.2982271 0.666935	0.9999999999572350
80097391_4800	491.0	24	23	555009.3 0.35443008 0.7926173 0.35295263	555006.0 0.3544286 0.79262024 0.35295114	1.0000000000000000
80097391_6500	511.0	32	32	484730.0 0.37698513 0.4048852 0.7181297	484729.34 0.37698358 0.4048878 0.71812856	0.9999999999358753
80097391_6500	511.0	33	33	578789.3 0.33908713 0.6014261 0.5594868	578790.0 0.33908844 0.6014237 0.5594879	0.9999999999387221
80097391_6500	511.0	37	36	440222.66 0.3425971 0.6067725 0.55063045	440222.66 0.3425971 0.6067702 0.5506327	0.9999999998722187
80097391_6500	511.0	38	37	420438.66 0.63532454 0.5765407 0.28813478	420439.34 0.63532114 0.57654214 0.2881367	0.9999999999342204
