ID	BITRATE	START_IDX	CAPTURE_START_IDX	KEY	CAPTURE_KEY	CORRELATION
80991158_3500	905.0	3	1	433501.0 0.45806816 0.54193187	433526.0 0.4576127 0.5423873	1.0000000000000000
80093106_20000	1835.0	20	5	1640305.0 0.5310061 0.46899387	1640301.0 0.53100556 0.4689944	1.0000000000000000
80093106_20000	1835.0	21	6	967875.0 0.7948268 0.2051732	967874.0 0.7948266 0.2051734	1.0000000000000000
80191608_4800	1510.0	29	7	1140305.0 0.17422356 0.82577646	1140314.0 0.17414677 0.8258532	1.0000000000000000
80093106_20000	1835.0	23	8	1787708.0 0.52678233 0.47321767	1787706.0 0.5267824 0.47321764	1.0000000000000000
80093106_20000	1835.0	24	9	1663888.0 0.5084327 0.49156734	1663888.0 0.50843203 0.49156794	0.9999999999999999
80093106_20000	1835.0	25	10	1696116.0 0.48222703 0.517773	1696118.0 0.48222706 0.5177729	1.0000000000000000
80093106_20000	1835.0	26	11	1077208.0 0.8152585 0.18474148	1077208.0 0.81525946 0.18474056	1.0000000000000000
80093106_20000	1835.0	27	12	1273446.0 0.15627283 0.8437272	1273444.0 0.15627228 0.8437277	1.0000000000000000
80093106_20000	1835.0	28	13	2253253.0 0.47683993 0.5231601	2253252.0 0.4768397 0.5231603	1.0000000000000000
80093106_20000	1835.0	29	14	2303304.0 0.51179177 0.48820823	2303304.0 0.51179177 0.48820823	1.0000000000000000
80093106_20000	1835.0	30	15	2241309.0 0.50171214 0.49828783	2241309.0 0.50171214 0.49828783	1.0000000000000000
80093106_20000	1835.0	31	16	1315150.0 0.84919363 0.15080637	1315150.0 0.84919363 0.15080637	1.0000000000000000
80093106_20000	1835.0	32	17	1327572.0 0.14939529 0.8506047	1327571.0 0.1493954 0.8506046	1.0000000000000000
80093106_20000	1835.0	33	18	2507068.0 0.45042217 0.54957783	2507066.0 0.45042214 0.5495779	1.0000000000000000
80093106_20000	1835.0	34	19	2405554.0 0.57276994 0.42723006	2405554.0 0.5727695 0.42723048	1.0000000000000000
80093106_20000	1835.0	35	20	2020055.0 0.5087609 0.4912391	2020056.0 0.50876117 0.49123886	1.0000000000000000
80093106_10000	1639.0	32	21	1191064.0 0.83314496 0.166855	1191066.0 0.8331444 0.16685557	1.0000000000000000
80093106_10000	1639.0	33	22	1093982.0 0.18166204 0.818338	1093983.0 0.18166278 0.8183372	1.0000000000000000
80093106_6500	1519.0	26	23	1829404.0 0.4893654 0.5106346	1829405.0 0.48936513 0.5106349	1.0000000000000000
80093106_7050	1627.0	22	24	1888604.0 0.49462777 0.5053722	1888604.0 0.49462885 0.50537115	1.0000000000000000
80093106_7050	1627.0	23	25	2116141.0 0.45103234 0.54896766	2116140.0 0.4510316 0.54896843	1.0000000000000000
80093106_7050	1627.0	26	27	2608415.0 0.50606674 0.4939333	2608411.0 0.5060663 0.49393368	1.0000000000000000
80093106_7050	1627.0	27	28	2557867.0 0.5036943 0.4963057	2557867.0 0.5036939 0.4963061	1.0000000000000000
80093106_7050	1627.0	28	29	2724880.0 0.4658862 0.5341138	2724882.0 0.46588624 0.53411376	1.0000000000000000
80093106_7050	1627.0	30	32	3139198.0 0.5465762 0.45342377	3139201.0 0.546576 0.45342398	1.0000000000000000
80093106_7050	1627.0	31	33	2497789.0 0.5698588 0.4301412	2497793.0 0.5698587 0.43014133	1.0000000000000000
80093106_7050	1627.0	32	34	2129063.0 0.50463605 0.49536392	2129065.0 0.5046365 0.49536344	1.0000000000000000
80093106_6500	1519.0	39	35	2014285.0 0.52359176 0.47640824	2014285.0 0.52359074 0.47640926	1.0000000000000000
81076251_15000	1932.0	92	37	397641.0 0.4998579 0.5001421	397628.0 0.4996303 0.50036967	1.0000000000000000
80093106_7050	1627.0	36	39	2006097.0 0.5317181 0.46828195	2006096.0 0.53171784 0.46828216	1.0000000000000000
80093106_15000	1769.0	51	42	1030868.0 0.80755347 0.19244656	1030870.0 0.8075538 0.19244619	1.0000000000000000
80018689_15000	1525.0	9	43	1133891.0 0.17521526 0.82478476	1133888.0 0.17496173 0.82503825	1.0000000000000000
80093106_7050	1627.0	41	44	1910099.0 0.48976466 0.5102353	1910101.0 0.4897652 0.5102348	0.9999999999999999
80093106_7050	1627.0	42	45	2007163.0 0.48556095 0.51443905	2007163.0 0.48556095 0.51443905	1.0000000000000000
80093106_6500	1519.0	49	48	2913628.0 0.55493015 0.44506985	2913629.0 0.5549289 0.44507107	1.0000000000000000
80093106_6500	1519.0	50	49	1898458.0 0.6830638 0.31693617	1898462.0 0.6830645 0.3169355	1.0000000000000000
80093106_7050	1627.0	47	50	1293556.0 0.46514416 0.53485584	1293553.0 0.46514523 0.53485477	0.9999999999999999
70208599_4200	826.0	17	52	1071347.0 0.8140603 0.18593976	1071340.0 0.8145313 0.18546866	1.0000000000000000
80093106_7050	1627.0	55	56	1280281.0 0.15533465 0.84466535	1280282.0 0.15533453 0.84466547	1.0000000000000000
80093106_10000	1639.0	68	57	1843289.0 0.5866747 0.4133253	1843289.0 0.58667415 0.41332585	1.0000000000000000
80093106_4800	1493.0	61	58	1786975.0 0.42635068 0.57364935	1786972.0 0.42635196 0.57364804	1.0000000000000000
80093106_5500	1538.0	61	61	2447108.0 0.5132385 0.4867615	2447108.0 0.5132385 0.4867615	1.0000000000000000
80093106_10000	1639.0	73	63	2205103.0 0.43608212 0.5639179	2205105.0 0.43608263 0.56391734	1.0000000000000000
80093106_20000	1835.0	74	64	1442116.0 0.8622725 0.13772748	1442116.0 0.8622725 0.13772748	1.0000000000000000
80093106_7050	1627.0	63	66	2303036.0 0.4171624 0.5828376	2303036.0 0.4171624 0.5828376	1.0000000000000000
80093106_5500	1538.0	67	67	2198646.0 0.6105094 0.38949063	2198654.0 0.6105081 0.38949195	1.0000000000000000
80093106_5500	1538.0	68	68	1641238.0 0.52177197 0.47822803	1641244.0 0.52177376 0.47822627	1.0000000000000000
80093106_4800	1493.0	74	69	1992660.0 0.39388856 0.6061114	1992660.0 0.39388856 0.6061114	1.0000000000000000
80093106_4800	1493.0	75	70	2272402.0 0.53149664 0.4685034	2272405.0 0.5314959 0.46850407	1.0000000000000000
80093106_4200	1320.0	71	73	2022245.0 0.54669636 0.45330364	2022247.0 0.54669684 0.4533032	1.0000000000000000
80093106_15000	1769.0	86	77	2348691.0 0.49269146 0.50730854	2348691.0 0.49269187 0.5073081	1.0000000000000000
80093106_4800	1493.0	82	78	2153952.0 0.5531744 0.44682565	2153950.0 0.5531744 0.4468256	1.0000000000000000
80174429_10000	3278.0	58	79	1161028.0 0.8308981 0.16910186	1161047.0 0.82894146 0.17105854	1.0000000000000000
