ID	BITRATE	START_IDX	CAPTURE_START_IDX	KEY	CAPTURE_KEY	CORRELATION
80163052_4200	431.0	60	0	399752.0 0.50278175 0.49721828	399751.0 0.50291306 0.49708694	1.0000000000000000
70301367_2000	458.0	1	3	349446.0 0.43933254 0.56066746	349448.0 0.43129736 0.56870264	1.0000000000000000
81056132_4200	509.0	57	4	376804.0 0.5277651 0.4722349	376787.0 0.5274386 0.47256142	0.9999999999999999
70295915_7050	515.0	67	6	485290.0 0.49016258 0.5098374	485277.0 0.48087794 0.51912206	1.0000000000000000
80144140_5500	566.0	70	9	694862.0 0.49018222 0.5098178	694876.0 0.49223602 0.507764	1.0000000000000000
80232502_7050	1873.0	3	10	551514.0 0.6394978 0.36050218	551514.0 0.63975346 0.3602465	1.0000000000000000
81080637_1200	428.0	55	11	506282.0 0.389844 0.610156	506271.0 0.39244002 0.60756	1.0000000000000000
80183328_7050	1906.0	81	15	628401.0 0.3121303 0.68786967	628409.0 0.3160044 0.6839956	1.0000000000000000
80093106_20000	1835.0	31	25	1315150.0 0.84919363 0.15080637	1315149.0 0.8491935 0.15080649	1.0000000000000000
80093106_20000	1835.0	32	26	1327572.0 0.14939529 0.8506047	1327571.0 0.1493954 0.8506046	1.0000000000000000
80093106_20000	1835.0	33	27	2507068.0 0.45042217 0.54957783	2507065.0 0.45042232 0.5495777	1.0000000000000000
80093106_20000	1835.0	34	28	2405554.0 0.57276994 0.42723006	2405554.0 0.5727691 0.4272309	1.0000000000000000
80093106_6500	1519.0	25	31	1887578.0 0.52571654 0.47428346	1887577.0 0.52571684 0.47428316	1.0000000000000000
80093106_6500	1519.0	26	32	1829404.0 0.4893654 0.5106346	1829403.0 0.4893651 0.5106349	1.0000000000000000
80093106_7050	1627.0	22	33	1888604.0 0.49462777 0.5053722	1888605.0 0.49462804 0.5053719	0.9999999999999999
80093106_7050	1627.0	23	34	2116141.0 0.45103234 0.54896766	2116139.0 0.45103276 0.54896724	1.0000000000000000
80093106_7050	1627.0	24	35	1360630.0 0.8537905 0.14620948	1360626.0 0.85379153 0.14620844	1.0000000000000000
80093106_7050	1627.0	25	36	1518969.0 0.13096844 0.86903155	1518966.0 0.13096738 0.8690326	1.0000000000000000
80093106_7050	1627.0	26	37	2608415.0 0.50606674 0.4939333	2608415.0 0.5060663 0.49393368	1.0000000000000000
80093106_7050	1627.0	27	38	2557867.0 0.5036943 0.4963057	2557867.0 0.50369465 0.49630532	1.0000000000000000
80093106_7050	1627.0	28	39	2724880.0 0.4658862 0.5341138	2724880.0 0.46588585 0.5341142	1.0000000000000000
80093106_7050	1627.0	29	40	3171207.0 0.4589407 0.5410593	3171210.0 0.4589406 0.54105943	1.0000000000000000
80093106_7050	1627.0	30	41	3139198.0 0.5465762 0.45342377	3139202.0 0.54657614 0.45342383	1.0000000000000000
80093106_7050	1627.0	35	46	2026302.0 0.4735839 0.5264161	2026299.0 0.4735836 0.52641636	1.0000000000000000
80093106_7050	1627.0	36	47	2006097.0 0.5317181 0.46828195	2006095.0 0.5317181 0.46828192	1.0000000000000000
80093106_6500	1519.0	42	48	1771902.0 0.53017664 0.4698234	1771900.0 0.5301755 0.4698245	1.0000000000000000
80093106_10000	1639.0	52	49	1031443.0 0.80710423 0.19289578	1031444.0 0.80710346 0.19289656	1.0000000000000000
80232502_7050	1873.0	49	50	931102.0 0.21380687 0.78619313	931091.0 0.21368696 0.78631306	1.0000000000000000
80018689_15000	1525.0	9	52	1133891.0 0.17521526 0.82478476	1133885.0 0.1749622 0.82503784	1.0000000000000000
80093106_7050	1627.0	41	53	1910099.0 0.48976466 0.5102353	1910097.0 0.48976466 0.51023537	1.0000000000000000
80093106_7050	1627.0	42	54	2007163.0 0.48556095 0.51443905	2007162.0 0.48556072 0.5144393	1.0000000000000000
80093106_6500	1519.0	50	57	1898458.0 0.6830638 0.31693617	1898462.0 0.6830645 0.3169355	1.0000000000000000
80093138_6500	2133.0	30	58	1520445.0 0.3950521 0.60494787	1520452.0 0.395731 0.60426897	1.0000000000000000
80093106_15000	1769.0	60	59	1610626.0 0.5704372 0.42956278	1610627.0 0.5704375 0.42956254	1.0000000000000000
80093106_15000	1769.0	61	60	890566.0 0.77688235 0.22311766	890564.0 0.7768841 0.2231159	1.0000000000000000
80093106_15000	1769.0	62	61	1071342.0 0.18546925 0.81453073	1071338.0 0.18546808 0.8145319	1.0000000000000000
80093106_7050	1627.0	51	62	1840828.0 0.47404647 0.52595353	1840828.0 0.474047 0.525953	1.0000000000000000
80986885_5500	1568.0	52	65	1843299.0 0.40397677 0.5960232	1843286.0 0.4133249 0.5866751	1.0000000000000000
80093106_5500	1538.0	61	69	2447108.0 0.5132385 0.4867615	2447108.0 0.5132385 0.4867615	1.0000000000000000
80093106_5500	1538.0	62	70	2434654.0 0.48925146 0.51074857	2434655.0 0.48925126 0.51074874	1.0000000000000000
80093106_6500	1519.0	66	71	2205103.0 0.5639174 0.43608257	2205105.0 0.56391734 0.43608263	1.0000000000000000
80093106_7050	1627.0	63	74	2303036.0 0.4171624 0.5828376	2303036.0 0.4171624 0.5828376	1.0000000000000000
80093106_5500	1538.0	67	75	2198646.0 0.6105094 0.38949063	2198652.0 0.6105086 0.38949138	1.0000000000000000
80093106_5500	1538.0	68	76	1641238.0 0.52177197 0.47822803	1641244.0 0.5217725 0.4782275	1.0000000000000000
60027695_6500	1197.0	41	77	983939.0 0.7974783 0.2025217	983959.0 0.79768366 0.20231636	1.0000000000000000
80093106_20000	1835.0	81	78	1406847.0 0.14150223 0.85849774	1406845.0 0.14150172 0.8584983	1.0000000000000000
80093106_4800	1493.0	75	79	2272402.0 0.53149664 0.4685034	2272405.0 0.5314959 0.46850407	1.0000000000000000
80093106_6500	1519.0	77	80	2170183.0 0.4905706 0.5094294	2170188.0 0.49057087 0.50942916	1.0000000000000000
80093106_4200	1320.0	71	81	2022245.0 0.54669636 0.45330364	2022250.0 0.5466965 0.4533035	1.0000000000000000
80093106_20000	1835.0	85	82	1115171.0 0.8220201 0.17797989	1115171.0 0.8220201 0.17797989	1.0000000000000000
80093106_10000	1639.0	86	83	1355658.0 0.1464064 0.8535936	1355659.0 0.14640702 0.853593	0.9999999999999999
80093106_6500	1519.0	79	84	2067239.0 0.5597718 0.44022825	2067240.0 0.559771 0.440229	0.9999999999999999
80093106_5500	1538.0	75	85	2101563.0 0.43303722 0.5669628	2101566.0 0.4330385 0.56696147	1.0000000000000000
80093106_4800	1493.0	82	86	2153952.0 0.5531744 0.44682565	2153948.0 0.55317354 0.4468265	1.0000000000000000
80174429_10000	3278.0	58	87	1161028.0 0.8308981 0.16910186	1161051.0 0.8289395 0.17106053	1.0000000000000000
80093106_10000	1639.0	92	90	2533159.0 0.54908633 0.45091367	2533153.0 0.54908687 0.45091316	1.0000000000000000
80093106_4800	1493.0	2	94	2466987.0 0.4149588 0.58504117	2466988.0 0.41495946 0.58504057	1.0000000000000000
80093106_4800	1493.0	3	95	1642274.0 0.8788357 0.121164314	1642273.0 0.8788356 0.12116439	1.0000000000000000
