ID	BITRATE	START_IDX	CAPTURE_START_IDX	KEY	CAPTURE_KEY	CORRELATION
80091879_15000	1561.0	30	33	1362816.4 0.56489635 0.5098258 0.14391375 0.63579 0.64557415	1362817.2 0.5648975 0.50982404 0.14391439 0.6357903 0.64557374	0.9999999999856055
80091879_15000	1561.0	31	34	1421950.0 0.48862407 0.1379289 0.60934985 0.6187271 0.64537007	1421950.8 0.4886224 0.13792953 0.6093502 0.6187268 0.64537114	0.9999999999872770
80091879_15000	1561.0	32	35	1505784.4 0.13024972 0.5754244 0.58427954 0.6094392 0.6006072	1505786.4 0.13025022 0.57542425 0.58427876 0.60943973 0.6006071	0.9999999999974346
80091879_5500	1325.0	36	36	1892528.0 0.45783576 0.46487874 0.48489955 0.4778714 0.6145145	1892528.8 0.45783505 0.46488014 0.48489937 0.47787175 0.61451375	0.9999999999268214
80091879_7050	1337.0	36	37	1921996.4 0.45775217 0.47746396 0.47054616 0.60509217 0.48914558	1921996.0 0.45775276 0.4774651 0.4705452 0.6050923 0.48914462	0.9999999998790655
80091879_7050	1337.0	37	38	1648837.2 0.55656433 0.5485005 0.70533645 0.5701812 0.11941749	1648835.6 0.5565661 0.5484998 0.70533717 0.57018054 0.11941639	0.9999999999899927
80091879_7050	1337.0	38	39	1624094.0 0.55685693 0.71608233 0.578868 0.12123682 0.52695596	1624091.2 0.55685663 0.7160835 0.57886773 0.121235795 0.5269562	0.9999999999979677
80091879_7050	1337.0	39	40	1661884.4 0.699799 0.5657048 0.11847997 0.5149732 0.60104305	1661882.4 0.69979984 0.5657043 0.1184789 0.5149733 0.60104376	0.9999999999981006
80091879_7050	1337.0	40	41	1639917.2 0.5732826 0.12006703 0.52187145 0.60909414 0.6756847	1639915.2 0.57328206 0.12006596 0.5218715 0.6090949 0.6756855	0.9999999999978925
80091879_7050	1337.0	41	42	1749112.0 0.11257141 0.4892917 0.5710692 0.6335026 0.6935651	1749110.0 0.11257039 0.4892917 0.57106984 0.6335033 0.6935647	0.9999999999974803
80091879_10000	1436.0	43	43	2203454.5 0.38840193 0.45331636 0.5028772 0.5505546 0.6048498	2203454.0 0.38840157 0.45331737 0.5028773 0.5505543 0.60484946	0.9999999999775977
80091879_10000	1436.0	44	44	2333361.5 0.42807853 0.47488013 0.5199031 0.5711755 0.5059627	2333361.2 0.42807946 0.4748802 0.51990277 0.57117516 0.5059624	0.9999999999864648
