ID	BITRATE	START_IDX	CAPTURE_START_IDX	KEY	CAPTURE_KEY	CORRELATION
80093106_5500	1538.0	10	17	469689.2 0.51441467 0.45110258 0.4227945 0.58166975 0.53001857	469688.4 0.51441336 0.45110333 0.42279732 0.5816686 0.5300173	0.9999999999104209
80093106_5500	1538.0	11	18	457376.0 0.46324688 0.43417668 0.59732914 0.54428744 0.4609599	457375.2 0.4632477 0.43417966 0.597328 0.5442862 0.46095854	0.9999999997847500
80093106_4800	1493.0	15	19	465457.6 0.42663822 0.5869579 0.53482854 0.45295212 0.4986233	465459.2 0.4266389 0.5869537 0.53483313 0.4529527 0.49862158	0.9999999988506243
80093106_4800	1493.0	16	20	465626.8 0.58674455 0.5346342 0.4527875 0.49844208 0.42739162	465627.6 0.58674145 0.5346397 0.4527889 0.49844125 0.42738876	0.9999999984241856
80093106_4800	1493.0	17	21	541216.4 0.45996392 0.38954845 0.42882663 0.3676995 0.8539616	541218.0 0.45996806 0.38954914 0.42882535 0.36769655 0.8539609	0.9999999999113515
80093106_20000	1835.0	34	29	2090915.6 0.6589596 0.49151912 0.47459114 0.42816076 0.44676936	2090915.2 0.65895927 0.49152017 0.47459123 0.42816082 0.44676846	0.9999999999708598
80093106_7050	1627.0	24	35	2095411.6 0.5543985 0.09493934 0.6299631 0.61485916 0.6058399	2095410.8 0.5543987 0.09493843 0.6299638 0.6148599 0.6058392	0.9999999999968369
80093106_7050	1627.0	25	36	2212892.8 0.08989907 0.59651875 0.5822166 0.5736762 0.65768933	2212891.5 0.089898214 0.59651953 0.58221745 0.5736757 0.6576893	0.9999999999966898
80093106_6500	1519.0	31	37	2212795.5 0.5965454 0.58224267 0.5737001 0.65771824 0.08979366	2212796.0 0.5965453 0.58224255 0.5737004 0.65771765 0.08979409	0.9999999999992093
80093106_6500	1519.0	32	38	2371107.2 0.5433681 0.53539586 0.6138044 0.0837984 0.7236332	2371107.5 0.54336804 0.5353962 0.61380386 0.08379882 0.72363317	0.9999999999993392
80093106_6500	1519.0	33	39	2425108.8 0.52347386 0.6001364 0.08193241 0.7075196 0.5869378	2425109.2 0.52347416 0.60013586 0.081932805 0.7075195 0.58693767	0.9999999999993650
80093106_6500	1519.0	34	40	2347077.2 0.62008864 0.08465635 0.73104197 0.6064513 0.45776168	2347077.2 0.6200882 0.08465678 0.73104197 0.6064513 0.45776168	0.9999999999996889
80093106_6500	1519.0	35	41	2186784.0 0.09086174 0.78462803 0.6509047 0.49131602 0.48228952	2186784.5 0.09086218 0.78462785 0.65090454 0.4913159 0.4822894	0.9999999999999293
80093106_6500	1519.0	36	42	2491154.8 0.6887617 0.5713768 0.43128672 0.4233631 0.3852117	2491156.0 0.68876135 0.5713765 0.4312865 0.42336288 0.38521272	0.9999999999933026
80093106_6500	1519.0	37	43	2231500.5 0.6378614 0.48147064 0.47262505 0.4300344 0.47800842	2231502.0 0.63786095 0.48147032 0.47262472 0.43003547 0.47800854	0.9999999999815181
80093106_6500	1519.0	38	44	2037913.6 0.52720684 0.51752096 0.47088453 0.5234157 0.46097195	2037914.8 0.52720654 0.51752067 0.47088575 0.5234159 0.4609712	0.9999999997254955
80093106_6500	1519.0	39	45	1941145.2 0.54332 0.4943587 0.5495086 0.48395193 0.42886075	1941146.4 0.54331964 0.49435994 0.5495088 0.48395115 0.4288605	0.9999999998772089
80093106_6500	1519.0	45	51	2116660.8 0.3458882 0.4419702 0.46044177 0.48782688 0.763873	2116659.5 0.34588888 0.44197 0.46044156 0.48782623 0.76387346	0.9999999999941178
80093106_15000	1769.0	62	60	1329671.2 0.14943619 0.65628326 0.816571 0.72814316 0.1495663	1329670.4 0.14943554 0.6562837 0.81657153 0.72814363 0.14956564	0.9999999999999756
