ID	BITRATE	START_IDX	CAPTURE_START_IDX	KEY	CAPTURE_KEY	CORRELATION
80096067_20000	1252.0	10	9	1267794.0 0.15690799 0.71161085 0.6314811	1267792.6 0.15690736 0.7116116 0.63148105	0.9999999999992774
80096067_20000	1252.0	11	10	1267667.4 0.71168196 0.63154423 0.15677378	1267667.4 0.71168196 0.63154346 0.15677457	0.9999999999987079
80096067_20000	1252.0	12	11	1234346.6 0.64859253 0.16100582 0.6904017	1234346.6 0.6485917 0.16100664 0.6904017	0.9999999999988110
80096067_20000	1252.0	13	12	1221549.4 0.16269256 0.6976345 0.6396729	1221550.6 0.16269322 0.6976338 0.63967305	0.9999999999991445
80096067_20000	1252.0	14	13	1643927.4 0.5183897 0.47532028 0.50629	1643928.0 0.51838946 0.4753207 0.50628984	0.9999999999907283
80096067_20000	1252.0	15	14	1495476.0 0.52250385 0.5565479 0.42094824	1495477.4 0.52250403 0.55654734 0.42094854	0.9999999999922417
80096067_7050	1219.0	15	15	1561558.0 0.53299654 0.4031352 0.5638683	1561556.0 0.5329966 0.40313572 0.5638677	0.9999999999968366
80096067_20000	1252.0	17	16	1139390.6 0.5525041 0.77279294 0.17470303	1139390.6 0.55250496 0.77279115 0.17470391	0.9999999999950748
80096067_20000	1252.0	18	17	1176430.6 0.7484615 0.16920249 0.58233607	1176428.6 0.74846107 0.16920364 0.58233535	0.9999999999990553
80096067_20000	1252.0	19	18	1095228.0 0.18174754 0.62551177 0.6927407	1095228.0 0.18174846 0.6255099 0.69274163	0.9999999999862652
80096067_7050	1219.0	18	19	1443557.4 0.4745762 0.5255842 0.4998395	1443555.4 0.4745755 0.5255843 0.4998402	0.9999999997216205
80096067_7050	1219.0	19	20	1540861.4 0.49239406 0.4682751 0.5393308	1540862.0 0.49239323 0.4682749 0.53933185	0.9999999998534970
80096067_20000	1252.0	22	21	1365068.0 0.52857953 0.6087865 0.36263394	1365068.6 0.5285793 0.608787 0.3626338	0.9999999999975210
80096067_15000	1249.0	20	22	1472279.4 0.5644547 0.33622694 0.5993183	1472278.6 0.5644556 0.33622712 0.59931725	0.9999999999761322
80096067_7050	1219.0	23	23	1513930.6 0.326976 0.58283055 0.5901935	1513930.0 0.3269768 0.5828288 0.5901944	0.9999999999600738
80096067_7050	1219.0	24	24	1617154.6 0.5456281 0.55252105 0.40185088	1617151.4 0.54562736 0.5525228 0.40184984	0.9999999998993803
80096067_6500	1163.0	29	28	1489558.6 0.31996325 0.40745628 0.77258056	1489557.4 0.3199635 0.40745527 0.77258116	0.9999999999953680
80096067_6500	1163.0	30	29	1514814.6 0.4006629 0.7596996 0.3396376	1514813.4 0.4006619 0.7597002 0.33963788	0.9999999999951704
80096067_6500	1163.0	31	30	1429010.6 0.8053152 0.36003092 0.3346539	1429012.6 0.80531406 0.3600304 0.33465555	0.9999999999925847
80096067_6500	1163.0	32	31	980338.7 0.5248064 0.48781508 0.4873785	980340.0 0.52480567 0.4878175 0.48737684	0.9999999954651119
80096067_6500	1163.0	38	37	1913728.6 0.5751861 0.46563655 0.45917743	1913730.6 0.5751865 0.45917746 0.46563607	0.9950923256608535
80096067_5500	1125.0	40	41	1275498.6 0.5871194 0.3511905 0.56169015	1275499.4 0.58711904 0.35119107 0.5616898	0.9999999999999410
80096067_15000	1249.0	43	45	1300404.6 0.6634089 0.68386406 0.15272708	1300403.4 0.66340953 0.6838647 0.15272568	0.9999999999999951
80096067_3500	977.0	48	48	1254233.4 0.5854365 0.48019612 0.43436733	1254233.4 0.5854365 0.48019612 0.43436733	1.0000000000000000
80096067_10000	1159.0	50	51	1073370.0 0.18588372 0.57207114 0.74204516	1073370.6 0.18588267 0.57207173 0.74204564	0.9999999999993665
80096067_7050	1219.0	52	55	1230461.4 0.713078 0.62526953 0.16165237	1230462.0 0.7130785 0.62526923 0.1616523	0.9999999999992324
80096067_20000	1252.0	58	56	952577.3 0.80767304 0.20880824 0.48351875	952576.0 0.8076731 0.20880958 0.48351732	0.9999999999911554
80096067_4800	1064.0	63	64	962526.7 0.5872637 0.70596486 0.2067714	962522.7 0.58726305 0.7059657 0.20677122	0.9999999999962876
80096067_4800	1064.0	64	65	950637.3 0.71479416 0.20935744 0.5758484	950635.3 0.71479356 0.20935683 0.57584965	0.9999999999924596
