ID	BITRATE	START_IDX	CAPTURE_START_IDX	KEY	CAPTURE_KEY	CORRELATION
80184100_4200	809.0	55	2	470158.0 0.41486266 0.6682796 0.41685775	470158.66 0.4164807 0.66390353 0.4196158	0.9999911875968022
80091741_15000	4673.0	6	6	580557.3 0.33781677 0.3112888 0.85089445	580555.3 0.3378214 0.311283 0.85089564	0.9999999998559695
80091741_15000	4673.0	7	7	580994.0 0.31105486 0.8502549 0.33869025	580990.0 0.31105012 0.85025907 0.33869085	0.9999999999658001
80091741_7050	1917.0	23	28	3019358.0 0.41883308 0.46345946 0.6177075	3019354.0 0.41883364 0.46345875 0.6177076	0.9999999999807744
80091741_7050	1917.0	24	29	2721902.0 0.5141074 0.685212 0.30068055	2721896.8 0.5141069 0.6852126 0.3006804	0.9999999999975854
80091741_7050	1917.0	25	30	2696992.0 0.6915408 0.3034577 0.5050015	2696992.0 0.69154006 0.30345696 0.505003	0.9999999999781138
80091741_7050	1917.0	26	31	2169336.8 0.37726876 0.62783474 0.4948964	2169337.2 0.37726775 0.62783647 0.49489585	0.9999999999925719
80091741_7050	1917.0	27	32	1754582.6 0.77624446 0.6118817 0.1118739	1754584.0 0.77624613 0.61188066 0.11187324	0.9999999999940995
80091741_7050	1917.0	28	33	1511842.0 0.71012515 0.12983632 0.66003853	1511840.6 0.7101251 0.12983577 0.6600391	0.9999999999994258
80091741_7050	1917.0	29	34	2258004.8 0.086931616 0.4419273 0.971141	2258005.2 0.086931154 0.44192722 0.9711417	0.9999999999999932
80091741_7050	1917.0	30	35	3350228.0 0.29785258 0.6545349 0.5476126	3350229.2 0.29785246 0.65453523 0.54761237	0.9999999999991749
80091741_7050	1917.0	31	36	2815682.0 0.77879566 0.6515747 0.06962967	2815682.8 0.7787962 0.6515745 0.0696293	0.9999999999997236
80091741_7050	1917.0	32	37	2555160.0 0.71800864 0.07672905 0.7052623	2555159.2 0.7180089 0.07672868 0.7052625	0.9999999999999999
80091741_6500	1869.0	34	38	1780157.4 0.11013296 1.0123026 0.37756437	1780156.6 0.11013301 1.0123031 0.37756398	0.9999999999997677
80091741_6500	1869.0	35	39	2582298.8 0.6978503 0.26028126 0.5418684	2582298.0 0.6978505 0.26028097 0.5418685	0.9999999999999372
80091741_6500	1869.0	36	40	1511667.4 0.44462427 0.9256441 0.12973158	1511665.4 0.4446242 0.92564535 0.12973043	0.9999999999999806
80091741_6500	1869.0	37	41	2408687.2 0.58092475 0.08141821 0.8376571	2408685.2 0.5809252 0.08141745 0.8376574	0.9999999999996630
80091741_7050	1917.0	39	45	3969573.2 0.52492017 0.47873735 0.4963425	3969571.2 0.52492017 0.47873658 0.49634328	0.9999999995493036
80091741_7050	1917.0	43	49	1991096.6 0.5119651 0.5257661 0.4622689	1991098.0 0.51196474 0.5257667 0.46226856	0.9999999999165392
80091741_7050	1917.0	44	50	2694708.8 0.3884839 0.3415664 0.7699496	2694690.0 0.38848737 0.3415688 0.76994383	0.9999999999903462
80091741_7050	1917.0	45	51	2127453.2 0.43264028 0.9752459 0.09211389	2127432.0 0.4326446 0.9752415 0.092113875	0.9999999999701252
80091741_7050	1917.0	46	52	2837718.8 0.73114717 0.06905829 0.69979453	2837697.2 0.7311421 0.069058105 0.69979984	0.9999999999042055
80091741_7050	1917.0	47	53	2582116.8 0.07589432 0.7690667 0.65503895	2582116.8 0.07589355 0.7690667 0.6550397	0.9999999999991466
80091741_6500	1869.0	50	54	3514263.2 0.5650743 0.48129264 0.45363307	3514263.2 0.5650743 0.48129264 0.45363307	1.0000000000000000
80091741_10000	3264.0	58	63	5009441.5 0.039164845 0.7154724 0.74536276	5009420.5 0.03916501 0.7154696 0.74536544	0.9999999999761223
80091741_10000	3264.0	59	64	6957356.0 0.515155 0.5366767 0.44816825	6957336.0 0.51515234 0.53667796 0.44816968	0.9999999988578377
80091741_10000	3264.0	62	68	4305063.5 0.59516174 0.43244055 0.47239769	4305062.5 0.5951614 0.43244088 0.47239777	0.9999999999999202
80091741_10000	3264.0	69	78	2761104.8 0.68714994 0.658004 0.154846	2761106.0 0.68714964 0.65800446 0.15484592	0.9999999999992277
