ID	BITRATE	START_IDX	CAPTURE_START_IDX	KEY	CAPTURE_KEY	CORRELATION
80200961_6500	1346.0	8	0	397560.0 0.4996227 0.5003773	397561.0 0.49964407 0.5003559	1.0000000000000000
80232502_2000	524.0	7	1	398003.0 0.4992701 0.5007299	397985.0 0.49982285 0.50017715	1.0000000000000000
80096067_6500	1163.0	40	3	1627610.0 0.53989655 0.46010345	1627612.0 0.5398965 0.4601035	1.0000000000000000
70021636_4200	1146.0	53	8	1032762.0 0.8096715 0.19032846	1032781.0 0.807388 0.19261199	1.0000000000000000
80096067_20000	1252.0	10	9	1101103.0 0.18066157 0.81933844	1101102.0 0.18066083 0.81933916	1.0000000000000000
80096067_20000	1252.0	11	10	1702764.0 0.52983034 0.47016966	1702763.0 0.52983063 0.47016937	1.0000000000000000
80096067_20000	1252.0	12	11	999325.0 0.80112875 0.19887124	999325.0 0.80112773 0.19887224	1.0000000000000000
80096067_20000	1252.0	13	12	1050932.0 0.18910548 0.81089455	1050933.0 0.18910626 0.8108938	1.0000000000000000
80096067_20000	1252.0	14	13	1633587.0 0.521671 0.47832897	1633588.0 0.5216707 0.4783293	1.0000000000000000
80096067_20000	1252.0	15	14	1613696.0 0.48422503 0.51577497	1613697.0 0.48422536 0.51577467	1.0000000000000000
80096067_7050	1219.0	15	15	1461824.0 0.5693606 0.4306394	1461823.0 0.5693603 0.43063968	1.0000000000000000
80096067_7050	1219.0	16	16	1510032.0 0.41689116 0.58310884	1510030.0 0.41689172 0.5831083	1.0000000000000000
80096067_20000	1252.0	18	17	1079568.0 0.8156161 0.18438394	1079567.0 0.81561494 0.18438503	1.0000000000000000
80096067_20000	1252.0	19	18	884133.0 0.22514147 0.77485853	884132.0 0.22514285 0.77485716	1.0000000000000000
80096067_7050	1219.0	18	19	1443789.0 0.4745001 0.52549994	1443786.0 0.47449967 0.5255003	1.0000000000000000
80096067_7050	1219.0	19	20	1480258.0 0.5125532 0.48744678	1480257.0 0.5125529 0.4874471	1.0000000000000000
80096067_7050	1219.0	20	21	1552581.0 0.46474034 0.53525966	1552583.0 0.46473974 0.53526026	1.0000000000000000
80096067_5500	1125.0	22	22	1326057.0 0.62669706 0.37330297	1326056.0 0.62669754 0.3733025	1.0000000000000000
80096067_7050	1219.0	23	23	1377384.0 0.3593907 0.6406093	1377382.0 0.35939196 0.6406081	1.0000000000000000
80096067_7050	1219.0	24	24	1775877.0 0.49686155 0.5031384	1775875.0 0.4968604 0.50313956	0.9999999999999999
80096067_7050	1219.0	25	25	1543367.0 0.5789368 0.42106315	1543365.0 0.57893825 0.42106178	1.0000000000000000
80096067_6500	1163.0	29	28	1083534.0 0.43986067 0.5601393	1083532.0 0.43986148 0.5601385	1.0000000000000000
80096067_6500	1163.0	30	29	1757734.0 0.34529117 0.65470886	1757732.0 0.34529042 0.6547096	1.0000000000000000
80096067_6500	1163.0	31	30	1665292.0 0.6910524 0.30894762	1665292.0 0.6910524 0.30894762	1.0000000000000000
80096067_6500	1163.0	32	31	992712.0 0.5182651 0.48173487	992715.0 0.5182636 0.48173645	1.0000000000000000
80096067_6500	1163.0	33	32	956020.0 0.5002238 0.49977615	956022.0 0.50022596 0.49977407	1.0000000000000000
80096067_6500	1163.0	41	41	1196813.0 0.6257193 0.3742807	1196814.0 0.6257196 0.3742804	1.0000000000000000
80096067_5500	1125.0	41	42	1164378.0 0.3847058 0.61529416	1164379.0 0.38470635 0.6152936	1.0000000000000000
80096067_6500	1163.0	45	45	1752000.0 0.49240866 0.5075913	1752000.0 0.49240866 0.5075913	1.0000000000000000
80096067_15000	1249.0	44	46	1087907.0 0.8174412 0.1825588	1087905.0 0.8174427 0.1825573	1.0000000000000000
80096067_20000	1252.0	49	47	932881.0 0.21289639 0.7871036	932879.0 0.21289471 0.7871053	1.0000000000000000
80096067_6500	1163.0	49	48	1336554.0 0.5493792 0.45062077	1336552.0 0.5493793 0.4506207	1.0000000000000000
80096067_3500	977.0	49	49	1147076.0 0.525055 0.47494498	1147076.0 0.525055 0.47494498	1.0000000000000000
80096067_10000	1159.0	50	51	813566.0 0.24524377 0.7547562	813566.0 0.24524255 0.75475746	1.0000000000000000
80096067_4200	981.0	52	52	1410528.0 0.43532562 0.5646744	1410535.0 0.43532774 0.5646723	1.0000000000000000
80096067_7050	1219.0	52	55	1646785.0 0.53280485 0.46719518	1646786.0 0.5328051 0.46719489	1.0000000000000000
80096067_7050	1219.0	53	56	968277.0 0.79457635 0.20542365	968277.0 0.79457635 0.20542365	1.0000000000000000
80096067_20000	1252.0	59	57	659495.0 0.3016035 0.6983965	659494.0 0.30160546 0.69839454	1.0000000000000000
80000643_6500	3521.0	6	59	734834.0 0.2668385 0.7331615	734822.0 0.27015385 0.7298461	1.0000000000000000
80096067_6500	1163.0	61	61	1371667.0 0.4622587 0.5377413	1371671.0 0.46225807 0.5377419	1.0000000000000000
80096067_4800	1064.0	63	64	1244767.0 0.45410666 0.5458933	1244762.0 0.4541061 0.5458939	1.0000000000000000
80096067_6500	1163.0	64	65	878533.0 0.7734587 0.2265413	878530.0 0.7734602 0.22653979	1.0000000000000000
80096067_4800	1064.0	65	66	746446.0 0.26662746 0.73337257	746445.0 0.26662648 0.7333735	1.0000000000000000
80096067_7050	1219.0	65	67	1323476.0 0.41362518 0.5863748	1323478.0 0.41362455 0.5863754	1.0000000000000000
70264803_15000	1575.0	44	72	1118738.0 0.8245192 0.17548077	1118717.0 0.8220381 0.1779619	1.0000000000000000
