ID	BITRATE	START_IDX	CAPTURE_START_IDX	KEY	CAPTURE_KEY	CORRELATION
70213513_3500	679.0	80	2	335176.0 0.3189369 0.58671564 0.5943475	335182.66 0.32509738 0.58631915 0.5885835	0.9998579444404778
1151721_5500	946.0	10	6	510550.0 0.38362747 0.73215353 0.384219	510571.34 0.38412654 0.73047185 0.38540158	0.9999985156291047
80091741_5500	1850.0	33	32	2363535.2 0.36482173 0.6174488 0.5177295	2363516.8 0.36481315 0.6174528 0.517734	0.9999999996993350
80091741_4800	1394.0	50	50	1914261.4 0.6656139 0.57778424 0.25660184	1914261.4 0.66561496 0.57778317 0.25660184	0.9999999999887169
80091741_4200	1194.0	52	51	1195552.0 0.9251208 0.41085958 0.16401963	1195549.4 0.9251211 0.41085964 0.16401915	0.9999999999999218
80091741_4200	1194.0	53	52	1435072.0 0.34228528 0.13664402 1.0210707	1435072.6 0.3422844 0.13664326 1.0210724	0.9999999999997017
80091741_7050	1917.0	58	59	3761541.2 0.5860497 0.48835275 0.4255976	3761558.0 0.58604705 0.48834977 0.42560318	0.9999999992870224
80091741_4200	1194.0	67	69	2209296.8 0.5292797 0.61535734 0.35536286	2209296.0 0.5292795 0.615358 0.35536253	0.9999999999966438
80091741_4200	1194.0	68	70	1977112.6 0.6876224 0.39709523 0.41528237	1977112.0 0.68762314 0.39709485 0.41528198	0.9999999999999799
80091741_3500	903.0	72	71	1201371.4 0.6535032 0.68343645 0.16306032	1201371.4 0.653504 0.6834348 0.16306116	0.9999999999914247
80091741_3500	903.0	73	72	854990.7 0.9603157 0.22912063 0.31056362	854990.0 0.96031415 0.22912198 0.31056386	0.9999999999994760
80091741_3500	903.0	74	73	674544.0 0.2904125 0.39364222 0.81594527	674546.0 0.2904131 0.39364105 0.81594586	0.9999999999939772
80091741_4200	1194.0	71	74	946388.0 0.28057307 0.5815712 0.6378557	946387.3 0.28057116 0.58157265 0.6378562	0.9999999999924588
80091741_4200	1194.0	75	78	1510410.0 0.21367775 0.32063943 0.9656828	1510410.6 0.21367832 0.32063863 0.9656831	0.9999999999984918
