ID	BITRATE	START_IDX	CAPTURE_START_IDX	KEY	CAPTURE_KEY	CORRELATION
80075563_6500	2120.0	12	3	351689.34 0.4224524 0.5656242 0.5119234	351668.66 0.42857388 0.5651115 0.5063147	0.9979957252743705
80093106_20000	1835.0	31	25	1629592.6 0.6853351 0.121707104 0.6929579	1629591.4 0.685335 0.1217072 0.69295776	0.9999999999999999
80093106_20000	1835.0	32	26	1803600.6 0.109965034 0.62610257 0.7639324	1803598.6 0.10996515 0.62610275 0.76393217	0.9999999999998702
80093106_20000	1835.0	33	27	2356528.8 0.47919592 0.58468586 0.43611816	2356528.0 0.47919565 0.5846852 0.43611917	0.9999999999835715
80093106_6500	1519.0	25	31	1881156.6 0.5275111 0.47590244 0.4965865	1881156.0 0.5275113 0.47590205 0.49658668	0.9999999999752575
80093106_6500	1519.0	26	32	1855900.6 0.48237875 0.5033443 0.514277	1855900.6 0.48237818 0.5033443 0.5142775	0.9999999999823651
80093106_7050	1627.0	22	33	2033531.4 0.45937625 0.46935493 0.5712688	2033530.6 0.4593769 0.4693551 0.571268	0.9999999999953965
80093106_7050	1627.0	23	34	1543385.4 0.61841196 0.75269145 0.12889652	1543382.6 0.6184131 0.7526915 0.12889545	0.9999999999976570
80093106_7050	1627.0	24	35	1787108.0 0.65004075 0.111317836 0.73864144	1787104.6 0.65004086 0.11131693 0.7386423	0.9999999999997150
80093106_7050	1627.0	25	36	1871568.0 0.1062943 0.7053081 0.68839765	1871566.6 0.106293306 0.705308 0.68839866	0.9999999999987024
80093106_7050	1627.0	26	37	2585266.0 0.5105981 0.49835607 0.4910458	2585265.2 0.5105979 0.4983566 0.49104556	0.9999999989992205
80093106_7050	1627.0	27	38	2675508.8 0.4815469 0.47448322 0.5439698	2675509.2 0.4815472 0.47448274 0.5439701	0.9999999999575834
80093106_7050	1627.0	28	39	2960460.8 0.42881298 0.4916113 0.57957566	2960462.0 0.42881247 0.49161145 0.5795761	0.9999999999981501
80093106_7050	1627.0	29	40	3063062.8 0.47514403 0.5601619 0.46469405	3063066.0 0.47514385 0.56016195 0.4646942	0.9999999999946163
80093106_7050	1627.0	31	42	2368300.0 0.60101634 0.4536596 0.44532406	2368302.0 0.6010167 0.4453237 0.45365962	0.9954707541215386
80093106_7050	1627.0	35	46	1977147.4 0.48535785 0.5395035 0.47513857	1977144.6 0.48535752 0.53950375 0.47513872	0.9999999999691556
80093106_6500	1519.0	41	47	1892385.4 0.5636674 0.4964216 0.43991092	1892384.6 0.5636682 0.49642023 0.43991163	0.9999999998064930
80093106_10000	1639.0	51	48	1313908.6 0.7149812 0.633592 0.15142682	1313908.0 0.71498007 0.6335923 0.15142766	0.9999999999978143
80093106_10000	1639.0	52	49	1175713.4 0.70806545 0.16922577 0.62270874	1175715.4 0.70806426 0.16922633 0.6227094	0.9999999999957814
80093106_7050	1627.0	41	53	1961774.6 0.47686365 0.4967951 0.5263413	1961773.4 0.47686344 0.4967949 0.5263416	0.9999999999888010
80093106_15000	1769.0	59	58	1474876.6 0.40795887 0.6229409 0.46910027	1474878.0 0.40795916 0.622941 0.46909982	0.9999999999941203
80093106_15000	1769.0	60	59	1206218.0 0.76168734 0.57358205 0.1647306	1206217.4 0.7616886 0.57358235 0.16472901	0.9999999999999964
80093106_15000	1769.0	61	60	1175471.4 0.58858514 0.16903941 0.7423754	1175468.6 0.5885865 0.16903812 0.74237543	0.9999999999948873
80093106_5500	1538.0	61	69	2460402.8 0.5104652 0.4841313 0.50540346	2460403.2 0.5104651 0.48413122 0.50540376	0.9999999998748168
80093106_4200	1320.0	61	70	2264174.0 0.5260903 0.5492047 0.424705	2264175.2 0.52608913 0.5492053 0.42470565	0.9999999998951961
80093106_5500	1538.0	67	75	1989021.4 0.6748515 0.43053937 0.39460912	1989026.6 0.6748507 0.43054023 0.3946091	0.9999999999938807
80093106_20000	1835.0	81	78	1647650.6 0.12082173 0.7330286 0.64614975	1647650.6 0.120821126 0.733028 0.64615095	0.9999999999956993
80093106_4800	1493.0	75	79	2251971.2 0.53631854 0.47275382 0.49092767	2251974.8 0.53631777 0.47275442 0.4909278	0.9999999999994152
80093106_4200	1320.0	70	80	2057916.6 0.51733387 0.53722 0.44544613	2057920.6 0.5173334 0.5372204 0.44544622	0.9999999999514984
80093106_10000	1639.0	85	82	1514900.6 0.60511756 0.13101651 0.76386595	1514901.4 0.60511726 0.1310171 0.7638656	0.9999999999999611
80093106_10000	1639.0	86	83	1510476.0 0.1314003 0.7661035 0.60249615	1510478.6 0.13140073 0.7661022 0.6024971	0.9999999999953083
80093106_10000	1639.0	87	84	2172498.8 0.5326498 0.41889828 0.54845184	2172498.0 0.53265 0.4188998 0.54845023	0.9999999999412253
80093106_4800	1493.0	81	85	2042673.4 0.44552302 0.5833096 0.47116736	2042671.4 0.44552395 0.5833082 0.4711678	0.9999999999999684
80093106_10000	1639.0	89	86	1568372.6 0.7597117 0.6136558 0.12663254	1568372.0 0.7597094 0.61365604 0.1266345	0.9999999999968017
80093106_4800	1493.0	2	94	1777314.6 0.5759802 0.8120616 0.11195823	1777315.4 0.5759811 0.8120607 0.11195818	0.9999999999971517
