ID	BITRATE	START_IDX	CAPTURE_START_IDX	KEY	CAPTURE_KEY	CORRELATION
80081155_4200	1311.0	22	1	651891.0 0.53520757 0.46479243	651868.0 0.52628756 0.47371247	1.0000000000000000
80199806_5500	1475.0	17	2	507773.0 0.60868144 0.39131856	507785.0 0.6081275 0.39187256	1.0000000000000000
70216224_2000	569.0	19	3	397491.0 0.50680393 0.49319607	397515.0 0.50057733 0.49942267	1.0000000000000000
70308278_2000	689.0	9	4	531954.0 0.3685676 0.6314324	531969.0 0.37319466 0.6268053	1.0000000000000000
80096067_20000	1252.0	43	8	646457.0 0.30707997 0.69292	646465.0 0.3072386 0.6927614	1.0000000000000000
80093138_7050	2102.0	8	9	884651.0 0.5062392 0.49376082	884653.0 0.5062392 0.49376082	0.9999999999999999
80093138_7050	2102.0	9	10	635595.0 0.6872395 0.31276047	635597.0 0.68723893 0.31276107	1.0000000000000000
80093138_7050	2102.0	10	11	683473.0 0.2908513 0.7091487	683472.0 0.29085317 0.7091468	1.0000000000000000
80093138_7050	2102.0	11	12	874769.0 0.55407083 0.44592914	874764.0 0.5540717 0.44592828	1.0000000000000000
80093138_7050	2102.0	12	13	588810.0 0.6624972 0.33750275	588807.0 0.6624955 0.33750448	1.0000000000000000
80093138_7050	2102.0	13	14	733405.0 0.27096215 0.7290378	733407.0 0.2709614 0.7290386	1.0000000000000000
80093138_7050	2102.0	14	15	1006995.0 0.53096586 0.4690341	1006996.0 0.53096735 0.46903265	0.9999999999999999
80093138_7050	2102.0	15	16	1108684.0 0.4260141 0.57398593	1108681.0 0.42601433 0.57398564	1.0000000000000000
80093138_7050	2102.0	16	17	1739725.0 0.36578712 0.63421285	1739722.0 0.3657866 0.6342134	0.9999999999999999
80093138_7050	2102.0	17	18	1939962.0 0.56875134 0.43124866	1939960.0 0.5687514 0.43124858	1.0000000000000000
80093138_7050	2102.0	18	19	1696208.0 0.49322134 0.50677866	1696206.0 0.49322134 0.50677866	1.0000000000000000
80093138_7050	2102.0	19	20	1058244.0 0.8122909 0.18770908	1058239.0 0.8122938 0.18770617	1.0000000000000000
80093138_7050	2102.0	20	21	1044181.0 0.19023713 0.8097629	1044178.0 0.19023386 0.8097662	1.0000000000000000
80093138_7050	2102.0	21	22	1771049.0 0.4774227 0.5225773	1771052.0 0.47742245 0.5225775	1.0000000000000000
80093138_7050	2102.0	27	28	1758814.0 0.48539072 0.5146093	1758811.0 0.48538986 0.5146102	1.0000000000000000
80093138_7050	2102.0	30	31	5293097.0 0.45304593 0.5469541	5293097.0 0.4530463 0.5469537	1.0000000000000000
80093138_7050	2102.0	31	32	4607368.0 0.62835896 0.37164104	4607364.0 0.6283591 0.37164092	1.0000000000000000
80093138_7050	2102.0	32	33	2417035.0 0.70842457 0.29157543	2417032.0 0.7084246 0.29157537	1.0000000000000000
80093138_7050	2102.0	35	35	2379096.0 0.48798704 0.51201296	2379101.0 0.4879877 0.5120123	1.0000000000000000
80093138_7050	2102.0	36	36	1767381.0 0.68922776 0.31077227	1767384.0 0.6892271 0.31077287	1.0000000000000000
80093138_7050	2102.0	37	37	2693535.0 0.2039153 0.7960847	2693534.0 0.20391612 0.79608387	1.0000000000000000
80093138_7050	2102.0	42	42	3555635.0 0.23461913 0.76538086	3555640.0 0.2346188 0.7653812	1.0000000000000000
80093138_7050	2102.0	47	48	1139045.0 0.8254529 0.1745471	1139045.0 0.82545465 0.17454535	1.0000000000000000
80093138_7050	2102.0	48	49	530885.0 0.37450108 0.62549895	530883.0 0.37449872 0.6255013	1.0000000000000000
80093138_7050	2102.0	49	50	1312840.0 0.25293866 0.7470613	1312842.0 0.25293827 0.7470617	1.0000000000000000
80093138_7050	2102.0	50	51	2695520.0 0.36385262 0.6361474	2695520.0 0.36385337 0.63614666	1.0000000000000000
80093138_7050	2102.0	51	52	3012880.0 0.5691392 0.43086085	3012877.0 0.56913906 0.43086094	1.0000000000000000
80093138_7050	2102.0	53	55	3126813.0 0.42555696 0.57444304	3126814.0 0.4255568 0.57444316	1.0000000000000000
80093138_7050	2102.0	58	59	2685548.0 0.47137827 0.52862173	2685548.0 0.47137827 0.52862173	1.0000000000000000
80200961_20000	1686.0	55	63	1658985.0 0.23001173 0.7699883	1659006.0 0.23501061 0.7649894	1.0000000000000000
80093138_7050	2102.0	63	64	1925761.0 0.65902257 0.3409774	1925763.0 0.6590229 0.34097704	1.0000000000000000
80093138_7050	2102.0	64	65	1579584.0 0.41570503 0.584295	1579586.0 0.4157045 0.5842955	1.0000000000000000
80093138_6500	2133.0	63	66	2532447.0 0.36444712 0.6355529	2532450.0 0.36444747 0.6355525	1.0000000000000000
80093138_7050	2102.0	68	69	3227741.0 0.13880482 0.8611952	3227741.0 0.13880512 0.86119485	1.0000000000000000
80093138_6500	2133.0	69	72	4712794.0 0.4657216 0.5342784	4712794.0 0.4657214 0.53427863	1.0000000000000000
80093138_7050	2102.0	74	73	4760353.0 0.5289404 0.4710596	4760356.0 0.5289405 0.47105953	1.0000000000000000
80093138_7050	2102.0	75	74	4587779.0 0.48877898 0.511221	4587780.0 0.4887791 0.5112209	1.0000000000000000
