ID	BITRATE	START_IDX	CAPTURE_START_IDX	KEY	CAPTURE_KEY	CORRELATION
70295915_6500	515.0	58	12	488750.66 0.56490976 0.4070951 0.5279952	488744.0 0.56566834 0.406628 0.52770364	0.9999871346928690
80096067_20000	1252.0	31	28	1242680.0 0.92606384 0.41401407 0.15992211	1242682.0 0.9260647 0.4140134 0.15992184	0.9999999999993240
80096067_20000	1252.0	32	29	794296.0 0.6477271 0.25019893 0.602074	794296.0 0.6477271 0.25019893 0.602074	1.0000000000000000
80096067_20000	1252.0	33	30	769836.0 0.2581485 0.6212037 0.6206478	769833.3 0.2581494 0.6212059 0.62064475	0.9999999999229550
80096067_6500	1163.0	33	31	1002454.7 0.477053 0.47662604 0.546321	1002453.3 0.47705463 0.47662368 0.5463217	0.9999999987671466
80096067_7050	1219.0	33	32	1062604.6 0.4496461 0.5153968 0.53495723	1062600.6 0.44964495 0.5153978 0.53495735	0.9999999998982665
80096067_7050	1219.0	34	33	1477909.4 0.370566 0.38462982 0.74480414	1477905.4 0.37056634 0.3846295 0.7448041	0.9999999999988712
80096067_6500	1163.0	37	34	1706866.6 0.33303598 0.64489514 0.5220689	1706864.6 0.3330352 0.6448959 0.5220689	0.9999999999998971
80096067_6500	1163.0	38	35	1913728.6 0.5751861 0.46563655 0.45917743	1913728.6 0.5751861 0.46563604 0.45917797	0.9999999999679565
80096067_6500	1163.0	39	36	1679141.4 0.53068906 0.5233276 0.4459833	1679141.4 0.53068846 0.5233282 0.4459833	0.9999999999199578
80096067_5500	1125.0	41	40	1351385.4 0.33146948 0.53014857 0.6383819	1351384.0 0.33146906 0.5301498 0.6383811	0.9999999999743460
80096067_6500	1163.0	44	41	1645624.0 0.43535826 0.5242388 0.5404029	1645623.4 0.43535843 0.5242378 0.5404037	0.9999999998656337
80096067_10000	1159.0	47	46	1023439.3 0.7174573 0.1940584 0.58848435	1023439.3 0.7174553 0.19405939 0.5884853	0.9999999999899265
80096067_10000	1159.0	48	47	666938.0 0.2977893 0.90304947 0.29916126	666938.7 0.2977905 0.90305 0.29915944	0.9999999999907531
80096067_10000	1159.0	49	48	943896.0 0.63807666 0.21138135 0.650542	943895.3 0.63807815 0.21138044 0.6505414	0.9999999999907683
80096067_10000	1159.0	50	49	1073370.0 0.18588372 0.57207114 0.74204516	1073369.4 0.18588288 0.57207054 0.74204654	0.9999999999967299
80096067_4200	981.0	52	50	1525296.0 0.4025704 0.5221865 0.5752431	1525299.4 0.40257213 0.52218604 0.5752418	0.9999999999995421
80096067_7050	1219.0	51	51	1628850.0 0.48898917 0.53867143 0.4723394	1628850.6 0.48898897 0.53867185 0.4723392	0.9999999999969305
80096067_5500	1125.0	60	58	1319340.0 0.46034002 0.48059106 0.5590689	1319343.4 0.46033883 0.4805921 0.55906904	0.9999999997883893
80096067_7050	1219.0	65	65	1481115.4 0.36960188 0.52396524 0.60643286	1481116.6 0.36960155 0.5239655 0.606433	0.9999999999993815
80096067_3500	977.0	67	66	1649838.6 0.47038236 0.54441565 0.485202	1649838.0 0.47038195 0.5444159 0.4852022	0.9999999999772056
80096067_3500	977.0	68	67	1745556.0 0.51456267 0.458596 0.5268413	1745554.0 0.51456326 0.45859653 0.5268402	0.9999999997798850
80096067_4800	1064.0	70	68	1659126.0 0.48248535 0.5542858 0.46322882	1659125.4 0.48248613 0.5542848 0.463229	0.9999999999520822
80096067_4800	1064.0	71	69	1613094.0 0.57010317 0.47644773 0.4534491	1613092.6 0.5701024 0.47644815 0.45344946	0.9999999999976759
