ID	BITRATE	START_IDX	CAPTURE_START_IDX	KEY	CAPTURE_KEY	CORRELATION
14607635_20000	977.0	52	0	555381.0 0.64230144 0.3576986	555381.0 0.6469955 0.35300452	1.0000000000000000
80121387_4800	1522.0	20	1	503833.0 0.39419013 0.60580987	503817.0 0.38913336 0.61086667	1.0000000000000000
70112732_2000	583.0	71	3	610286.0 0.46504262 0.5349574	610291.0 0.4627399 0.5372601	1.0000000000000000
80091879_6500	1351.0	3	7	382063.0 0.5145931 0.48540685	382057.0 0.5145855 0.48541448	0.9999999999999999
80091879_7050	1337.0	7	9	702167.0 0.50434154 0.49565843	702167.0 0.504343 0.49565703	1.0000000000000000
80091879_7050	1337.0	8	10	544154.0 0.63958913 0.36041084	544152.0 0.63958967 0.36041033	1.0000000000000000
80091879_7050	1337.0	9	11	427184.0 0.45909724 0.54090273	427183.0 0.45909598 0.54090405	1.0000000000000000
80091879_7050	1337.0	10	12	497513.0 0.46444014 0.5355599	497513.0 0.46444014 0.5355599	1.0000000000000000
80091879_7050	1337.0	11	13	662222.0 0.4023545 0.5976455	662221.0 0.4023551 0.59764487	1.0000000000000000
80091879_7050	1337.0	12	14	591601.0 0.66898805 0.33101195	591603.0 0.6689841 0.3310159	1.0000000000000000
80091879_7050	1337.0	13	15	574661.0 0.3407696 0.6592304	574664.0 0.34077305 0.65922695	1.0000000000000000
80091879_4800	1336.0	13	16	726783.0 0.5212464 0.47875363	726785.0 0.5212463 0.4787537	1.0000000000000000
80091879_4800	1336.0	14	17	881009.0 0.39494488 0.6050551	881010.0 0.39494556 0.60505444	1.0000000000000000
80091879_4800	1336.0	15	18	1067701.0 0.4992587 0.5007413	1067702.0 0.49925822 0.5007418	1.0000000000000000
80171659_15000	5464.0	12	19	731312.0 0.7311585 0.26884148	731290.0 0.73109573 0.26890427	1.0000000000000000
80091879_6500	1351.0	23	20	827973.0 0.23750533 0.7624947	827971.0 0.23750469 0.7624953	1.0000000000000000
80091879_7050	1337.0	19	21	1578086.0 0.40005803 0.59994197	1578083.0 0.40005752 0.59994245	0.9999999999999999
80091879_7050	1337.0	20	22	1143011.0 0.8283035 0.17169651	1143011.0 0.8283026 0.17169738	1.0000000000000000
80091879_7050	1337.0	21	23	1293011.0 0.1517783 0.8482217	1293011.0 0.15177907 0.84822094	1.0000000000000000
80091879_7050	1337.0	22	24	2038428.0 0.53804207 0.46195793	2038427.0 0.53804183 0.46195817	1.0000000000000000
80091879_7050	1337.0	23	25	1880449.0 0.50076765 0.49923235	1880449.0 0.50076765 0.49923235	1.0000000000000000
80091879_7050	1337.0	24	26	1691288.0 0.5550687 0.44493133	1691289.0 0.5550684 0.44493166	1.0000000000000000
80091879_7050	1337.0	25	27	1530925.0 0.49153748 0.50846255	1530926.0 0.4915378 0.5084622	1.0000000000000000
81076251_4800	1117.0	86	28	974836.0 0.79559433 0.20440567	974844.0 0.7985052 0.2014948	1.0000000000000000
80091879_7050	1337.0	27	29	968599.0 0.20279393 0.79720604	968600.0 0.20279372 0.7972063	1.0000000000000000
80091879_7050	1337.0	28	30	1538291.0 0.5019681 0.4980319	1538294.0 0.5019678 0.49803224	1.0000000000000000
80091879_6500	1351.0	32	31	1532384.0 0.49995238 0.5000476	1532384.0 0.499953 0.50004697	1.0000000000000000
80091879_6500	1351.0	33	32	1594991.0 0.48041964 0.51958036	1594989.0 0.4804196 0.51958036	1.0000000000000000
80091879_20000	1655.0	29	33	1598577.0 0.5184148 0.48158517	1598576.0 0.5184145 0.48158547	0.9999999999999999
80091879_7050	1337.0	32	34	1464648.0 0.5256205 0.4743795	1464649.0 0.5256215 0.4743785	1.0000000000000000
80091879_7050	1337.0	33	35	1561267.0 0.44502252 0.5549775	1561265.0 0.44502246 0.55497754	1.0000000000000000
80091879_7050	1337.0	36	38	1797482.0 0.48946136 0.51053864	1797482.0 0.48946136 0.51053864	1.0000000000000000
80091879_7050	1337.0	37	39	1822072.0 0.5036486 0.49635142	1822069.0 0.5036494 0.4963506	1.0000000000000000
80091879_7050	1337.0	38	40	2067373.0 0.4374576 0.56254244	2067371.0 0.43745655 0.56254345	1.0000000000000000
80091879_7050	1337.0	39	41	2103121.0 0.55298054 0.44701946	2103120.0 0.55298126 0.4470187	1.0000000000000000
80091879_7050	1337.0	42	44	1854690.0 0.46143883 0.53856117	1854690.0 0.46143883 0.53856117	1.0000000000000000
80091879_7050	1337.0	43	45	2106931.0 0.47408482 0.5259152	2106931.0 0.47408482 0.5259152	1.0000000000000000
80091879_15000	1561.0	42	46	1303877.0 0.84982246 0.15017751	1303878.0 0.84982413 0.15017585	1.0000000000000000
80091879_20000	1655.0	44	49	2365288.0 0.5634654 0.43653458	2365286.0 0.56346506 0.43653494	1.0000000000000000
80091879_7050	1337.0	49	50	1228610.0 0.8404034 0.15959662	1228611.0 0.84040433 0.15959567	1.0000000000000000
80091879_7050	1337.0	51	53	2166182.0 0.47652552 0.52347445	2166177.0 0.47652617 0.52347386	1.0000000000000000
80091879_7050	1337.0	52	54	2275143.0 0.49840426 0.50159574	2275138.0 0.4984036 0.5015964	1.0000000000000000
80091879_5500	1325.0	55	55	2426176.0 0.47037023 0.52962977	2426176.0 0.47037023 0.52962977	1.0000000000000000
80091879_7050	1337.0	55	56	1481627.0 0.8672736 0.13272639	1481627.0 0.8672729 0.13272706	1.0000000000000000
80091879_6500	1351.0	60	57	1381611.0 0.1423353 0.8576647	1381611.0 0.1423353 0.8576647	1.0000000000000000
80091879_6500	1351.0	61	58	2237504.0 0.52958965 0.47041035	2237505.0 0.5295894 0.47041056	1.0000000000000000
80091879_6500	1351.0	62	59	1248527.0 0.84302944 0.15697058	1248530.0 0.8430282 0.1569718	1.0000000000000000
80986885_7050	2123.0	65	60	1697275.0 0.11749245 0.88250756	1697274.0 0.115469866 0.8845301	1.0000000000000000
80091879_7050	1337.0	65	64	999638.0 0.1966742 0.80332583	999641.0 0.1966746 0.8033254	1.0000000000000000
80091879_7050	1337.0	66	65	1278726.0 0.62799615 0.37200385	1278727.0 0.6279972 0.37200278	0.9999999999999999
80091879_6500	1351.0	73	69	1668192.0 0.48386937 0.5161306	1668193.0 0.48386908 0.5161309	1.0000000000000000
