ID	BITRATE	START_IDX	CAPTURE_START_IDX	KEY	CAPTURE_KEY	CORRELATION
80091741_5500	1850.0	11	9	668984.7 0.6331789 0.29331762 0.57350343	669004.7 0.6332033 0.29330885 0.57348776	0.9999999947963130
80091741_5500	1850.0	12	10	487314.0 0.40266645 0.78730553 0.31002802	487314.0 0.40266645 0.78730756 0.310026	0.9999999999963538
80091741_5500	1850.0	13	11	629980.0 0.6090114 0.23981872 0.6511699	629980.7 0.6090123 0.23981687 0.65117073	0.9999999999997154
80091741_7050	1917.0	11	12	504923.34 0.29921374 0.8124481 0.38833815	504925.34 0.29921255 0.81244683 0.3883406	0.9999999999746103
80091741_5500	1850.0	21	18	1027520.0 0.77771914 0.40092552 0.3213553	1027520.7 0.7777196 0.40092623 0.32135412	0.9999999999936543
80091741_5500	1850.0	24	22	1662768.6 0.23293379 0.44363478 0.8234315	1662768.0 0.23293267 0.44363496 0.8234324	0.9999999999994339
80091741_5500	1850.0	25	23	1887357.4 0.39084384 0.72544605 0.38371006	1887357.4 0.39084384 0.7254466 0.38370952	0.9999999999991374
80091741_5500	1850.0	26	24	1526412.0 0.8969898 0.47444466 0.12856555	1526411.4 0.89699084 0.47444418 0.12856495	0.9999999999996099
80091741_6500	1869.0	24	26	2307112.8 0.08505956 0.60653687 0.8084035	2307112.8 0.08505999 0.60653603 0.8084039	0.9999999999981009
80091741_7050	1917.0	24	27	2721902.0 0.5141074 0.685212 0.30068055	2721900.0 0.5141067 0.6852122 0.30068114	0.9999999999949583
80091741_7050	1917.0	25	28	2696992.0 0.6915408 0.3034577 0.5050015	2696993.2 0.6915401 0.30345795 0.505002	0.9999999999974732
80091741_7050	1917.0	32	34	2555160.0 0.71800864 0.07672905 0.7052623	2555158.8 0.71800864 0.07672909 0.70526224	1.0000000000000000
80091741_6500	1869.0	34	35	1780157.4 0.11013296 1.0123026 0.37756437	1780156.0 0.1101336 1.0123029 0.37756354	0.9999999999986550
80091741_6500	1869.0	35	36	2582298.8 0.6978503 0.26028126 0.5418684	2582296.8 0.69785047 0.2602807 0.5418688	0.9999999999990900
80091741_6500	1869.0	36	37	1511667.4 0.44462427 0.9256441 0.12973158	1511666.6 0.44462317 0.9256446 0.12973231	0.9999999999969650
80091741_6500	1869.0	37	38	2408687.2 0.58092475 0.08141821 0.8376571	2408687.2 0.58092475 0.081418626 0.8376567	0.9999999999999806
80091741_6500	1869.0	38	39	1607093.4 0.12202838 1.2554678 0.12250377	1607094.0 0.122028954 1.2554667 0.122504346	1.0000000000000000
80091741_6500	1869.0	39	40	2865492.0 0.7041213 0.06870548 0.7271732	2865491.2 0.7041212 0.06870585 0.72717303	0.9999999999999994
80091741_7050	1917.0	38	41	2787312.0 0.07063293 0.7475693 0.68179774	2787310.8 0.07063296 0.7475693 0.6817977	0.9999999999999989
80091741_7050	1917.0	43	46	1991096.6 0.5119651 0.5257661 0.4622689	1991098.0 0.5119653 0.5257667 0.46226805	0.9999999999958759
80091741_7050	1917.0	44	47	2694708.8 0.3884839 0.3415664 0.7699496	2694690.0 0.38848737 0.3415684 0.76994425	0.9999999999872827
80091741_6500	1869.0	50	50	3514263.2 0.5650743 0.48129264 0.45363307	3514262.8 0.56507444 0.48129183 0.4536337	0.9999999999250487
80091741_6500	1869.0	55	54	3497984.0 0.6075228 0.47286066 0.41961655	3497985.2 0.60752255 0.47286078 0.4196167	0.9999999999998903
80091741_6500	1869.0	56	55	2616266.0 0.6322213 0.5610332 0.30674556	2616266.8 0.63222146 0.56103337 0.3067451	0.9999999999998561
80091741_7050	1917.0	58	59	3761541.2 0.5860497 0.48835275 0.4255976	3761539.2 0.5860503 0.48835248 0.4255973	0.9999999999975582
80091741_7050	1917.0	62	63	2596372.8 0.53535956 0.46270782 0.50193256	2596371.2 0.53535986 0.4627081 0.5019321	0.9999999999253719
80091741_6500	1869.0	64	64	1998353.4 0.6011754 0.6521384 0.2466861	1998354.6 0.6011756 0.6521375 0.24668695	0.9999999999981011
80091741_6500	1869.0	65	65	1790032.6 0.7280331 0.27539498 0.49657196	1790033.4 0.72803223 0.275396 0.49657175	0.9999999999997103
80091741_4800	1394.0	67	69	3253644.8 0.5306234 0.6200625 0.3493141	3253626.0 0.5306264 0.6200571 0.34931642	0.9999999997096294
80091741_7050	1917.0	68	70	2882269.2 0.69994605 0.39432263 0.40573135	2882271.2 0.6999459 0.3943227 0.4057314	1.0000000000000000
80091741_6500	1869.0	72	71	1754990.6 0.6476063 0.6663449 0.18604885	1754990.6 0.64760745 0.6663443 0.18604828	0.9999999999948727
