ID	BITRATE	START_IDX	CAPTURE_START_IDX	KEY	CAPTURE_KEY	CORRELATION
70021636_600	312.0	11	0	357614.0 0.37041613 0.62958384	357613.0 0.37173426 0.62826574	1.0000000000000000
80993095_2000	497.0	14	2	435591.0 0.544334 0.45566598	435566.0 0.543036 0.45696405	1.0000000000000000
80029196_4200	1235.0	3	3	471249.0 0.4225643 0.57743573	471240.0 0.42237076 0.5776292	1.0000000000000000
80121840_3500	960.0	11	4	459583.0 0.5980247 0.40197527	459567.0 0.592301 0.407699	1.0000000000000000
80093106_4800	1493.0	9	5	448326.0 0.41792133 0.5820787	448327.0 0.4179204 0.5820796	1.0000000000000000
80093106_4800	1493.0	10	6	450105.0 0.5797781 0.42022195	450107.0 0.5797777 0.4202223	1.0000000000000000
80200961_4200	786.0	4	7	390609.0 0.49126363 0.5087364	390623.0 0.48421368 0.51578635	1.0000000000000000
81075239_2000	581.0	35	8	414035.0 0.4899417 0.51005834	414058.0 0.48659366 0.51340634	1.0000000000000000
81056132_2000	522.0	30	12	364937.0 0.45553342 0.54446656	364948.0 0.45586768 0.5441323	1.0000000000000000
80093106_3500	909.0	6	13	384511.0 0.51644814 0.48355183	384512.0 0.5164468 0.48355317	1.0000000000000000
80093106_3500	909.0	7	14	360988.0 0.51506144 0.48493856	360991.0 0.51505995 0.48494008	1.0000000000000000
81076251_20000	1991.0	7	17	531393.0 0.37379867 0.62620133	531417.0 0.37447804 0.62552196	1.0000000000000000
80210932_4800	1970.0	48	25	1133084.0 0.1754892 0.8245108	1133092.0 0.17556915 0.8244308	1.0000000000000000
80093106_7050	1627.0	22	26	1888604.0 0.49462777 0.5053722	1888603.0 0.49462804 0.505372	0.9999999999999999
80093106_7050	1627.0	23	27	2116141.0 0.45103234 0.54896766	2116140.0 0.45103207 0.54896796	1.0000000000000000
80991158_7050	1433.0	3	30	1507971.0 0.8569654 0.14303458	1507962.0 0.8543856 0.14561442	1.0000000000000000
80093106_7050	1627.0	36	41	2006097.0 0.5317181 0.46828195	2006095.0 0.5317171 0.4682829	1.0000000000000000
80093106_6500	1519.0	42	42	1771902.0 0.53017664 0.4698234	1771901.0 0.53017634 0.46982366	1.0000000000000000
80093106_7050	1627.0	39	43	1564609.0 0.532069 0.46793097	1564610.0 0.5320693 0.46793067	1.0000000000000000
80093106_7050	1627.0	40	44	1667628.0 0.43902418 0.56097585	1667628.0 0.43902418 0.56097585	1.0000000000000000
80093106_7050	1627.0	41	45	1910099.0 0.48976466 0.5102353	1910098.0 0.48976493 0.5102351	1.0000000000000000
80093106_7050	1627.0	42	46	2007163.0 0.48556095 0.51443905	2007162.0 0.48556072 0.5144393	1.0000000000000000
80093106_6500	1519.0	49	49	2913628.0 0.55493015 0.44506985	2913629.0 0.55493 0.44507006	1.0000000000000000
80093106_6500	1519.0	50	50	1898458.0 0.6830638 0.31693617	1898459.0 0.683064 0.316936	1.0000000000000000
80093106_7050	1627.0	47	51	1293556.0 0.46514416 0.53485584	1293553.0 0.46514523 0.53485477	0.9999999999999999
80093106_6500	1519.0	54	54	1791401.0 0.51287234 0.48712766	1791403.0 0.5128729 0.48712713	1.0000000000000000
80093106_6500	1519.0	55	55	1958411.0 0.44558623 0.55441374	1958411.0 0.44558623 0.55441374	1.0000000000000000
80093106_6500	1519.0	56	56	2053961.0 0.5286225 0.4713775	2053962.0 0.52862227 0.47137776	1.0000000000000000
80093106_6500	1519.0	57	57	1166891.0 0.8297185 0.17028154	1166892.0 0.8297186 0.1702814	1.0000000000000000
80093106_6500	1519.0	58	58	960579.0 0.2068544 0.7931456	960580.0 0.2068542 0.79314584	1.0000000000000000
80986885_5500	1568.0	52	59	1843299.0 0.40397677 0.5960232	1843292.0 0.41332573 0.5866743	1.0000000000000000
80093106_6500	1519.0	61	62	2281047.0 0.4493976 0.55060244	2281045.0 0.44939753 0.55060244	1.0000000000000000
80093106_5500	1538.0	61	63	2447108.0 0.5132385 0.4867615	2447108.0 0.5132381 0.48676193	1.0000000000000000
80093106_7050	1627.0	62	68	1922347.0 0.5002255 0.4997745	1922348.0 0.50022525 0.49977475	1.0000000000000000
80093106_7050	1627.0	63	69	2303036.0 0.4171624 0.5828376	2303036.0 0.41716284 0.58283716	1.0000000000000000
80093106_10000	1639.0	78	70	2127179.0 0.6310207 0.3689793	2127183.0 0.63102 0.36898002	1.0000000000000000
80093106_4200	1320.0	71	75	2022245.0 0.54669636 0.45330364	2022248.0 0.54669553 0.45330444	1.0000000000000000
80093106_4800	1493.0	80	76	1826751.0 0.5018161 0.49818394	1826751.0 0.50181663 0.4981834	1.0000000000000000
80093106_4800	1493.0	83	80	2014969.0 0.47764558 0.5223544	2014970.0 0.4776458 0.5223542	1.0000000000000000
