ID	BITRATE	START_IDX	CAPTURE_START_IDX	KEY	CAPTURE_KEY	CORRELATION
60000870_4800	1028.0	4	6	480706.0 0.40771073 0.59228927	480684.0 0.41300938 0.5869906	1.0000000000000000
80093138_7050	2102.0	0	8	680302.0 0.50429076 0.49570927	680303.0 0.50429 0.49571	1.0000000000000000
70264803_2000	638.0	14	12	588861.0 0.3399427 0.6600573	588872.0 0.3375759 0.6624241	1.0000000000000000
80093138_7050	2102.0	12	13	588810.0 0.6624972 0.33750275	588805.0 0.6624995 0.33750054	1.0000000000000000
80093138_7050	2102.0	14	16	1006995.0 0.53096586 0.4690341	1006995.0 0.5309679 0.4690321	1.0000000000000000
80093138_5500	1595.0	13	18	656193.0 0.6972827 0.30271733	656190.0 0.6972813 0.30271873	1.0000000000000000
80023001_5500	1566.0	65	19	611754.0 0.325183 0.674817	611758.0 0.32470518 0.6752948	1.0000000000000000
70021636_4200	1146.0	66	25	737707.0 0.7344325 0.26556748	737691.0 0.730646 0.26935396	1.0000000000000000
80192445_4200	1571.0	0	26	662907.0 0.29959708 0.7004029	662884.0 0.29975078 0.7002492	1.0000000000000000
80093138_5500	1595.0	32	36	1060047.0 0.53257924 0.4674208	1060046.0 0.5325816 0.4674184	1.0000000000000000
80093138_5500	1595.0	33	37	720837.0 0.6873787 0.3126213	720833.0 0.68737835 0.31262165	1.0000000000000000
80093138_4800	1489.0	32	38	958866.0 0.23501302 0.764987	958868.0 0.23501462 0.7649854	1.0000000000000000
81006261_4800	1211.0	30	40	1576748.0 0.12615903 0.873841	1576771.0 0.12608425 0.87391573	1.0000000000000000
80093138_5500	1595.0	37	41	2544822.0 0.5414768 0.4585232	2544823.0 0.54147774 0.45852226	1.0000000000000000
80093138_5500	1595.0	38	42	1481855.0 0.78743196 0.21256803	1481855.0 0.78743064 0.21256939	1.0000000000000000
80093138_5500	1595.0	39	43	1717531.0 0.18339989 0.8166001	1717532.0 0.18340094 0.8165991	1.0000000000000000
80093138_4200	1164.0	39	45	1731840.0 0.59489155 0.40510845	1731840.0 0.59489155 0.40510845	1.0000000000000000
80093138_6500	2133.0	46	50	2256360.0 0.37125725 0.62874275	2256362.0 0.3712578 0.6287422	1.0000000000000000
80093138_6500	2133.0	47	51	2471859.0 0.57392836 0.42607164	2471860.0 0.5739281 0.42607185	1.0000000000000000
80093138_5500	1595.0	48	52	1251805.0 0.8413371 0.15866289	1251804.0 0.8413378 0.15866221	1.0000000000000000
80093138_5500	1595.0	49	53	1245866.0 0.15941924 0.84058076	1245865.0 0.15941855 0.8405814	1.0000000000000000
80093138_6500	2133.0	51	54	2501522.0 0.41864553 0.5813545	2501524.0 0.4186452 0.5813548	1.0000000000000000
80093138_6500	2133.0	52	55	3053554.0 0.4762552 0.52374476	3053553.0 0.476256 0.523744	1.0000000000000000
80093138_5500	1595.0	52	56	2516975.0 0.63539886 0.36460117	2516969.0 0.63539916 0.36460084	1.0000000000000000
80093138_5500	1595.0	56	60	1809853.0 0.66620326 0.3337967	1809852.0 0.6662042 0.33379582	1.0000000000000000
80093138_5500	1595.0	57	61	2495287.0 0.24210562 0.7578944	2495283.0 0.2421052 0.7578948	0.9999999999999999
80093138_5500	1595.0	58	62	2089631.0 0.9050229 0.09497706	2089629.0 0.90502286 0.09497715	1.0000000000000000
80093138_5500	1595.0	59	63	1794729.0 0.11058327 0.88941675	1794729.0 0.11058327 0.88941675	1.0000000000000000
80093138_5500	1595.0	65	69	1678904.0 0.75944304 0.24055694	1678903.0 0.7594429 0.24055707	1.0000000000000000
80093138_5500	1595.0	66	70	2782604.0 0.14514175 0.8548583	2782605.0 0.14514169 0.8548583	1.0000000000000000
80093138_5500	1595.0	70	75	3727764.0 0.48173758 0.51826245	3727764.0 0.48173732 0.5182627	1.0000000000000000
80093138_4800	1489.0	41	78	1526148.0 0.6778576 0.32214242	1526144.0 0.6778587 0.3221413	1.0000000000000000
80093138_4800	1489.0	69	80	3180873.0 0.5331631 0.46683693	3180873.0 0.53316337 0.46683663	1.0000000000000000
80093138_4800	1489.0	70	81	3103454.0 0.4784827 0.52151734	3103455.0 0.47848222 0.5215178	1.0000000000000000
80093138_4800	1489.0	71	82	3582891.0 0.45173156 0.54826844	3582895.0 0.45173162 0.5482684	1.0000000000000000
