ID	BITRATE	START_IDX	CAPTURE_START_IDX	KEY	CAPTURE_KEY	CORRELATION
80091879_20000	1655.0	5	10	1912120.0 0.6684894 0.6799076 0.102566786 0.50819093 0.5408452	1912118.0 0.6684896 0.67990834 0.102565326 0.50819147 0.5408453	0.9999999999989967
80091879_20000	1655.0	6	11	1950294.8 0.6665992 0.10055916 0.49824366 0.53025883 0.7043392	1950292.8 0.6665999 0.10055772 0.49824417 0.53025883 0.7043394	0.9999999999988788
80091879_20000	1655.0	7	12	1958240.8 0.100151114 0.49622193 0.52810717 0.70148116 0.67403865	1958238.4 0.100149706 0.49622253 0.5281073 0.7014815 0.674039	0.9999999999988376
80091879_20000	1655.0	8	13	2375786.5 0.40901065 0.43529207 0.57819545 0.555576 0.5219257	2375783.5 0.4090112 0.43529218 0.5781958 0.5555763 0.5219247	0.9999999999676439
80091879_20000	1655.0	9	14	2385120.5 0.43358856 0.57593274 0.5534018 0.51988316 0.4171936	2385116.8 0.43358883 0.5759332 0.55340225 0.5198823 0.4171934	0.9999999999706443
80091879_20000	1655.0	10	15	2269239.5 0.60534334 0.5816618 0.54643154 0.43849802 0.32806543	2269236.8 0.60534364 0.5816621 0.5464304 0.43849766 0.32806626	0.9999999999820224
80091879_20000	1655.0	11	16	2092778.0 0.63070714 0.59250623 0.47547182 0.35572764 0.44558716	2092775.2 0.6307075 0.5925051 0.4754715 0.3557286 0.44558728	0.9999999999832538
80091879_20000	1655.0	12	17	1717062.0 0.7221545 0.5795114 0.4335656 0.54308754 0.22168098	1717059.6 0.7221531 0.57951105 0.43356678 0.5430877 0.2216813	0.9999999999936804
80091879_7050	1337.0	18	22	1471299.2 0.54859746 0.42909423 0.64348567 0.1333862 0.7454364	1471297.6 0.54859805 0.42909402 0.6434857 0.13338566 0.74543655	0.9999999999991809
80091879_7050	1337.0	19	23	1525106.0 0.41395548 0.6207831 0.12868023 0.7191369 0.6174443	1525104.4 0.41395527 0.6207831 0.12867972 0.719137 0.61744493	0.9999999999992846
80091879_7050	1337.0	20	24	1648088.0 0.5744596 0.11907799 0.6654742 0.57136995 0.5696182	1648085.6 0.57445985 0.11907755 0.66547453 0.5713708 0.5696173	0.9999999999953233
80091879_20000	1655.0	28	33	1570442.0 0.48792952 0.5277024 0.49021295 0.44242194 0.5517332	1570441.2 0.4879291 0.5277014 0.4902132 0.44242153 0.55173475	0.9999999997908909
80091879_7050	1337.0	32	35	1437637.6 0.5354959 0.48329216 0.6027026 0.26653448 0.6119748	1437638.0 0.5354971 0.48329064 0.6027018 0.2665351 0.6119753	0.9999999999675365
80091879_7050	1337.0	33	36	1496771.6 0.4641984 0.5788913 0.25600433 0.5877971 0.6131089	1496771.2 0.4641972 0.57889074 0.25600505 0.5877979 0.61310905	0.9999999999834422
80091879_7050	1337.0	34	37	1580607.2 0.5481868 0.24242581 0.55662024 0.58058953 0.5721776	1580606.8 0.5481863 0.24242653 0.5566211 0.5805897 0.57217646	0.9999999999881527
80091879_7050	1337.0	35	38	1699214.0 0.22550426 0.5177676 0.5400638 0.532239 0.6844253	1699214.4 0.2255048 0.5177681 0.5400637 0.5322377 0.6844257	0.9999999999897728
80091879_20000	1655.0	34	39	1624701.2 0.54151434 0.5648337 0.5566482 0.71581405 0.12118966	1624701.6 0.5415142 0.5648323 0.5566474 0.7158151 0.12119087	0.9999999999890817
80091879_6500	1351.0	47	46	1939449.6 0.51502395 0.62549806 0.1009637 0.57133013 0.68718415	1939448.4 0.51502377 0.625499 0.10096376 0.5713295 0.68718404	0.9999999999969279
80091879_15000	1561.0	60	67	1199387.2 0.53257775 0.16392037 0.6695394 0.39661086 0.73735154	1199386.8 0.53257716 0.16392127 0.6695397 0.396611 0.737351	0.9999999999982612
80091879_7050	1337.0	65	68	1264640.4 0.1554616 0.6349908 0.37614724 0.69930476 0.63409567	1264642.0 0.15546297 0.6349916 0.376146 0.6993038 0.63409567	0.9999999999900594
80091879_15000	1561.0	62	69	1264462.8 0.6350816 0.3761993 0.69940376 0.63418394 0.1551315	1264463.6 0.6350811 0.37619904 0.6994025 0.63418514 0.15513217	0.9999999999928049
