ID	BITRATE	START_IDX	CAPTURE_START_IDX	KEY	CAPTURE_KEY	CORRELATION
80091741_7050	1917.0	23	28	2683778.0 0.471204 0.52141047 0.6949457 0.30495182 0.50748795	2683776.5 0.47120428 0.5214093 0.69494534 0.30495125 0.50748974	0.9999999999670266
80091741_7050	1917.0	24	29	2607374.0 0.5366894 0.71530974 0.31388783 0.5223589 0.41175413	2607372.0 0.53668827 0.7153095 0.31388733 0.5223608 0.41175407	0.9999999999707924
80091741_7050	1917.0	25	30	2126150.8 0.87720966 0.38493177 0.6405872 0.5049487 0.09232271	2126150.0 0.87720907 0.38493097 0.64058936 0.5049484 0.092322275	0.9999999999920226
80091741_7050	1917.0	26	31	1779268.4 0.45997727 0.76547474 0.60339236 0.11032175 0.5608339	1779268.4 0.45997614 0.765477 0.6033918 0.11032119 0.5608339	0.9999999999910928
80091741_7050	1917.0	27	32	2329035.5 0.584785 0.46096206 0.08428038 0.42844945 0.9415232	2329037.2 0.5847863 0.46096128 0.08427989 0.42844912 0.9415234	0.9999999999972389
80091741_7050	1917.0	28	33	2518092.5 0.42635328 0.07795265 0.39628172 0.8708342 0.7285781	2518092.5 0.4263529 0.07795226 0.39628172 0.87083495 0.7285781	0.9999999999995866
80091741_7050	1917.0	29	34	2167075.5 0.09057922 0.46047035 1.0118896 0.8465912 0.09046985	2167075.5 0.09057876 0.46047035 1.0118904 0.8465912 0.09046939	0.9999999999998108
80091741_7050	1917.0	30	35	2809382.0 0.3551934 0.78054214 0.6530358 0.06978581 0.64144284	2809382.5 0.35519335 0.7805427 0.6530357 0.06978544 0.6414427	0.9999999999996515
80091741_6500	1869.0	32	36	2679081.2 0.81850487 0.6847967 0.073179565 0.6726403 0.25087854	2679082.0 0.81850535 0.68479687 0.07317954 0.6726401 0.2508781	0.9999999999995919
80091741_6500	1869.0	33	37	2361651.2 0.7768403 0.08301564 0.76305 0.28459918 0.5924948	2361651.2 0.7768408 0.08301564 0.76305 0.28459874 0.5924948	0.9999999999996763
80091741_6500	1869.0	34	38	1706245.2 0.11490376 1.0561541 0.39391991 0.8200849 0.11493717	1706244.0 0.114903845 1.056155 0.39391962 0.8200855 0.11493608	0.9999999999994909
80091741_6500	1869.0	35	39	2434885.2 0.7400998 0.2760393 0.5746743 0.08054219 0.8286444	2434883.5 0.7401003 0.2760391 0.5746747 0.08054143 0.8286446	0.9999999999996937
80091741_7050	1917.0	43	49	2102961.2 0.4847317 0.49779853 0.43767902 0.98660403 0.09318669	2102949.2 0.48473448 0.49780232 0.4376815 0.9865954 0.093186274	0.9999999999276236
80091741_7050	1917.0	44	50	2489540.5 0.42049968 0.36971563 0.8334028 0.07871653 0.7976653	2489528.5 0.4205025 0.3697174 0.83339477 0.07871611 0.7976691	0.9999999998970344
80091741_7050	1917.0	45	51	2747354.8 0.33502117 0.7551955 0.071329705 0.72281164 0.615642	2747342.8 0.33502263 0.7551879 0.07132929 0.7228148 0.6156454	0.9999999998826347
80091741_6500	1869.0	48	52	3016850.5 0.6877245 0.06495814 0.65824276 0.56064725 0.52842724	3016848.5 0.6877243 0.06495719 0.6582432 0.56064767 0.5284276	0.9999999999990057
