ID	BITRATE	START_IDX	CAPTURE_START_IDX	KEY	CAPTURE_KEY	CORRELATION
81075239_20000	1783.0	58	2	470874.66 0.65716213 0.4234906 0.41934726	470875.34 0.65579563 0.42258954 0.42161477	0.9999326338416720
80093138_7050	2102.0	8	9	722293.3 0.6200321 0.6047488 0.27521923	722295.3 0.6200317 0.6047485 0.27521983	1.0000000000000000
80093138_7050	2102.0	9	10	746852.7 0.58486235 0.26616895 0.6489687	746852.7 0.58486366 0.2661703 0.648966	0.9999999999613554
80093138_7050	2102.0	10	11	715705.3 0.27775258 0.6772117 0.5450358	715702.7 0.277755 0.67721134 0.5450336	0.9999999999699485
80093138_7050	2102.0	11	12	715662.7 0.677252 0.54506826 0.2776797	715659.3 0.6772524 0.5450666 0.27768102	0.9999999999791146
80093138_7050	2102.0	12	13	748993.3 0.5208124 0.2653228 0.71386486	748992.7 0.5208088 0.265323 0.71386814	0.9999999999000959
80093138_7050	2102.0	13	14	803813.3 0.2472278 0.6651793 0.5875929	803814.0 0.2472276 0.6651812 0.5875912	0.9999999999681344
80093138_7050	2102.0	14	15	1095576.0 0.48803553 0.43111113 0.58085334	1095575.4 0.48803762 0.43111044 0.58085185	0.9999999997275187
80093138_7050	2102.0	15	16	1474693.4 0.32028013 0.4315263 0.7481935	1474690.6 0.32028005 0.43152577 0.7481942	0.9999999999985560
80093138_7050	2102.0	16	17	1717554.0 0.37050888 0.6423996 0.48709154	1717551.4 0.37050828 0.6424 0.4870917	0.9999999999990159
80093138_7050	2102.0	17	18	1866376.0 0.5911756 0.44825158 0.46057278	1866374.0 0.59117573 0.44825152 0.46057275	1.0000000000000000
80093138_7050	2102.0	18	19	1263233.4 0.6622735 0.68047756 0.15724885	1263229.4 0.66227484 0.68047893 0.15724619	0.9999999999999899
80093138_7050	2102.0	19	20	1269188.6 0.67728466 0.15651101 0.6662044	1269186.0 0.67728525 0.15650819 0.66620654	0.9999999999961866
80093138_7050	2102.0	20	21	1313127.4 0.15127398 0.6439124 0.7048136	1313126.6 0.15127102 0.6439135 0.7048155	0.9999999999998993
80093138_7050	2102.0	30	31	4670256.0 0.51346564 0.6198977 0.36663663	4670254.5 0.51346624 0.6198975 0.36663634	0.9999999999925032
80093138_7050	2102.0	31	32	3541410.8 0.8174937 0.4835042 0.19900206	3541407.2 0.817494 0.48350412 0.19900197	0.9999999999999596
80093138_7050	2102.0	35	35	1952232.6 0.59468734 0.62396663 0.28134608	1952237.4 0.59468794 0.6239656 0.2813464	0.9999999999916216
80093138_7050	2102.0	36	36	2607775.2 0.46711388 0.2106213 0.82226485	2607775.2 0.46711427 0.21062206 0.8222637	0.9999999999996901
80093138_7050	2102.0	40	40	3760343.2 0.658938 0.6192153 0.22184677	3760322.0 0.65894145 0.61921054 0.22184803	0.9999999998506479
80093138_7050	2102.0	41	41	3922731.2 0.59358186 0.21266305 0.69375515	3922714.0 0.59357655 0.212664 0.6937595	0.9999999998154973
80093138_7050	2102.0	47	48	980742.0 0.95869046 0.202721 0.33858854	980742.0 0.9586925 0.20271896 0.33858854	0.9999999999984596
80093138_7050	2102.0	48	49	1007771.3 0.19728385 0.3295073 0.9732089	1007771.3 0.19728187 0.3295073 0.9732109	0.9999999999985540
80093138_7050	2102.0	49	50	2018392.0 0.16452107 0.4859175 0.84956145	2018392.0 0.16452107 0.4859185 0.84956044	0.9999999999969970
80093138_7050	2102.0	50	51	2662434.8 0.3683741 0.64405257 0.48757327	2662434.0 0.36837494 0.644052 0.48757303	0.9999999999980267
80093138_7050	2102.0	53	55	3399471.2 0.3914247 0.52836925 0.5802061	3399492.8 0.3914222 0.5283662 0.5802116	0.9999999993444884
80093138_7050	2102.0	54	56	3291774.8 0.5456558 0.5991886 0.35515553	3291795.2 0.5456527 0.5991943 0.35515302	0.9999999995532085
80093138_7050	2102.0	63	64	1899136.0 0.66826177 0.34575775 0.48598048	1899138.6 0.6682619 0.34575728 0.48598084	0.9999999999977546
80093138_7050	2102.0	73	72	4636820.5 0.47335842 0.5430322 0.4836094	4636803.5 0.4733539 0.5430347 0.4836114	0.9999999969601048
80093138_7050	2102.0	74	73	4737148.0 0.5315314 0.4733671 0.49510148	4737150.0 0.53153163 0.4733671 0.49510127	0.9999999999841132
80093138_6500	2133.0	71	74	4472826.5 0.50134116 0.5243597 0.4742992	4472845.5 0.5013388 0.52435726 0.47430387	0.9999999973090982
80093138_6500	2133.0	72	75	4198562.5 0.55861264 0.505282 0.43610546	4198582.0 0.5586098 0.5052868 0.43610343	0.9999999976719585
