ID	BITRATE	START_IDX	CAPTURE_START_IDX	KEY	CAPTURE_KEY	CORRELATION
80192445_600	387.0	19	0	412258.0 0.46660343 0.53339654	412283.0 0.4658475 0.5341525	1.0000000000000000
81075239_6500	1610.0	4	5	440230.0 0.45153898 0.548461	440252.0 0.45104167 0.5489583	0.9999999999999999
80093106_4800	1493.0	14	6	440194.0 0.54887617 0.45112383	440209.0 0.54901195 0.45098805	1.0000000000000000
70297757_7050	806.0	30	7	511050.0 0.38470012 0.6152999	511041.0 0.3884796 0.6115204	0.9999999999999999
81080637_3500	1011.0	15	8	511316.0 0.6111876 0.3888124	511303.0 0.61120707 0.38879293	1.0000000000000000
80991158_4800	1336.0	5	9	494775.0 0.40145117 0.5985488	494758.0 0.4017944 0.59820557	1.0000000000000000
80009431_4800	1429.0	72	12	382940.0 0.48740795 0.5125921	382931.0 0.48103967 0.51896036	1.0000000000000000
80093138_1200	360.0	9	14	439110.0 0.5230011 0.47699893	439109.0 0.52300227 0.47699773	1.0000000000000000
80093138_1200	360.0	10	15	412857.0 0.5073306 0.49266937	412855.0 0.50733066 0.49266934	1.0000000000000000
80199806_10000	1827.0	48	16	434569.0 0.45810217 0.54189783	434556.0 0.46806625 0.5319337	1.0000000000000000
80183328_6500	1545.0	34	19	380912.0 0.48532468 0.5146753	380937.0 0.4785437 0.5214563	1.0000000000000000
80144140_10000	585.0	64	20	432953.0 0.45907524 0.5409248	432964.0 0.45879564 0.54120433	1.0000000000000000
80093138_4200	1164.0	34	23	713045.0 0.54544246 0.45455757	713046.0 0.54544306 0.45455694	1.0000000000000000
70297757_20000	703.0	62	24	522819.0 0.62510735 0.37489265	522820.0 0.6199457 0.38005432	1.0000000000000000
80093138_3500	1122.0	26	28	746236.0 0.52417195 0.47582802	746237.0 0.5241726 0.4758274	1.0000000000000000
70097579_7050	1613.0	11	29	553801.0 0.64121586 0.3587841	553817.0 0.6411504 0.35884959	1.0000000000000000
80093138_4200	1164.0	24	30	832022.0 0.23885907 0.76114094	832023.0 0.23885998 0.76114	1.0000000000000000
80093138_4200	1164.0	25	31	1671713.0 0.3788246 0.6211754	1671713.0 0.3788246 0.6211754	1.0000000000000000
80093138_4200	1164.0	26	32	1742319.0 0.5960028 0.4039972	1742322.0 0.59600174 0.40399823	0.9999999999999999
80093138_4200	1164.0	30	36	712187.0 0.551292 0.448708	712187.0 0.5512948 0.4487052	1.0000000000000000
80093138_4200	1164.0	31	37	467203.0 0.6839939 0.3160061	467200.0 0.683994 0.316006	1.0000000000000000
80093138_4200	1164.0	32	38	598490.0 0.24668583 0.7533142	598489.0 0.24668457 0.75331545	1.0000000000000000
81000864_6500	2101.0	6	42	343093.0 0.35599095 0.64400905	343073.0 0.36526337 0.63473666	1.0000000000000000
80093138_3500	1122.0	44	45	1231617.0 0.17176443 0.82823557	1231622.0 0.17176536 0.8282346	1.0000000000000000
80093138_3500	1122.0	45	46	1783639.0 0.5719033 0.4280967	1783643.0 0.5719037 0.42809632	1.0000000000000000
80093138_3500	1122.0	46	47	1255716.0 0.6080754 0.39192462	1255716.0 0.6080762 0.39192382	1.0000000000000000
80093138_3500	1122.0	51	52	926169.0 0.39718238 0.60281765	926168.0 0.3971839 0.6028161	1.0000000000000000
80093138_3500	1122.0	52	53	1088011.0 0.5131483 0.4868517	1088010.0 0.51314694 0.48685306	1.0000000000000000
80093138_3500	1122.0	55	55	987279.0 0.4522278 0.5477722	987276.0 0.45222613 0.5477739	1.0000000000000000
80121840_4800	1208.0	18	67	581769.0 0.6587065 0.34129354	581785.0 0.65833944 0.3416606	1.0000000000000000
80029196_4200	1235.0	11	68	725256.0 0.27470163 0.7252984	725271.0 0.27406722 0.7259328	1.0000000000000000
80174429_3500	1124.0	0	70	771457.0 0.2546973 0.74530274	771448.0 0.25761944 0.74238056	1.0000000000000000
81080637_6500	1958.0	61	84	1047917.0 0.19007803 0.809922	1047919.0 0.1882636 0.8117364	1.0000000000000000
