ID	BITRATE	START_IDX	CAPTURE_START_IDX	KEY	CAPTURE_KEY	CORRELATION
80109295_5500	1594.0	50	2	458884.0 0.43297216 0.5670278	458869.0 0.43364447 0.5663555	1.0000000000000000
80096067_6500	1163.0	0	4	338409.0 0.52681816 0.47318187	338408.0 0.5268197 0.4731803	1.0000000000000000
80009431_3500	1174.0	20	6	366606.0 0.5351249 0.4648751	366595.0 0.54070294 0.45929703	1.0000000000000000
80075563_4800	1258.0	72	9	565151.0 0.35285082 0.64714915	565133.0 0.3529417 0.6470583	0.9999999999999999
80096067_7050	1219.0	12	14	1190119.0 0.47031516 0.52968484	1190116.0 0.47031465 0.5296853	1.0000000000000000
70167075_4200	1027.0	39	16	980137.0 0.20858921 0.7914108	980129.0 0.20276617 0.7972338	1.0000000000000000
80096067_20000	1252.0	15	17	1613696.0 0.48422503 0.51577497	1613697.0 0.48422474 0.51577526	1.0000000000000000
80096067_7050	1219.0	15	18	1461824.0 0.5693606 0.4306394	1461825.0 0.5693602 0.43063977	1.0000000000000000
80096067_7050	1219.0	16	19	1510032.0 0.41689116 0.58310884	1510033.0 0.41689155 0.5831084	1.0000000000000000
80096067_20000	1252.0	18	20	1079568.0 0.8156161 0.18438394	1079568.0 0.8156161 0.18438394	1.0000000000000000
80096067_20000	1252.0	19	21	884133.0 0.22514147 0.77485853	884132.0 0.22514172 0.7748583	0.9999999999999999
80096067_7050	1219.0	18	22	1443789.0 0.4745001 0.52549994	1443786.0 0.4745004 0.52549964	1.0000000000000000
80096067_7050	1219.0	19	23	1480258.0 0.5125532 0.48744678	1480255.0 0.5125529 0.48744708	1.0000000000000000
80096067_7050	1219.0	20	24	1552581.0 0.46474034 0.53525966	1552582.0 0.46473938 0.5352606	1.0000000000000000
80096067_5500	1125.0	22	25	1326057.0 0.62669706 0.37330297	1326055.0 0.626698 0.373302	1.0000000000000000
80096067_7050	1219.0	23	26	1377384.0 0.3593907 0.6406093	1377383.0 0.35939097 0.640609	1.0000000000000000
80096067_5500	1125.0	25	27	1532219.0 0.5758733 0.4241267	1532217.0 0.57587403 0.42412597	1.0000000000000000
81075239_7050	1516.0	15	29	1093626.0 0.8179149 0.1820851	1093604.0 0.8170343 0.18296568	1.0000000000000000
80096067_6500	1163.0	29	31	1083534.0 0.43986067 0.5601393	1083530.0 0.43985862 0.5601414	1.0000000000000000
80096067_6500	1163.0	30	32	1757734.0 0.34529117 0.65470886	1757732.0 0.34529155 0.65470845	1.0000000000000000
80096067_6500	1163.0	31	33	1665292.0 0.6910524 0.30894762	1665287.0 0.6910533 0.30894676	1.0000000000000000
80096067_6500	1163.0	33	36	956020.0 0.5002238 0.49977615	956020.0 0.5002249 0.4997751	1.0000000000000000
80096067_20000	1252.0	35	37	676583.0 0.70619124 0.29380873	676581.0 0.7061904 0.29380962	1.0000000000000000
80096067_4800	1064.0	65	38	746446.0 0.26662746 0.73337257	746449.0 0.26630887 0.7336911	1.0000000000000000
80096067_7050	1219.0	34	39	1116111.0 0.49068865 0.5093114	1116112.0 0.4906882 0.5093118	1.0000000000000000
80096067_7050	1219.0	35	40	1669201.0 0.34055096 0.65944904	1669199.0 0.34055197 0.659448	1.0000000000000000
80096067_6500	1163.0	38	41	1991852.0 0.5526264 0.4473736	1991849.0 0.5526272 0.44737276	1.0000000000000000
80096067_6500	1163.0	39	42	1769843.0 0.5034921 0.49650788	1769840.0 0.5034913 0.49650872	1.0000000000000000
80096067_6500	1163.0	40	43	1627610.0 0.53989655 0.46010345	1627612.0 0.5398959 0.46010414	1.0000000000000000
80081155_10000	3068.0	39	44	948268.0 0.7931608 0.2068392	948267.0 0.7897259 0.21027412	1.0000000000000000
80096067_4800	1064.0	40	45	647340.0 0.3080236 0.69197637	647338.0 0.30802456 0.6919754	0.9999999999999999
80096067_5500	1125.0	41	46	1164378.0 0.3847058 0.61529416	1164377.0 0.3847053 0.6152947	1.0000000000000000
80096067_7050	1219.0	42	47	1579137.0 0.45368832 0.5463117	1579136.0 0.45368797 0.54631203	1.0000000000000000
80096067_20000	1252.0	47	48	1542899.0 0.5591429 0.4408571	1542899.0 0.5591429 0.4408571	1.0000000000000000
80096067_20000	1252.0	48	49	878805.0 0.7740033 0.22599667	878805.0 0.7740033 0.22599667	1.0000000000000000
80096067_6500	1163.0	50	53	801800.0 0.75115865 0.24884136	801802.0 0.751158 0.24884199	1.0000000000000000
80096067_10000	1159.0	50	54	813566.0 0.24524377 0.7547562	813566.0 0.24524377 0.7547562	1.0000000000000000
80096067_5500	1125.0	58	61	996867.0 0.46203557 0.53796446	996864.0 0.46203393 0.5379661	1.0000000000000000
80096067_5500	1125.0	59	62	1143624.0 0.46892947 0.53107053	1143626.0 0.46892866 0.53107136	1.0000000000000000
80096067_7050	1219.0	58	63	1241412.0 0.48923805 0.5107619	1241411.0 0.48923928 0.5107607	1.0000000000000000
80096067_6500	1163.0	61	64	1371667.0 0.4622587 0.5377413	1371667.0 0.46225798 0.537742	1.0000000000000000
80096067_7050	1219.0	61	66	1427581.0 0.4759856 0.5240144	1427584.0 0.4759853 0.5240147	1.0000000000000000
60026145_7050	2150.0	52	67	947078.0 0.79294735 0.20705263	947098.0 0.7898602 0.21013981	1.0000000000000000
80096067_7050	1219.0	63	68	764277.0 0.2604043 0.7395957	764280.0 0.26040587 0.7395941	1.0000000000000000
80096067_7050	1219.0	64	69	1112679.0 0.50801355 0.49198645	1112679.0 0.50801444 0.49198556	1.0000000000000000
80096067_7050	1219.0	65	70	1323476.0 0.41362518 0.5863748	1323477.0 0.4136241 0.5863759	1.0000000000000000
80096067_7050	1219.0	68	75	1720133.0 0.53462666 0.4653733	1720130.0 0.5346264 0.46537355	1.0000000000000000
80096067_4800	1064.0	73	78	1408820.0 0.51919764 0.4808024	1408818.0 0.51919764 0.48080236	1.0000000000000000
80096067_7050	1219.0	72	79	1334502.0 0.50757736 0.49242264	1334501.0 0.5075777 0.49242225	1.0000000000000000
