ID	BITRATE	START_IDX	CAPTURE_START_IDX	KEY	CAPTURE_KEY	CORRELATION
70308278_3500	1007.0	35	0	412930.0 0.5243455 0.47565448	412949.0 0.52540386 0.47459614	1.0000000000000000
70112732_2000	583.0	2	3	348157.0 0.4349417 0.5650583	348157.0 0.43530074 0.56469923	1.0000000000000000
80052541_800	511.0	4	6	303101.0 0.56406283 0.4359372	303121.0 0.5703597 0.42964032	1.0000000000000000
896970_7050	1977.0	54	7	326379.0 0.3909596 0.60904044	326391.0 0.39900917 0.60099083	1.0000000000000000
80091879_5500	1325.0	9	9	1256290.0 0.48546037 0.51453966	1256294.0 0.4854604 0.5145396	1.0000000000000000
80091879_5500	1325.0	10	10	1056508.0 0.6118373 0.3881627	1056512.0 0.61183685 0.38816312	1.0000000000000000
80091879_5500	1325.0	11	11	606217.0 0.6764855 0.32351452	606217.0 0.67648876 0.3235112	1.0000000000000000
80091879_7050	1337.0	11	13	662222.0 0.4023545 0.5976455	662218.0 0.4023539 0.5976461	1.0000000000000000
80091879_7050	1337.0	12	14	591601.0 0.66898805 0.33101195	591600.0 0.6689858 0.3310142	1.0000000000000000
80091879_7050	1337.0	13	15	574661.0 0.3407696 0.6592304	574661.0 0.34077135 0.6592287	1.0000000000000000
80052541_5500	1394.0	34	17	493064.0 0.39777392 0.6022261	493077.0 0.39881602 0.601184	1.0000000000000000
80091879_6500	1351.0	24	21	827575.0 0.7628614 0.23713863	827576.0 0.7628605 0.23713955	1.0000000000000000
80091879_7050	1337.0	22	24	2038428.0 0.53804207 0.46195793	2038427.0 0.53804183 0.46195817	1.0000000000000000
80091879_7050	1337.0	23	25	1880449.0 0.50076765 0.49923235	1880448.0 0.5007679 0.49923208	1.0000000000000000
80091879_6500	1351.0	32	29	1532384.0 0.49995238 0.5000476	1532382.0 0.499953 0.50004697	1.0000000000000000
80091879_6500	1351.0	33	30	1594991.0 0.48041964 0.51958036	1594989.0 0.48041898 0.519581	1.0000000000000000
80091879_7050	1337.0	32	33	1464648.0 0.5256205 0.4743795	1464649.0 0.5256222 0.4743778	1.0000000000000000
80091879_15000	1561.0	31	34	890927.0 0.77986073 0.22013925	890926.0 0.77985936 0.22014062	1.0000000000000000
80091879_15000	1561.0	32	35	1062593.0 0.1845749 0.8154251	1062595.0 0.1845755 0.8154245	0.9999999999999999
80091879_5500	1325.0	36	36	1746263.0 0.49618357 0.5038164	1746265.0 0.4961824 0.50381756	1.0000000000000000
80091879_7050	1337.0	36	37	1797482.0 0.48946136 0.51053864	1797485.0 0.4894611 0.5105389	1.0000000000000000
80091879_7050	1337.0	37	38	1822072.0 0.5036486 0.49635142	1822072.0 0.5036497 0.49635032	1.0000000000000000
80091879_7050	1337.0	38	39	2067373.0 0.4374576 0.56254244	2067371.0 0.43745705 0.562543	1.0000000000000000
80091879_7050	1337.0	39	40	2103121.0 0.55298054 0.44701946	2103119.0 0.5529811 0.44701892	0.9999999999999999
80091879_7050	1337.0	40	41	1137036.0 0.82683045 0.17316954	1137032.0 0.82683164 0.17316839	1.0000000000000000
80091879_7050	1337.0	41	42	1052726.0 0.18703823 0.81296176	1052723.0 0.18703686 0.8129631	1.0000000000000000
80091879_7050	1337.0	42	43	1854690.0 0.46143883 0.53856117	1854689.0 0.46143854 0.53856146	1.0000000000000000
80091879_7050	1337.0	43	44	2106931.0 0.47408482 0.5259152	2106931.0 0.47408482 0.5259152	1.0000000000000000
80091879_7050	1337.0	44	45	2321190.0 0.47737023 0.5226298	2321188.0 0.47737065 0.5226294	1.0000000000000000
80091879_20000	1655.0	43	46	2545879.0 0.4765038 0.5234962	2545879.0 0.4765038 0.5234962	1.0000000000000000
80091879_7050	1337.0	47	47	2513352.0 0.5302711 0.46972886	2513351.0 0.53027135 0.46972865	1.0000000000000000
80091879_6500	1351.0	53	50	2064771.0 0.5000695 0.4999305	2064767.0 0.50007 0.49993002	1.0000000000000000
80091879_7050	1337.0	51	51	2166182.0 0.47652552 0.52347445	2166175.0 0.47652614 0.52347386	1.0000000000000000
80091879_7050	1337.0	52	52	2275143.0 0.49840426 0.50159574	2275137.0 0.4984034 0.5015966	1.0000000000000000
80091879_5500	1325.0	55	53	2426176.0 0.47037023 0.52962977	2426174.0 0.47037062 0.52962935	1.0000000000000000
80091879_5500	1325.0	56	54	2296469.0 0.5595438 0.44045618	2296467.0 0.55954343 0.44045657	1.0000000000000000
80091879_3500	1089.0	51	55	1208144.0 0.83722717 0.16277282	1208146.0 0.8372283 0.16277172	1.0000000000000000
70308278_1200	536.0	3	56	317846.0 0.61968374 0.38031626	317866.0 0.6186632 0.38133678	1.0000000000000000
80091879_5500	1325.0	61	62	1263515.0 0.58871084 0.41128916	1263511.0 0.58871037 0.41128966	1.0000000000000000
80091879_20000	1655.0	64	70	998063.0 0.8034603 0.1965397	998061.0 0.8034609 0.19653909	1.0000000000000000
70123920_2000	599.0	30	71	432395.0 0.45347658 0.54652345	432380.0 0.45367038 0.5463296	1.0000000000000000
80199806_20000	1719.0	56	75	1388317.0 0.4417118 0.5582882	1388326.0 0.4365711 0.5634289	1.0000000000000000
80091879_4800	1336.0	72	76	1672709.0 0.46763784 0.53236216	1672712.0 0.4676376 0.5323624	1.0000000000000000
