ID	BITRATE	START_IDX	CAPTURE_START_IDX	KEY	CAPTURE_KEY	CORRELATION
80091879_20000	1655.0	5	10	2578297.0 0.495766 0.504234	2578296.0 0.4957658 0.5042342	1.0000000000000000
80091879_20000	1655.0	6	11	1496185.0 0.86891997 0.13108005	1496182.0 0.8689217 0.1310783	1.0000000000000000
80091879_20000	1655.0	7	12	1167842.0 0.16793367 0.8320663	1167839.0 0.16793154 0.83206844	1.0000000000000000
80091879_20000	1655.0	8	13	2005883.0 0.48443604 0.51556396	2005882.0 0.48443627 0.5155637	1.0000000000000000
80091879_20000	1655.0	9	14	2407830.0 0.42949918 0.57050085	2407828.0 0.42949912 0.5705009	1.0000000000000000
80091879_20000	1655.0	10	15	2693599.0 0.5099753 0.4900247	2693597.0 0.5099753 0.4900247	1.0000000000000000
80091879_20000	1655.0	11	16	2559914.0 0.515615 0.484385	2559909.0 0.5156156 0.48438442	1.0000000000000000
80091879_20000	1655.0	12	17	2235041.0 0.5547925 0.4452075	2235035.0 0.5547922 0.4452078	1.0000000000000000
80091879_20000	1655.0	13	18	1739516.0 0.57203096 0.42796904	1739515.0 0.5720301 0.42796987	1.0000000000000000
80091879_7050	1337.0	15	19	1676975.0 0.4439303 0.55606973	1676974.0 0.44393057 0.55606943	1.0000000000000000
80091879_20000	1655.0	15	20	1313155.0 0.71013325 0.28986678	1313154.0 0.710133 0.28986698	1.0000000000000000
80091879_7050	1337.0	18	22	1438477.0 0.56111497 0.438885	1438476.0 0.5611154 0.43888462	1.0000000000000000
80091879_7050	1337.0	19	23	1578086.0 0.40005803 0.59994197	1578084.0 0.4000579 0.5999421	1.0000000000000000
80091879_7050	1337.0	20	24	1143011.0 0.8283035 0.17169651	1143009.0 0.82830405 0.17169593	1.0000000000000000
80091879_7050	1337.0	21	25	1293011.0 0.1517783 0.8482217	1293009.0 0.15177776 0.84822226	1.0000000000000000
80091879_7050	1337.0	22	26	2038428.0 0.53804207 0.46195793	2038427.0 0.53804183 0.46195817	1.0000000000000000
80091879_7050	1337.0	23	27	1880449.0 0.50076765 0.49923235	1880446.0 0.5007684 0.49923158	1.0000000000000000
81076251_4800	1117.0	86	29	974836.0 0.79559433 0.20440567	974844.0 0.7985042 0.20149583	1.0000000000000000
80091879_7050	1337.0	27	30	968599.0 0.20279393 0.79720604	968600.0 0.20279476 0.79720527	1.0000000000000000
80091879_6500	1351.0	33	33	1594991.0 0.48041964 0.51958036	1594988.0 0.4804199 0.51958007	1.0000000000000000
80091879_20000	1655.0	29	34	1598577.0 0.5184148 0.48158517	1598575.0 0.5184142 0.4815858	1.0000000000000000
80091879_7050	1337.0	32	35	1464648.0 0.5256205 0.4743795	1464648.0 0.52562183 0.47437814	1.0000000000000000
80091879_7050	1337.0	33	36	1561267.0 0.44502252 0.5549775	1561264.0 0.4450221 0.5549779	1.0000000000000000
80091879_7050	1337.0	34	37	1249648.0 0.6933696 0.30663034	1249648.0 0.69336885 0.30663115	1.0000000000000000
80091879_7050	1337.0	35	38	1262978.0 0.30339405 0.696606	1262980.0 0.30339435 0.6966056	1.0000000000000000
80091879_7050	1337.0	36	39	1797482.0 0.48946136 0.51053864	1797483.0 0.48946166 0.51053834	1.0000000000000000
80091879_7050	1337.0	37	40	1822072.0 0.5036486 0.49635142	1822070.0 0.5036492 0.49635085	1.0000000000000000
80091879_7050	1337.0	38	41	2067373.0 0.4374576 0.56254244	2067372.0 0.43745682 0.56254315	1.0000000000000000
80091879_20000	1655.0	37	42	1359881.0 0.8552101 0.14478987	1359885.0 0.85520905 0.14479092	1.0000000000000000
80091879_7050	1337.0	41	43	1052726.0 0.18703823 0.81296176	1052724.0 0.18703763 0.81296235	1.0000000000000000
80091879_15000	1561.0	39	45	1938997.0 0.48485583 0.51514417	1938997.0 0.48485634 0.51514363	0.9999999999999999
80091879_6500	1351.0	47	46	2211985.0 0.4515686 0.5484314	2211985.0 0.45156816 0.5484318	1.0000000000000000
80091879_7050	1337.0	45	47	1408938.0 0.86101943 0.13898057	1408937.0 0.86102 0.13897996	1.0000000000000000
80091879_6500	1351.0	49	48	1303880.0 0.15017793 0.84982204	1303878.0 0.15017816 0.84982187	1.0000000000000000
80091879_6500	1351.0	50	49	2440825.0 0.45397192 0.5460281	2440822.0 0.45397165 0.5460284	1.0000000000000000
80091879_20000	1655.0	44	50	2365288.0 0.5634654 0.43653458	2365286.0 0.5634659 0.4365341	1.0000000000000000
80091879_7050	1337.0	49	51	1228610.0 0.8404034 0.15959662	1228608.0 0.84040475 0.15959525	1.0000000000000000
80091879_7050	1337.0	51	54	2166182.0 0.47652552 0.52347445	2166184.0 0.47652507 0.52347493	1.0000000000000000
80091879_7050	1337.0	52	55	2275143.0 0.49840426 0.50159574	2275143.0 0.49840516 0.50159484	1.0000000000000000
80091879_5500	1325.0	55	56	2426176.0 0.47037023 0.52962977	2426175.0 0.47037002 0.52962995	1.0000000000000000
80091879_7050	1337.0	55	57	1481627.0 0.8672736 0.13272639	1481625.0 0.8672741 0.1327259	1.0000000000000000
80091879_6500	1351.0	60	58	1381611.0 0.1423353 0.8576647	1381608.0 0.14233415 0.85766584	1.0000000000000000
80091879_5500	1325.0	62	64	995111.0 0.5222232 0.47777686	995111.0 0.5222232 0.47777686	1.0000000000000000
80091879_4200	1386.0	60	67	835368.0 0.76465344 0.23534657	835371.0 0.76464945 0.23535052	1.0000000000000000
80091879_7050	1337.0	65	68	999638.0 0.1966742 0.80332583	999642.0 0.1966754 0.8033246	1.0000000000000000
80091879_7050	1337.0	66	69	1278726.0 0.62799615 0.37200385	1278727.0 0.6279972 0.37200278	0.9999999999999999
80091879_7050	1337.0	67	70	1360060.0 0.34975737 0.6502426	1360059.0 0.3497569 0.6502431	1.0000000000000000
80091879_7050	1337.0	68	71	1686272.0 0.52445215 0.47554785	1686273.0 0.52445185 0.47554815	0.9999999999999999
80091879_20000	1655.0	64	72	998063.0 0.8034603 0.1965397	998063.0 0.8034603 0.1965397	1.0000000000000000
81000864_7050	2214.0	8	73	1057179.0 0.18834937 0.81165063	1057194.0 0.18554683 0.8144532	1.0000000000000000
80091879_4800	1336.0	73	78	1585622.0 0.56160104 0.43839893	1585620.0 0.56160176 0.43839824	1.0000000000000000
