ID	BITRATE	START_IDX	CAPTURE_START_IDX	KEY	CAPTURE_KEY	CORRELATION
80102952_15000	4446.0	15	15	1782292.4 0.111481145 1.0978782 0.11149069 0.5158873 0.66326267	1782292.8 0.111480564 1.0978786 0.111491226 0.51588774 0.66326195	0.9999999999989669
80102952_15000	4446.0	16	16	2177105.2 0.89878064 0.091272116 0.42233235 0.54298156 0.54463327	2177105.5 0.898781 0.09127256 0.42233276 0.542981 0.5446328	0.9999999999985216
80102952_20000	5139.0	20	21	3600355.5 0.6451985 0.5496388 0.29832664 0.3114298 0.6954063	3600335.5 0.64519376 0.5496421 0.29832914 0.3114321 0.695403	0.9999999999131354
80102952_20000	5139.0	27	28	7269760.0 0.3603797 0.5081067 0.74859554 0.28254634 0.60037166	7269758.5 0.36037594 0.5081068 0.7485956 0.28255025 0.60037136	0.9999999998962580
80102952_20000	5139.0	28	29	6301579.0 0.58617276 0.8636105 0.32595703 0.69261336 0.031646352	6301589.0 0.58617187 0.863609 0.32596096 0.6926118 0.031646464	0.9999999999829485
80102952_20000	5139.0	29	30	7272288.0 0.7483353 0.2824481 0.600163 0.02742218 0.8416314	7272309.5 0.748333 0.28245112 0.6001608 0.027422238 0.8416329	0.9999999999786687
80102952_20000	5139.0	30	31	6297575.0 0.32616428 0.6930538 0.031666476 0.9718957 0.47721988	6297597.5 0.32616755 0.6930508 0.03166652 0.9718968 0.47721833	0.9999999999779727
80102952_20000	5139.0	31	32	6837862.5 0.63829273 0.029164378 0.89510226 0.4395128 0.49792796	6837874.5 0.6382912 0.029164473 0.8951049 0.43951216 0.49792725	0.9999999999890798
80102952_20000	5139.0	32	33	6365519.0 0.031328473 0.9615219 0.47212616 0.5348759 0.50014746	6365521.0 0.031328622 0.96152616 0.47212616 0.5348759 0.5001432	0.9999999999679530
80102952_20000	5139.0	33	34	6365141.0 0.961579 0.4721542 0.5349077 0.50017715 0.031182026	6365143.0 0.96158326 0.4721542 0.5349077 0.5001729 0.03118186	0.9999999999694847
80102952_20000	5139.0	34	35	5668516.5 0.5301789 0.60064447 0.5616457 0.0350141 0.7725168	5668520.0 0.5301788 0.60064423 0.5616408 0.035013903 0.7725223	0.9999999999186892
80102952_20000	5139.0	35	36	5954877.0 0.5717604 0.5346371 0.03333033 0.73536766 0.6249046	5954881.0 0.57176024 0.5346323 0.03333014 0.7353729 0.62490433	0.9999999999228667
80102952_15000	4446.0	49	48	5727548.5 0.6251493 0.69660866 0.6552397 0.4883428 0.034659505	5727527.0 0.62515163 0.69660676 0.65524215 0.48833954 0.034659985	0.9999999999561523
80102952_20000	5139.0	49	49	5626639.0 0.7091075 0.6669909 0.49709588 0.035281274 0.59152436	5626615.0 0.70910025 0.66699374 0.49709782 0.035281602 0.5915265	0.9999999998880040
80102952_20000	5139.0	50	50	5276024.5 0.71131533 0.53013 0.037625868 0.6308337 0.59009504	5276035.5 0.71131384 0.5301287 0.03762598 0.630832 0.5900995	0.9999999999535555
80102952_15000	4446.0	52	51	5301869.0 0.5275511 0.037442267 0.62775826 0.5872186 0.72002965	5301881.5 0.52754444 0.037442558 0.6277568 0.5872229 0.72003347	0.9999999998638722
