ID	BITRATE	START_IDX	CAPTURE_START_IDX	KEY	CAPTURE_KEY	CORRELATION
80052541_4800	1232.0	11	1	357047.0 0.5488689 0.45113108	357055.0 0.5507219 0.44927812	1.0000000000000000
80052541_4200	1176.0	87	5	923126.0 0.7876953 0.21230471	923124.0 0.7873536 0.21264641	1.0000000000000000
14607635_5500	945.0	58	15	976282.0 0.20340332 0.7965967	976298.0 0.20090382 0.79909617	1.0000000000000000
80106307_4800	1586.0	18	21	1866652.0 0.7297113 0.27028874	1866651.0 0.72971165 0.27028835	1.0000000000000000
80106307_10000	2454.0	32	38	748797.0 0.26253977 0.7374602	748799.0 0.26254174 0.7374582	1.0000000000000000
80106307_20000	2347.0	48	48	7094111.0 0.5971532 0.4028468	7094113.0 0.5971534 0.40284654	1.0000000000000000
80106307_15000	2273.0	54	55	1837467.0 0.45512274 0.5448773	1837469.0 0.45512334 0.5448767	1.0000000000000000
80106307_4800	1586.0	56	59	1742219.0 0.716593 0.28340697	1742218.0 0.7165917 0.28340828	1.0000000000000000
80106307_5500	1894.0	63	64	2192405.0 0.40422776 0.5957722	2192407.0 0.40422785 0.59577215	1.0000000000000000
80106307_6500	2248.0	62	65	2820170.0 0.46315506 0.53684497	2820169.0 0.46315488 0.53684515	1.0000000000000000
80106307_6500	2248.0	63	66	2165890.0 0.69901705 0.30098298	2165890.0 0.69901705 0.30098298	1.0000000000000000
80106307_20000	2347.0	69	67	848803.0 0.7680168 0.23198316	848805.0 0.7680162 0.2319838	1.0000000000000000
80106307_10000	2454.0	68	68	1110842.0 0.17725924 0.8227408	1110843.0 0.17726088 0.8227391	1.0000000000000000
