ID	BITRATE	START_IDX	CAPTURE_START_IDX	KEY	CAPTURE_KEY	CORRELATION
80102952_5500	1342.0	0	0	506306.4 0.7200995 0.39256465 0.49231058 0.39397684 0.5010484	506304.8 0.7200959 0.3925659 0.49231213 0.39397612 0.50104994	0.9999999999318586
80102952_5500	1342.0	1	1	478348.8 0.4155085 0.5210842 0.41700324 0.5303327 0.61607134	478348.4 0.41550887 0.5210846 0.4170015 0.5303331 0.6160719	0.9999999999575042
80102952_15000	4446.0	19	16	2053151.2 0.57576275 0.5775142 0.60723776 0.4880337 0.25145152	2053151.6 0.5757626 0.5775146 0.60723764 0.48803362 0.25145146	0.9999999999989841
80102952_15000	4446.0	29	26	4313903.0 0.39674744 0.5870204 0.8099869 0.26269576 0.4435494	4313915.0 0.39674634 0.5870252 0.8099847 0.26269573 0.4435479	0.9999999999079174
80102952_15000	4446.0	30	27	3709059.5 0.68274695 0.94207305 0.30553406 0.5158798 0.05376619	3709072.0 0.6827522 0.9420699 0.30553383 0.51587784 0.05376628	0.9999999999557618
80102952_15000	4446.0	31	28	4277002.0 0.8169753 0.26496223 0.44737622 0.046626586 0.9240596	4277015.5 0.81697273 0.2649621 0.44737458 0.046626672 0.924064	0.9999999999761650
80102952_15000	4446.0	32	29	3611392.8 0.31379694 0.52983135 0.055220246 1.0943714 0.5067801	3611405.2 0.3137967 0.5298292 0.055220332 1.0943762 0.5067775	0.9999999999820680
80102952_15000	4446.0	33	30	4033779.2 0.47435144 0.049438007 0.9797772 0.45371398 0.54271936	4033779.5 0.47435117 0.04943825 0.97978485 0.4537132 0.5427126	0.9999999999095582
80102952_10000	3108.0	46	45	4852097.0 0.44162306 0.6256347 0.5734867 0.3920645 0.46719098	4852109.0 0.44162858 0.6256327 0.5734855 0.39206332 0.46719003	0.9999999995818597
80102952_10000	3108.0	66	64	5038234.5 0.63384247 0.694895 0.5601214 0.57162243 0.039518606	5038235.5 0.63385427 0.6948893 0.5601215 0.57161677 0.0395182	0.9999999996324735
80102952_10000	3108.0	67	65	5002306.5 0.69988596 0.5641444 0.575728 0.03980244 0.6204392	5002297.0 0.6998817 0.5641456 0.5757235 0.039802115 0.62044716	0.9999999998119740
80102952_10000	3108.0	68	66	4901569.0 0.5757387 0.5875604 0.04062046 0.6331905 0.66288996	4901559.5 0.57574004 0.5875559 0.040620133 0.6331987 0.66288537	0.9999999997939322
80102952_10000	3108.0	69	67	4859445.0 0.5926537 0.04097258 0.6386793 0.66863626 0.5590583	4859446.5 0.59264773 0.040972155 0.6386861 0.66863006 0.55906385	0.9999999997207321
80102952_10000	3108.0	70	68	4884906.5 0.04075902 0.63535035 0.6651511 0.5561443 0.60259515	4884918.0 0.040758513 0.63535583 0.6651436 0.55614877 0.6025933	0.9999999997980065
80102952_10000	3108.0	71	69	4884760.5 0.6353693 0.66517097 0.5561609 0.60261315 0.040685516	4884773.0 0.63537467 0.66516334 0.5561653 0.60261124 0.04068541	0.9999999997993648
80102952_10000	3108.0	72	70	4857964.5 0.66884 0.55922866 0.6059371 0.04090993 0.6250842	4857963.0 0.66883427 0.5592346 0.6059369 0.040909946 0.6250844	0.9999999998756157
80102952_10000	3108.0	73	71	4723941.0 0.5750946 0.62312824 0.042070594 0.64281857 0.61688787	4723950.5 0.5750994 0.62312657 0.042070508 0.64281726 0.6168862	0.9999999999435240
80102952_10000	3108.0	74	72	4764427.0 0.61783314 0.041713096 0.63735616 0.6116459 0.5914516	4764437.0 0.61783147 0.041713007 0.63735485 0.61164415 0.59145665	0.9999999999370803
80102952_10000	3108.0	75	73	3666520.8 0.054203704 0.82820666 0.79479766 0.7685564 0.05423561	3666532.0 0.054203536 0.82820415 0.7947946 0.7685622 0.054235447	0.9999999999628597
80102952_10000	3108.0	76	74	4801476.0 0.63243824 0.60692626 0.58688784 0.0414156 0.632332	4801499.0 0.6324352 0.606923 0.5868913 0.0414154 0.632335	0.9999999999221907
80102952_10000	3108.0	77	75	4802383.0 0.60681164 0.58677703 0.041407775 0.6322126 0.63279086	4802393.5 0.6068099 0.586782 0.041407686 0.6322172 0.63278323	0.9999999997966006
