ID	BITRATE	START_IDX	CAPTURE_START_IDX	KEY	CAPTURE_KEY	CORRELATION
80121840_2000	525.0	33	2	307492.0 0.360559 0.639441	307473.0 0.353231 0.646769	1.0000000000000000
70220028_6500	1001.0	63	3	402952.0 0.48721436 0.5127856	402948.0 0.49352273 0.50647724	1.0000000000000000
80052541_4200	1176.0	33	4	328970.0 0.6296714 0.3703286	328972.0 0.6203689 0.3796311	1.0000000000000000
70216224_5500	1409.0	41	7	375467.0 0.47807664 0.52192336	375462.0 0.47125673 0.52874327	1.0000000000000000
328438_1200	354.0	3	8	347207.0 0.56488204 0.43511796	347221.0 0.57174826 0.42825174	0.9999999999999999
80163052_1200	384.0	21	12	413324.0 0.5196698 0.4803302	413332.0 0.5192654 0.48073462	1.0000000000000000
80174429_5500	1499.0	8	13	307295.0 0.6380481 0.36195186	307312.0 0.6465839 0.3534161	1.0000000000000000
70097579_5500	1554.0	74	15	327099.0 0.39125156 0.60874844	327100.0 0.39203912 0.6079609	1.0000000000000000
80200961_1200	377.0	2	16	323775.0 0.61496717 0.3850328	323752.0 0.6142479 0.38575205	1.0000000000000000
81110498_800	571.0	15	20	379645.0 0.51669323 0.48330677	379652.0 0.5229078 0.47709218	1.0000000000000000
80200961_800	402.0	11	21	304301.0 0.6026336 0.39736643	304310.0 0.5952121 0.40478787	1.0000000000000000
81000864_2000	911.0	5	23	289325.0 0.5425974 0.4574026	289307.0 0.5340106 0.4659894	1.0000000000000000
80216541_6500	2398.0	14	55	267010.0 0.41334033 0.58665967	266985.0 0.41134894 0.58865106	1.0000000000000000
