ID	BITRATE	START_IDX	CAPTURE_START_IDX	KEY	CAPTURE_KEY	CORRELATION
80102952_7050	1936.0	13	12	806276.7 0.24643153 0.84112567 0.41244277	806275.3 0.24643071 0.8411271 0.41244224	0.9999999999998006
80102952_7050	1936.0	14	13	806288.0 0.84111387 0.412437 0.24644916	806287.3 0.8411146 0.4124361 0.24644937	0.9999999999974436
80102952_4200	1137.0	15	16	969552.0 0.45639017 0.52328295 0.5203269	969553.3 0.4563906 0.52328426 0.5203252	0.9999999991508710
80102952_4800	1285.0	18	17	943349.3 0.5378188 0.5347775 0.42740372	943351.3 0.53781873 0.53477746 0.42740387	1.0000000000000000
80102952_5500	1342.0	16	18	764790.0 0.6596373 0.52719176 0.31317094	764790.0 0.65963596 0.52719307 0.31317094	0.9999999999760443
80102952_5500	1342.0	17	19	561311.3 0.71830195 0.42669725 0.35500085	561313.3 0.7183012 0.42669573 0.35500315	0.9999999999586280
80102952_5500	1342.0	18	20	544450.7 0.43991128 0.36599457 0.69409406	544450.7 0.43991128 0.36599824 0.6940904	0.9999999999791744
80102952_10000	3108.0	24	23	1417728.6 0.9090964 0.45078725 0.14011638	1417730.6 0.9090951 0.45078874 0.14011618	0.9999999999950736
80102952_7050	1936.0	25	24	1102517.4 0.5796689 0.18017493 0.7401561	1102518.6 0.57967 0.18017565 0.7401544	0.9999999999908449
80102952_7050	1936.0	26	25	1535229.4 0.12939174 0.53153944 0.8390688	1535228.6 0.12939246 0.5315391 0.83906853	0.9999999999995830
80102952_7050	1936.0	27	26	2241268.8 0.36409512 0.5747472 0.5611576	2241266.0 0.36409512 0.5747475 0.5611574	0.9999999999980946
80102952_7050	1936.0	28	27	2018706.6 0.638113 0.6230252 0.23886184	2018705.4 0.6381129 0.6230245 0.2388625	0.9999999999992808
80102952_7050	1936.0	29	28	1600327.4 0.7859048 0.30130836 0.41278678	1600326.0 0.7859042 0.30130923 0.4127865	0.9999999999984200
80102952_7050	1936.0	30	29	894805.3 0.5388792 0.7382544 0.22286636	894804.7 0.5388807 0.73825383 0.22286539	0.9999999999878789
80102952_7050	1936.0	31	30	1405088.0 0.4701442 0.14192848 0.8879273	1405087.4 0.4701437 0.14192782 0.8879284	0.9999999999995346
80102952_7050	1936.0	32	31	1493934.6 0.13348778 0.83512086 0.5313914	1493936.0 0.13348697 0.8351208 0.5313922	0.9999999999979130
80102952_7050	1936.0	33	32	2000276.6 0.6237217 0.3968771 0.4794012	2000279.4 0.62372136 0.39687756 0.47940102	0.9999999999987518
80102952_7050	1936.0	34	33	1750881.4 0.4534082 0.547687 0.49890473	1750883.4 0.45340884 0.54768693 0.49890417	0.9999999999437094
80102952_7050	1936.0	37	37	2323543.2 0.5560641 0.37021604 0.5737199	2323542.0 0.55606484 0.37021497 0.5737202	0.9999999999968580
80102952_7050	1936.0	38	38	2245192.0 0.38313562 0.5937412 0.5231232	2245189.2 0.38313475 0.59374195 0.5231234	0.9999999999999999
80102952_5500	1342.0	45	41	1777410.6 0.11193362 0.7594919 0.6285745	1777414.0 0.111932844 0.7594916 0.62857556	0.9999999999972660
80102952_7050	1936.0	42	42	2650332.0 0.5093441 0.42154643 0.56910944	2650334.8 0.50934356 0.42154637 0.56911	0.9999999999795903
80102952_7050	1936.0	43	43	2474434.8 0.4515124 0.6095651 0.43892246	2474438.8 0.4515121 0.6095653 0.43892255	0.9999999999972061
80102952_7050	1936.0	44	44	2296020.8 0.65693176 0.47302926 0.3700389	2296024.0 0.6569322 0.47302946 0.3700384	0.9999999999987577
80102952_7050	1936.0	45	45	1423341.4 0.76305306 0.5969172 0.14002965	1423340.0 0.7630552 0.5969178 0.14002697	0.9999999999998821
80102952_7050	1936.0	46	46	1662268.0 0.5111191 0.11990245 0.8689784	1662265.4 0.51111996 0.11990023 0.86897975	0.9999999999984319
80102952_5500	1342.0	51	47	2100294.8 0.09489525 0.68774825 0.71735644	2100295.2 0.094894275 0.68774855 0.7173572	0.9999999999998421
80102952_4800	1285.0	51	48	2594972.0 0.556643 0.5806082 0.3627488	2594974.0 0.55664337 0.5806078 0.36274892	0.9999999999948497
80102952_4800	1285.0	52	49	2400377.2 0.62767714 0.39215627 0.4801666	2400380.0 0.6276764 0.39215624 0.4801673	0.9999999999887318
80102952_5500	1342.0	55	50	1958231.4 0.48070112 0.5885842 0.43071467	1958231.4 0.48070112 0.5885842 0.43071467	1.0000000000000000
80102952_6500	1437.0	56	53	1345955.4 0.14761485 0.6298864 0.7224987	1345973.4 0.14761287 0.6298988 0.7224883	0.9999999993035835
80102952_10000	3108.0	71	68	6046360.5 0.513305 0.5373813 0.44931376	6046362.5 0.5133051 0.53737664 0.44931826	0.9999999995983425
80102952_10000	3108.0	72	69	5939690.0 0.54703206 0.45738295 0.49558496	5939691.5 0.5470274 0.45738757 0.495585	0.9999999999705759
80102952_10000	3108.0	73	70	3906048.8 0.6955144 0.7536058 0.050879806	3906068.8 0.69551796 0.7536022 0.050879803	0.9999999999575179
80102952_10000	3108.0	74	71	4119331.2 0.7145871 0.048245452 0.7371675	4119333.2 0.714587 0.048245672 0.73716736	1.0000000000000000
80102952_10000	3108.0	75	72	4099678.8 0.048476726 0.7407012 0.71082205	4099659.2 0.0484772 0.74070495 0.7108179	0.9999999999481226
