ID	BITRATE	START_IDX	CAPTURE_START_IDX	KEY	CAPTURE_KEY	CORRELATION
80102952_4800	1285.0	0	4	521245.34 0.38115832 0.5463914 0.5724502	521249.34 0.38116115 0.54638916 0.5724496	0.9999999999374495
80102952_15000	4446.0	15	15	1569427.4 0.12660159 1.246786 0.12661242	1569428.0 0.1266009 1.2467861 0.126613	0.9999999999995147
80102952_15000	4446.0	16	16	2049940.6 0.95453495 0.09693403 0.44853103	2049942.6 0.95453453 0.09693442 0.4485311	1.0000000000000000
80102952_15000	4446.0	17	17	1533532.6 0.12957598 0.5995712 0.77085286	1533533.4 0.12957658 0.5995716 0.77085185	0.9999999999987120
80102952_15000	4446.0	18	18	2191542.8 0.41955012 0.5394045 0.54104537	2191542.0 0.41955072 0.5394042 0.54104507	0.9999999999999960
80102952_20000	5139.0	20	21	3583947.2 0.6481524 0.5521552 0.29969248	3583930.0 0.64814717 0.5521581 0.29969475	0.9999999998198476
80102952_20000	5139.0	21	22	2782823.2 0.71111053 0.38596845 0.40292102	2782827.2 0.7111099 0.38596898 0.40292117	0.9999999999995933
80102952_20000	5139.0	22	23	3132700.0 0.34286144 0.35792065 0.79921794	3132686.0 0.34286392 0.35792288 0.7992132	0.9999999999999996
80102952_20000	5139.0	27	28	7837198.5 0.33428705 0.47131816 0.6943948	7837179.5 0.3342843 0.47131932 0.6943964	0.9999999999746750
80102952_20000	5139.0	28	29	7459978.5 0.49515074 0.72950745 0.2753418	7459996.5 0.49514955 0.7295056 0.2753449	0.9999999999886822
80102952_20000	5139.0	29	30	7907141.5 0.6882525 0.25977075 0.55197674	7907157.5 0.688251 0.25977376 0.5519752	0.9999999999932899
80102952_20000	5139.0	30	31	4412016.0 0.4655568 0.98924345 0.045199744	4412033.5 0.4655613 0.98923886 0.045199793	0.9999999999684206
80102952_20000	5139.0	31	32	7123044.0 0.6127378 0.02799674 0.8592655	7123062.0 0.6127358 0.027996808 0.8592674	0.9999999999904104
80102952_20000	5139.0	32	33	6216890.5 0.03207745 0.9845092 0.48341337	6216911.5 0.032077502 0.98451054 0.4834119	0.9999999999966585
80102952_20000	5139.0	33	34	8353784.5 0.7326722 0.35975647 0.40757132	8353805.5 0.7326739 0.3597557 0.40757042	0.9999999999993686
80102952_20000	5139.0	34	35	6395859.5 0.46988648 0.5323386 0.49777484	6395843.5 0.46988782 0.5323401 0.49777204	0.9999999969769994
80102952_20000	5139.0	35	36	4524626.0 0.752496 0.70363784 0.04386617	4524608.5 0.75249916 0.7036348 0.043866117	0.9999999999699436
80102952_20000	5139.0	36	37	5174133.5 0.6153104 0.03835966 0.8463299	5174138.0 0.6153048 0.038359433 0.84633577	0.9999999999153292
80102952_20000	5139.0	37	38	5532488.0 0.035875 0.7915108 0.6726142	5532510.5 0.035874672 0.79151374 0.67261165	0.9999999999784449
80102952_20000	5139.0	43	43	9388198.0 0.65895796 0.29832402 0.542718	9388215.0 0.65895975 0.2983203 0.54272	0.9999999999812839
80102952_20000	5139.0	44	44	7412159.5 0.37785548 0.68740344 0.43474105	7412138.0 0.37785253 0.6874092 0.43473825	0.9999999999887997
80102952_15000	4446.0	49	48	7548900.0 0.4743172 0.5285353 0.49714753	7548882.5 0.4743183 0.52853304 0.4971487	0.9999999995307429
80102952_20000	5139.0	50	50	4498940.5 0.834178 0.62169725 0.044124834	4498940.5 0.834178 0.62169707 0.044125054	0.9999999999999259
80102952_20000	5139.0	51	51	4215858.5 0.6634423 0.04708768 0.78947	4215857.5 0.66344225 0.04708793 0.7894698	0.9999999999999876
80102952_20000	5139.0	52	52	4426776.5 0.044844143 0.751855 0.70330095	4426796.0 0.044844173 0.7518512 0.7033046	0.9999999999558328
80102952_20000	5139.0	58	58	6483048.5 0.5468645 0.5319169 0.42121866	6483026.5 0.5468619 0.5319184 0.42121977	0.9999999996009016
80102952_15000	4446.0	64	63	3485664.0 0.057142626 0.8689845 0.57387286	3485666.0 0.05714202 0.8689846 0.5738734	0.9999999999995226
