ID	BITRATE	START_IDX	CAPTURE_START_IDX	KEY	CAPTURE_KEY	CORRELATION
80102952_5500	1342.0	0	0	541739.3 0.6730008 0.36688864 0.4601106	541737.3 0.6729978 0.36688998 0.4601123	0.9999999999816792
80102952_5500	1342.0	1	1	431660.66 0.46044967 0.5774443 0.46210605	431660.0 0.46045035 0.5774452 0.46210444	0.9999999998487783
80102952_5500	1342.0	2	2	468278.0 0.53229064 0.42597133 0.54173803	468277.34 0.5322914 0.42596978 0.5417388	0.9999999999990070
80102952_5500	1342.0	3	3	498569.34 0.40009078 0.50882393 0.59108526	498568.66 0.40008932 0.5088246 0.5910861	0.9999999999865349
80102952_15000	4446.0	19	16	2409735.2 0.49056342 0.4920557 0.5173809	2409736.0 0.49056327 0.49205598 0.5173807	0.9999999998999655
80102952_15000	4446.0	20	17	2289654.8 0.5178615 0.54451483 0.43762362	2289655.2 0.5178618 0.5445147 0.43762353	0.9999999999905244
80102952_15000	4446.0	21	18	1843350.6 0.6763504 0.54357916 0.28007042	1843350.6 0.6763504 0.54357916 0.28007042	1.0000000000000000
80102952_15000	4446.0	29	26	5158722.5 0.331774 0.49088684 0.6773392	5158741.5 0.33177277 0.49089047 0.6773367	0.9999999998362162
80102952_15000	4446.0	30	27	4773198.5 0.53053504 0.73204684 0.23741816	4773219.5 0.53053856 0.7320436 0.23741774	0.9999999999161685
80102952_15000	4446.0	31	28	4360585.5 0.80131555 0.25988346 0.43880093	4360586.5 0.80131537 0.2598841 0.4388006	0.9999999999989959
80102952_15000	4446.0	32	29	2164063.2 0.5236649 0.88418347 0.09215165	2164065.2 0.52366585 0.8841822 0.09215203	0.9999999999978453
80102952_15000	4446.0	33	30	4043370.8 0.47322622 0.04932073 0.97745305	4043391.2 0.47322357 0.049320728 0.97745574	0.9999999999883874
80102952_15000	4446.0	34	31	3987872.8 0.050007112 0.99105597 0.4589369	3987892.0 0.05000712 0.99105895 0.45893395	0.9999999999864166
80102952_15000	4446.0	35	32	5314398.0 0.74367875 0.3443818 0.4119394	5314398.5 0.74368453 0.3443812 0.4119343	0.9999999999001992
80102952_10000	3108.0	34	33	4015733.2 0.45575264 0.54515874 0.49908867	4015732.0 0.45575228 0.54515165 0.49909607	0.9999999899523107
80102952_10000	3108.0	46	45	5307367.5 0.4037403 0.5719672 0.5242925	5307388.0 0.40374473 0.57196456 0.5242907	0.9999999999673841
80102952_10000	3108.0	47	46	5147058.5 0.5897815 0.540622 0.36959654	5147057.5 0.5897812 0.5406223 0.36959642	0.9999999999967051
80102952_10000	3108.0	48	47	4634536.0 0.60040814 0.41046935 0.48912254	4634536.5 0.60040826 0.41046908 0.4891227	0.9999999999988415
80102952_10000	3108.0	56	54	4197906.5 0.5639623 0.51880646 0.4172313	4197922.5 0.5639673 0.518804 0.41722876	0.9999999992598319
80102952_10000	3108.0	57	55	4648224.0 0.46854475 0.37681016 0.6546451	4648240.0 0.46854272 0.376808 0.65464926	0.9999999999684507
80102952_10000	3108.0	66	64	6344342.5 0.5033535 0.55183715 0.44480938	6344364.5 0.5033612 0.5518308 0.44480798	0.9999999919433740
80102952_10000	3108.0	68	66	3934063.2 0.71733034 0.7320594 0.05061027	3934044.0 0.71733415 0.73205584 0.05061001	0.9999999999559598
80102952_10000	3108.0	69	67	4121799.2 0.6987162 0.048305117 0.7529787	4121802.0 0.69870895 0.048304603 0.75298643	0.9999999998192955
80102952_10000	3108.0	70	68	4367954.5 0.045582894 0.7105447 0.74387246	4367956.5 0.045582414 0.71055216 0.7438655	0.9999999998315249
80102952_10000	3108.0	71	69	6046360.5 0.513305 0.5373813 0.44931376	6046382.5 0.51330876 0.53737456 0.44931677	0.9999999953687000
80102952_10000	3108.0	72	70	5939690.0 0.54703206 0.45738295 0.49558496	5939688.0 0.5470274 0.45738783 0.4955848	0.9999999999244100
80102952_10000	3108.0	73	71	3906048.8 0.6955144 0.7536058 0.050879806	3906066.0 0.69551843 0.75360197 0.05087958	0.9999999999481295
80102952_10000	3108.0	74	72	4119331.2 0.7145871 0.048245452 0.7371675	4119330.0 0.71458685 0.048245467 0.7371677	0.9999999999998014
80102952_10000	3108.0	75	73	4099678.8 0.048476726 0.7407012 0.71082205	4099677.2 0.048476744 0.7407015 0.7108218	0.9999999999997974
80102952_10000	3108.0	76	74	5845804.5 0.5194558 0.49850145 0.48204282	5845823.5 0.5194541 0.49849948 0.48204637	0.9999999951185650
80102952_10000	3108.0	77	75	3953950.8 0.7370203 0.71268666 0.050292987	3953969.2 0.7370164 0.71269095 0.050292753	0.9999999999444126
80102952_10000	3108.0	79	77	4182591.2 0.047543734 0.7258962 0.7265601	4182590.8 0.047543738 0.7259032 0.726553	0.9999999998380052
