ID	BITRATE	START_IDX	CAPTURE_START_IDX	KEY	CAPTURE_KEY	CORRELATION
80199806_7050	1675.0	54	2	484188.0 0.410289 0.589711	484200.0 0.41079718 0.5892028	1.0000000000000000
80202920_6500	1951.0	3	4	427248.0 0.5335262 0.46647382	427254.0 0.53482 0.46517995	1.0000000000000000
80081155_3500	980.0	72	5	458748.0 0.42668742 0.5733126	458730.0 0.4332614 0.5667386	1.0000000000000000
80102952_6500	1437.0	4	6	574717.0 0.45235482 0.5476452	574721.0 0.45235863 0.5476414	1.0000000000000000
70295915_20000	507.0	51	7	513985.0 0.61214626 0.38785374	513981.0 0.6123592 0.38764077	1.0000000000000000
80102952_7050	1936.0	13	12	876872.0 0.2265918 0.77340823	876871.0 0.22659092 0.77340907	1.0000000000000000
80102952_7050	1936.0	14	13	1010723.0 0.67098504 0.329015	1010722.0 0.6709857 0.3290143	1.0000000000000000
80102952_7050	1936.0	15	14	531252.0 0.62596095 0.37403905	531251.0 0.62596023 0.37403977	1.0000000000000000
80102952_4200	1137.0	15	16	949844.0 0.46585965 0.53414035	949847.0 0.46585923 0.53414077	1.0000000000000000
80102952_4800	1285.0	18	17	1011833.0 0.5014177 0.49858227	1011835.0 0.5014177 0.49858227	1.0000000000000000
80102952_5500	1342.0	16	18	907675.0 0.55579805 0.44420195	907675.0 0.555797 0.44420305	1.0000000000000000
80102952_5500	1342.0	17	19	642701.0 0.62733835 0.37266162	642702.0 0.62733895 0.37266105	1.0000000000000000
80102952_5500	1342.0	18	20	438776.0 0.5458594 0.4541406	438778.0 0.5458569 0.4541431	1.0000000000000000
80210932_4800	1970.0	7	21	577160.0 0.34455782 0.6554422	577166.0 0.34525248 0.6547475	1.0000000000000000
80102952_10000	3108.0	24	23	1927946.0 0.66851044 0.33148956	1927949.0 0.66850936 0.3314906	1.0000000000000000
80102952_7050	1936.0	25	24	837741.0 0.76287895 0.23712102	837744.0 0.76287866 0.23712136	1.0000000000000000
80102952_7050	1936.0	26	25	1014681.0 0.19577187 0.8042281	1014681.0 0.19577286 0.8042271	1.0000000000000000
80102952_7050	1936.0	27	26	2104198.0 0.38781285 0.61218715	2104196.0 0.38781273 0.61218727	1.0000000000000000
80102952_7050	1936.0	28	27	2545868.0 0.50598186 0.49401814	2545865.0 0.50598204 0.49401796	1.0000000000000000
80102952_7050	1936.0	29	28	1739897.0 0.72286177 0.27713823	1739896.0 0.722861 0.27713898	1.0000000000000000
80102952_7050	1936.0	30	29	1142786.0 0.42194426 0.57805574	1142786.0 0.42194515 0.57805485	1.0000000000000000
80102952_7050	1936.0	31	30	860016.0 0.76811826 0.23188174	860014.0 0.7681189 0.23188111	1.0000000000000000
80102952_7050	1936.0	32	31	1447038.0 0.13781394 0.8621861	1447038.0 0.13781324 0.86218673	1.0000000000000000
80102952_7050	1936.0	33	32	2041480.0 0.6111331 0.3888669	2041483.0 0.6111327 0.38886732	0.9999999999999999
80102952_7050	1936.0	34	33	1752799.0 0.45291218 0.54708785	1752802.0 0.45291254 0.5470875	1.0000000000000000
80102952_7050	1936.0	35	34	1832458.0 0.5233053 0.4766947	1832459.0 0.5233056 0.47669443	0.9999999999999999
80031715_7050	1477.0	14	36	1490505.0 0.13640007 0.8635999	1490519.0 0.133161 0.866839	1.0000000000000000
80102952_7050	1936.0	37	37	2152252.0 0.60031956 0.39968044	2152250.0 0.6003206 0.3996794	1.0000000000000000
80102952_7050	1936.0	38	38	2193276.0 0.39220464 0.60779536	2193273.0 0.3922038 0.6077962	1.0000000000000000
80102952_7050	1936.0	39	39	2507575.0 0.5316144 0.46838558	2507574.0 0.5316146 0.46838537	1.0000000000000000
80102952_5500	1342.0	45	41	1548881.0 0.12844886 0.87155116	1548882.0 0.12844813 0.8715519	1.0000000000000000
80102952_7050	1936.0	42	42	2467169.0 0.5471579 0.45284212	2467170.0 0.54715765 0.45284232	1.0000000000000000
80102952_7050	1936.0	43	43	2625567.0 0.42552257 0.57447743	2625571.0 0.4255223 0.57447773	1.0000000000000000
80102952_7050	1936.0	44	44	2594414.0 0.5813756 0.4186244	2594419.0 0.58137566 0.41862437	1.0000000000000000
80102952_7050	1936.0	45	45	1935702.0 0.5610807 0.4389193	1935704.0 0.5610811 0.43891886	1.0000000000000000
80102952_7050	1936.0	46	46	1048927.0 0.80998677 0.19001323	1048923.0 0.80998987 0.19001013	0.9999999999999999
80102952_7050	1936.0	47	47	1643785.0 0.12125065 0.8787494	1643781.0 0.12124851 0.8787515	1.0000000000000000
80102952_5500	1342.0	52	48	2951134.0 0.48946404 0.51053596	2951137.0 0.4894639 0.51053613	1.0000000000000000
80102952_4800	1285.0	52	49	2447985.0 0.6154703 0.38452974	2447986.0 0.61547005 0.38452998	1.0000000000000000
80102952_5500	1342.0	55	50	2093908.0 0.44955367 0.55044633	2093908.0 0.44955367 0.55044633	1.0000000000000000
80102952_5500	1342.0	56	51	1996023.0 0.57744026 0.42255977	1996023.0 0.57744026 0.42255977	1.0000000000000000
80102952_10000	3108.0	71	68	6352828.0 0.4885426 0.51145744	6352803.0 0.48854482 0.5114552	1.0000000000000000
80102952_10000	3108.0	72	69	5965914.0 0.54462755 0.45537248	5965915.0 0.5446229 0.4553771	1.0000000000000000
80102952_10000	3108.0	74	71	3142360.0 0.9367549 0.06324514	3142362.0 0.9367546 0.063245416	1.0000000000000000
80102952_10000	3108.0	75	72	3235376.0 0.061426863 0.9385731	3235378.0 0.061427135 0.9385729	1.0000000000000000
80102952_7050	1936.0	76	76	5856833.0 0.48113528 0.5188647	5856832.0 0.4811352 0.5188648	1.0000000000000000
