ID	BITRATE	START_IDX	CAPTURE_START_IDX	KEY	CAPTURE_KEY	CORRELATION
80199806_7050	1675.0	21	1	356908.0 0.5567261 0.4432739	356907.0 0.55103153 0.4489685	1.0000000000000000
80200961_5500	1017.0	4	3	308214.0 0.35532779 0.6446722	308232.0 0.36389148 0.6361085	1.0000000000000000
80200961_2000	418.0	16	4	377205.0 0.52714574 0.4728543	377199.0 0.5198026 0.48019746	1.0000000000000000
80128722_15000	2267.0	18	5	377137.0 0.48971593 0.51028407	377122.0 0.4802955 0.5197045	1.0000000000000000
70039177_800	371.0	25	7	280739.0 0.50701183 0.49298814	280735.0 0.50570464 0.49429533	1.0000000000000000
70123920_5500	1360.0	2	12	406868.0 0.48388666 0.51611334	406891.0 0.48205048 0.5179495	1.0000000000000000
80106307_4800	1586.0	18	20	1866652.0 0.7297113 0.27028874	1866651.0 0.7297111 0.27028888	1.0000000000000000
60020801_20000	1163.0	44	22	862503.0 0.7727695 0.22723052	862483.0 0.7720894 0.22791058	1.0000000000000000
80106307_4800	1586.0	24	26	3562598.0 0.44834754 0.5516525	3562597.0 0.44834766 0.5516524	1.0000000000000000
81056132_4800	515.0	57	36	748172.0 0.7342015 0.2657985	748194.0 0.7380559 0.2619441	1.0000000000000000
80106307_6500	2248.0	36	40	3200434.0 0.9386839 0.061316058	3200436.0 0.9386843 0.061315708	1.0000000000000000
80106307_4800	1586.0	22	49	1068321.0 0.43524277 0.5647572	1068321.0 0.43524373 0.5647563	1.0000000000000000
80106307_7050	2244.0	46	51	1708217.0 0.8852564 0.11474362	1708216.0 0.8852569 0.1147431	1.0000000000000000
328438_10000	1152.0	83	52	995677.0 0.19760123 0.80239874	995652.0 0.19686195 0.803138	1.0000000000000000
80106307_6500	2248.0	52	57	3246976.0 0.6916537 0.3083463	3246977.0 0.6916538 0.30834618	1.0000000000000000
80106307_6500	2248.0	53	58	1197806.0 0.8358557 0.16414428	1197806.0 0.8358557 0.16414428	1.0000000000000000
80106307_6500	2248.0	54	59	915535.0 0.21475203 0.785248	915535.0 0.21475203 0.785248	1.0000000000000000
80106307_4800	1586.0	55	60	1967384.0 0.36542028 0.6345797	1967383.0 0.36542046 0.63457954	1.0000000000000000
80106307_4800	1586.0	56	61	1742219.0 0.716593 0.28340697	1742220.0 0.7165921 0.28340796	1.0000000000000000
80106307_4800	1586.0	57	62	1372938.0 0.35963532 0.6403647	1372938.0 0.35963678 0.6403632	1.0000000000000000
80106307_15000	2273.0	62	63	1784303.0 0.49273133 0.50726867	1784299.0 0.49273077 0.50726926	1.0000000000000000
80106307_5500	1894.0	59	64	1101320.0 0.8218511 0.17814896	1101321.0 0.8218494 0.17815061	1.0000000000000000
80106307_4800	1586.0	60	66	1082335.0 0.18118513 0.8188149	1082336.0 0.18118496 0.81881505	1.0000000000000000
70123920_15000	1603.0	76	69	1958083.0 0.34155345 0.65844655	1958069.0 0.332927 0.667073	1.0000000000000000
