ID	BITRATE	START_IDX	CAPTURE_START_IDX	KEY	CAPTURE_KEY	CORRELATION
70298735_4800	451.0	58	3	320137.0 0.3866907 0.6133093	320143.0 0.37923366 0.62076634	1.0000000000000000
70297757_20000	703.0	0	4	331820.0 0.59082335 0.40917665	331823.0 0.5989157 0.4010843	1.0000000000000000
70301367_7050	464.0	17	6	325460.0 0.39603332 0.6039667	325459.0 0.38933015 0.61066985	1.0000000000000000
70295915_6500	515.0	63	8	388413.0 0.48510993 0.5148901	388410.0 0.4881414 0.5118586	1.0000000000000000
80081155_7050	2130.0	16	9	560875.0 0.3490546 0.6509454	560886.0 0.35445884 0.6455412	1.0000000000000000
80029196_4200	1235.0	54	10	560745.0 0.6533219 0.34667808	560741.0 0.6457081 0.35429192	1.0000000000000000
60027695_7050	1183.0	10	22	439358.0 0.45380077 0.5461992	439348.0 0.4519265 0.54807353	1.0000000000000000
70296965_10000	2133.0	6	25	462536.0 0.5755163 0.42448372	462531.0 0.571045 0.42895502	1.0000000000000000
1151721_1200	380.0	35	34	315341.0 0.6345036 0.3654964	315355.0 0.63096195 0.36903808	1.0000000000000000
80232502_3500	821.0	32	39	382229.0 0.48042142 0.5195786	382208.0 0.4797571 0.5202429	0.9999999999999999
80102952_2000	506.0	15	40	478006.0 0.4071518 0.5928482	477997.0 0.41598797 0.58401203	1.0000000000000000
80171659_3500	1140.0	21	42	480779.0 0.59106576 0.40893424	480800.0 0.5931843 0.40681574	0.9999999999999999
80184100_4200	809.0	2	48	340941.0 0.42338705 0.57661295	340939.0 0.41512117 0.5848788	1.0000000000000000
80200961_4200	786.0	15	51	522048.0 0.61824393 0.3817561	522029.0 0.6198219 0.38017812	1.0000000000000000
80096067_4200	981.0	1	52	377933.0 0.5259239 0.4740761	377938.0 0.5251232 0.47487682	1.0000000000000000
70297757_7050	806.0	4	56	315371.0 0.3777107 0.6222893	315375.0 0.3685676 0.6314324	1.0000000000000000
70021636_2000	598.0	15	57	326088.0 0.60231286 0.39768714	326088.0 0.6106879 0.3893121	1.0000000000000000
80991158_4800	1336.0	7	59	512642.0 0.612679 0.38732097	512666.0 0.61208075 0.38791922	1.0000000000000000
