ID	BITRATE	START_IDX	CAPTURE_START_IDX	KEY	CAPTURE_KEY	CORRELATION
80239639_2000	696.0	63	0	311836.0 0.63741195 0.36258802	311834.0 0.63732946 0.3626705	0.9999999999999999
70208599_2000	502.0	64	1	218126.0 0.52395403 0.47604597	218131.0 0.5184637 0.48153633	1.0000000000000000
80184100_4200	809.0	12	2	303748.0 0.3542015 0.6457985	303728.0 0.34582916 0.6541708	1.0000000000000000
70220028_800	508.0	15	4	311820.0 0.36978385 0.6302161	311834.0 0.3626705 0.63732946	1.0000000000000000
70295915_1200	372.0	50	5	330265.0 0.6017834 0.39821658	330259.0 0.60177314 0.39822686	1.0000000000000000
80198592_600	424.0	4	6	330808.0 0.399289 0.600711	330825.0 0.39754552 0.6024545	1.0000000000000000
80122759_800	368.0	7	7	304346.0 0.6548698 0.3451302	304345.0 0.65487194 0.34512806	1.0000000000000000
70123542_2000	501.0	2	13	301794.0 0.6512555 0.3487445	301787.0 0.65751344 0.3424866	1.0000000000000000
80109295_2000	483.0	31	24	540992.0 0.23097569 0.7690243	541001.0 0.22488129 0.7751187	1.0000000000000000
80191608_1200	482.0	51	29	365867.0 0.6315273 0.3684727	365863.0 0.63439864 0.36560133	1.0000000000000000
80023001_1200	437.0	57	34	311771.0 0.35509717 0.6449028	311786.0 0.36310804 0.63689196	1.0000000000000000
80163052_800	411.0	7	35	306128.0 0.6499275 0.35007253	306153.0 0.64861035 0.35138968	1.0000000000000000
