ID	BITRATE	START_IDX	CAPTURE_START_IDX	KEY	CAPTURE_KEY	CORRELATION
14607635_2000	669.0	13	1	382834.0 0.5208184 0.4791816	382854.0 0.5206763 0.47932371	1.0000000000000000
896970_2000	677.0	9	4	397460.0 0.49964023 0.5003598	397464.0 0.49916723 0.5008328	1.0000000000000000
80128722_5500	1997.0	9	6	4558309.0 0.043608278 0.95639175	4558284.0 0.043608516 0.9563915	1.0000000000000000
80128722_5500	1997.0	10	7	7278651.0 0.5989474 0.40105262	7278627.0 0.5989459 0.40105408	1.0000000000000000
80128722_7050	2181.0	9	8	3117878.0 0.9362518 0.063748166	3117884.0 0.93625134 0.06374868	1.0000000000000000
70301367_15000	467.0	8	9	968675.0 0.20256433 0.7974357	968682.0 0.20518705 0.794813	1.0000000000000000
80128722_7050	2181.0	13	12	2030258.0 0.7115514 0.28844857	2030260.0 0.71155125 0.28844878	1.0000000000000000
80128722_7050	2181.0	14	13	784716.0 0.7462891 0.2537109	784718.0 0.7462885 0.25371152	1.0000000000000000
80128722_7050	2181.0	15	14	1310912.0 0.15187213 0.84812784	1310914.0 0.15187266 0.84812737	1.0000000000000000
80128722_6500	2323.0	15	15	2155696.0 0.51575965 0.48424035	2155699.0 0.5157594 0.48424062	1.0000000000000000
80128722_10000	2237.0	17	18	1568922.0 0.39286974 0.6071302	1568916.0 0.39286935 0.60713065	1.0000000000000000
80128722_10000	2237.0	18	19	3337338.0 0.2854191 0.7145809	3337333.0 0.28541863 0.7145814	1.0000000000000000
80128722_6500	2323.0	20	20	2584010.0 0.92290473 0.07709529	2584010.0 0.9229051 0.077094905	1.0000000000000000
80128722_7050	2181.0	22	21	2112942.0 0.09428276 0.90571725	2112946.0 0.09428258 0.90571743	1.0000000000000000
80128722_7050	2181.0	23	22	2112458.0 0.90592474 0.09407524	2112461.0 0.9059254 0.09407464	1.0000000000000000
80128722_7050	2181.0	24	23	1071082.0 0.18554135 0.81445867	1071080.0 0.18554077 0.81445926	1.0000000000000000
80128722_5500	1997.0	28	24	2098538.0 0.41569418 0.5843058	2098543.0 0.41569364 0.58430636	1.0000000000000000
60026145_3500	999.0	16	27	801077.0 0.75504476 0.24495523	801080.0 0.7516815 0.24831852	1.0000000000000000
80128722_6500	2323.0	27	28	1219293.0 0.16314536 0.83685464	1219297.0 0.16314565 0.83685434	1.0000000000000000
80128722_6500	2323.0	28	29	2392443.0 0.42649752 0.5735025	2392446.0 0.42649823 0.57350177	1.0000000000000000
80128722_6500	2323.0	29	30	3565968.0 0.38476846 0.6152316	3565968.0 0.38476846 0.6152316	1.0000000000000000
80128722_6500	2323.0	30	31	2868583.0 0.7648013 0.2351987	2868582.0 0.76480156 0.23519844	1.0000000000000000
80128722_6500	2323.0	31	32	1572896.0 0.42894572 0.5710543	1572893.0 0.4289459 0.5710541	1.0000000000000000
80128722_6500	2323.0	32	33	1097406.0 0.81848377 0.18151623	1097407.0 0.8184812 0.1815188	1.0000000000000000
80993095_7050	1366.0	37	34	1174987.0 0.16901463 0.83098537	1175009.0 0.16953062 0.83046937	1.0000000000000000
80128722_6500	2323.0	34	35	1797766.0 0.5427887 0.45721135	1797768.0 0.54278916 0.45721084	1.0000000000000000
80128722_6500	2323.0	35	36	1679300.0 0.48946527 0.51053476	1679302.0 0.48946467 0.5105353	1.0000000000000000
80128722_7050	2181.0	36	37	1570571.0 0.5458792 0.4541208	1570572.0 0.5458795 0.45412055	1.0000000000000000
80128722_7050	2181.0	37	38	1279670.0 0.55735385 0.44264615	1279672.0 0.55735296 0.442647	1.0000000000000000
80128722_7050	2181.0	38	39	1135200.0 0.49897903 0.50102097	1135202.0 0.49897993 0.5010201	1.0000000000000000
80128722_10000	2237.0	38	40	1059879.0 0.5366254 0.46337458	1059878.0 0.5366269 0.46337315	1.0000000000000000
80128722_15000	2267.0	39	41	3283847.0 0.1495566 0.8504434	3283846.0 0.14955604 0.85044396	1.0000000000000000
80128722_15000	2267.0	40	42	4535827.0 0.6157038 0.38429618	4535826.0 0.6157042 0.38429582	1.0000000000000000
80128722_7050	2181.0	43	44	2506843.0 0.63596046 0.36403954	2506845.0 0.63595957 0.36404046	1.0000000000000000
80991158_10000	1572.0	46	45	1111294.0 0.8212354 0.17876458	1111318.0 0.8211808 0.17881921	1.0000000000000000
80128722_7050	2181.0	45	47	3757522.0 0.5483606 0.4516394	3757525.0 0.5483604 0.45163956	1.0000000000000000
80192815_4800	1189.0	29	51	567237.0 0.35043377 0.64956623	567239.0 0.35014695 0.64985305	1.0000000000000000
80128722_4800	1758.0	56	53	6383941.0 0.57458067 0.42541933	6383944.0 0.5745854 0.4254146	1.0000000000000000
80128722_6500	2323.0	54	56	1611376.0 0.8767178 0.12328222	1611373.0 0.8767188 0.1232812	1.0000000000000000
80128722_5500	1997.0	61	57	1183974.0 0.16778578 0.83221424	1183972.0 0.16778438 0.8322156	1.0000000000000000
80128722_7050	2181.0	56	58	3971791.0 0.24807952 0.75192046	3971790.0 0.24807958 0.7519204	1.0000000000000000
80128722_4200	1937.0	55	59	5806383.0 0.5143427 0.48565724	5806383.0 0.5143426 0.48565742	1.0000000000000000
80128722_7050	2181.0	59	60	3018884.0 0.93409157 0.06590846	3018885.0 0.9340909 0.0659091	1.0000000000000000
80128722_5500	1997.0	65	63	1911177.0 0.5948596 0.4051404	1911180.0 0.59485865 0.40514132	1.0000000000000000
80128722_6500	2323.0	62	64	1313556.0 0.58946705 0.41053292	1313554.0 0.58946794 0.41053203	1.0000000000000000
80128722_20000	2211.0	71	65	1080293.0 0.49917847 0.50082153	1080287.0 0.49917847 0.50082153	1.0000000000000000
80128722_20000	2211.0	72	66	740038.0 0.7310895 0.26891053	740036.0 0.7310874 0.26891258	1.0000000000000000
80135164_10000	2403.0	65	67	556613.0 0.3523651 0.64763486	556605.0 0.35753363 0.64246637	1.0000000000000000
80128722_6500	2323.0	65	68	741208.0 0.48245567 0.5175443	741208.0 0.48245567 0.5175443	1.0000000000000000
80128722_20000	2211.0	75	69	663446.0 0.57820684 0.4217932	663445.0 0.5782062 0.42179382	1.0000000000000000
