ID	BITRATE	START_IDX	CAPTURE_START_IDX	KEY	CAPTURE_KEY	CORRELATION
80993095_3500	682.0	38	0	832557.0 0.23852901 0.761471	832579.0 0.23859718 0.76140285	1.0000000000000000
80031715_3500	969.0	0	2	373661.0 0.46808738 0.5319126	373676.0 0.46639335 0.53360665	1.0000000000000000
80122759_6500	2111.0	5	5	352179.0 0.43568185 0.5643181	352180.0 0.43568346 0.5643166	1.0000000000000000
81056132_4200	509.0	37	6	556984.0 0.35743755 0.64256245	556993.0 0.3568106 0.64318943	1.0000000000000000
80122759_4800	1569.0	6	7	556940.0 0.64325064 0.3567494	556940.0 0.64325064 0.3567494	1.0000000000000000
80122759_4800	1569.0	7	8	407304.0 0.48781255 0.5121875	407306.0 0.48781013 0.51218987	1.0000000000000000
80122759_4800	1569.0	8	9	343243.0 0.6077793 0.39222068	343244.0 0.6077834 0.39221662	1.0000000000000000
80122759_4800	1569.0	9	10	479732.0 0.2806296 0.7193704	479730.0 0.28062868 0.7193713	1.0000000000000000
80122759_6500	2111.0	11	11	514163.0 0.67119765 0.32880235	514161.0 0.6711983 0.3288017	1.0000000000000000
896970_4200	1368.0	8	18	347099.0 0.42785776 0.57214224	347094.0 0.4355938 0.56440616	1.0000000000000000
70220028_4200	933.0	16	19	342746.0 0.57208836 0.42791164	342764.0 0.5715361 0.4284639	1.0000000000000000
80081770_20000	1562.0	62	23	358055.0 0.45267347 0.5473265	358036.0 0.44578478 0.5542152	1.0000000000000000
80038359_1200	368.0	51	27	266974.0 0.510855 0.489145	266952.0 0.51560205 0.48439795	1.0000000000000000
81000864_6500	2101.0	9	31	491292.0 0.40381688 0.5961831	491284.0 0.40470076 0.59529924	1.0000000000000000
80122759_3500	1073.0	35	33	498095.0 0.46245193 0.53754807	498095.0 0.46245193 0.53754807	1.0000000000000000
80232502_7050	1873.0	11	37	421894.0 0.47099745 0.52900255	421876.0 0.4706288 0.5293712	1.0000000000000000
80122759_2000	630.0	35	43	721568.0 0.7960428 0.20395721	721566.0 0.79604363 0.2039564	1.0000000000000000
80122759_2000	630.0	36	44	280467.0 0.5247284 0.4752716	280466.0 0.5247267 0.47527328	0.9999999999999999
81056132_4200	509.0	1	47	368021.0 0.45794126 0.54205877	368021.0 0.4584032 0.54159683	1.0000000000000000
80122759_2000	630.0	41	48	679429.0 0.29336104 0.70663893	679429.0 0.29336253 0.7066375	1.0000000000000000
80122759_2000	630.0	45	51	1507682.0 0.6938731 0.3061269	1507681.0 0.6938723 0.30612776	1.0000000000000000
70295915_10000	508.0	60	53	363911.0 0.5457461 0.4542539	363922.0 0.54618025 0.45381978	1.0000000000000000
80122759_3500	1073.0	64	58	2328499.0 0.50076336 0.49923664	2328497.0 0.50076336 0.49923664	1.0000000000000000
80122759_4200	1194.0	59	59	1360775.0 0.8542705 0.14572945	1360775.0 0.8542713 0.14572872	1.0000000000000000
80102952_5500	1342.0	39	65	520867.0 0.61894494 0.38105506	520842.0 0.61874616 0.3812538	1.0000000000000000
