ID	BITRATE	START_IDX	CAPTURE_START_IDX	KEY	CAPTURE_KEY	CORRELATION
60027695_7050	1183.0	16	6	515488.0 0.61448956 0.3855104	515468.0 0.6148917 0.3851083	1.0000000000000000
80128722_5500	1997.0	9	8	4558309.0 0.043608278 0.95639175	4558311.0 0.043608256 0.95639175	1.0000000000000000
80128722_5500	1997.0	10	9	7278651.0 0.5989474 0.40105262	7278652.0 0.5989476 0.40105242	1.0000000000000000
80128722_10000	2237.0	10	13	2255561.0 0.19199924 0.80800074	2255560.0 0.19199888 0.8080011	0.9999999999999999
80128722_20000	2211.0	21	14	2505674.0 0.727348 0.272652	2505672.0 0.7273478 0.2726522	1.0000000000000000
80128722_10000	2237.0	12	15	1794998.0 0.38059986 0.61940014	1795000.0 0.3806 0.6194	1.0000000000000000
80128722_6500	2323.0	15	16	2155696.0 0.51575965 0.48424035	2155699.0 0.5157598 0.48424014	1.0000000000000000
80128722_20000	2211.0	25	17	1996417.0 0.5228747 0.47712526	1996417.0 0.5228747 0.47712526	1.0000000000000000
80128722_5500	1997.0	21	18	1568916.0 0.6071313 0.3928687	1568922.0 0.6071309 0.3928691	0.9999999999999999
80128722_6500	2323.0	20	21	2584010.0 0.92290473 0.07709529	2584014.0 0.92290443 0.07709556	1.0000000000000000
80128722_7050	2181.0	22	22	2112942.0 0.09428276 0.90571725	2112948.0 0.09428344 0.90571654	1.0000000000000000
80128722_6500	2323.0	35	35	1679300.0 0.48946527 0.51053476	1679298.0 0.48946583 0.51053417	1.0000000000000000
80128722_20000	2211.0	47	37	1057562.0 0.53561115 0.46438885	1057562.0 0.53561306 0.46438697	1.0000000000000000
80128722_15000	2267.0	40	40	4535827.0 0.6157038 0.38429618	4535827.0 0.61570406 0.38429597	1.0000000000000000
80128722_5500	1997.0	46	43	1792978.0 0.110835716 0.88916427	1792979.0 0.11083566 0.8891643	1.0000000000000000
80128722_15000	2267.0	44	44	3291296.0 0.48438457 0.5156154	3291298.0 0.48438427 0.5156157	1.0000000000000000
80128722_20000	2211.0	55	50	1111788.0 0.8208336 0.17916635	1111785.0 0.82083315 0.17916684	1.0000000000000000
