ID	BITRATE	START_IDX	CAPTURE_START_IDX	KEY	CAPTURE_KEY	CORRELATION
80128722_3500	1288.0	0	0	873428.0 0.7949253 0.20507471	873431.0 0.7949237 0.2050763	1.0000000000000000
80128722_3500	1288.0	1	1	410328.0 0.43652394 0.563476	410330.0 0.4365267 0.5634733	1.0000000000000000
80128722_5500	1997.0	5	3	240297.0 0.5066938 0.4933062	240295.0 0.5066814 0.49331862	1.0000000000000000
80097391_5500	521.0	40	4	317166.0 0.3819577 0.6180423	317145.0 0.37377855 0.6262214	1.0000000000000000
80239639_4800	1329.0	7	5	328127.0 0.60577154 0.39422846	328121.0 0.60527366 0.39472634	1.0000000000000000
81075239_800	396.0	7	6	328398.0 0.39362603 0.60637397	328404.0 0.39438617 0.6056138	1.0000000000000000
70041162_4200	1080.0	1	7	316403.0 0.62030387 0.37969616	316407.0 0.62857646 0.3714235	1.0000000000000000
70039177_20000	783.0	80	9	386763.0 0.49294272 0.5070573	386776.0 0.4860617 0.5139383	1.0000000000000000
80128722_4200	1937.0	9	14	372066.0 0.5342036 0.46579638	372067.0 0.5342075 0.46579245	1.0000000000000000
80128722_4800	1758.0	14	15	620578.0 0.27926546 0.72073454	620579.0 0.27926502 0.720735	1.0000000000000000
80128722_4800	1758.0	15	16	683987.0 0.65391886 0.34608114	683986.0 0.6539213 0.34607872	1.0000000000000000
80128722_3500	1288.0	16	17	435804.0 0.5431685 0.4568315	435805.0 0.54316264 0.45683736	1.0000000000000000
80128722_7050	2181.0	15	18	1310912.0 0.15187213 0.84812784	1310913.0 0.15187278 0.84812725	1.0000000000000000
80128722_6500	2323.0	15	19	2155696.0 0.51575965 0.48424035	2155697.0 0.5157594 0.4842406	1.0000000000000000
80128722_20000	2211.0	25	20	1996417.0 0.5228747 0.47712526	1996415.0 0.52287525 0.47712475	1.0000000000000000
80128722_4200	1937.0	18	23	2055321.0 0.20118901 0.79881096	2055322.0 0.20118843 0.79881155	1.0000000000000000
80128722_4800	1758.0	27	27	1816185.0 0.48032 0.51967996	1816183.0 0.48032054 0.5196795	1.0000000000000000
80128722_5500	1997.0	33	32	1918584.0 0.53183705 0.46816298	1918582.0 0.53183705 0.46816295	1.0000000000000000
80128722_5500	1997.0	34	33	3092106.0 0.29048488 0.70951515	3092103.0 0.29048482 0.70951515	0.9999999999999999
80128722_6500	2323.0	30	34	2868583.0 0.7648013 0.2351987	2868581.0 0.76480114 0.23519887	1.0000000000000000
80128722_5500	1997.0	36	35	2046759.0 0.32963628 0.6703637	2046761.0 0.32963642 0.67036355	1.0000000000000000
80128722_5500	1997.0	37	36	2347882.0 0.58438754 0.41561246	2347882.0 0.58438796 0.41561204	1.0000000000000000
80128722_6500	2323.0	34	37	1797766.0 0.5427887 0.45721135	1797766.0 0.5427892 0.45721078	1.0000000000000000
80128722_6500	2323.0	35	38	1679300.0 0.48946527 0.51053476	1679300.0 0.48946467 0.51053536	1.0000000000000000
80128722_20000	2211.0	50	44	3361455.0 0.83079976 0.16920024	3361456.0 0.8307992 0.1692008	1.0000000000000000
80128722_20000	2211.0	51	45	2163012.0 0.26294768 0.7370523	2163013.0 0.26294848 0.7370515	1.0000000000000000
80128722_7050	2181.0	43	46	2506843.0 0.63596046 0.36403954	2506845.0 0.63595957 0.36404046	1.0000000000000000
80128722_7050	2181.0	44	47	2973067.0 0.3069524 0.69304764	2973073.0 0.30695277 0.6930472	1.0000000000000000
80128722_4800	1758.0	56	55	6383941.0 0.57458067 0.42541933	6383943.0 0.5745852 0.42541483	1.0000000000000000
80128722_6500	2323.0	53	56	4128542.0 0.65781575 0.34218425	4128547.0 0.65781593 0.34218407	1.0000000000000000
80128722_5500	1997.0	65	63	1911177.0 0.5948596 0.4051404	1911173.0 0.5948582 0.40514177	1.0000000000000000
80192445_20000	2738.0	1	66	541015.0 0.36760533 0.6323947	541034.0 0.37149236 0.6285076	1.0000000000000000
80128722_15000	2267.0	66	68	637434.0 0.56099766 0.4390023	637434.0 0.5609993 0.43900076	1.0000000000000000
