ID	BITRATE	START_IDX	CAPTURE_START_IDX	KEY	CAPTURE_KEY	CORRELATION
80128722_1200	541.0	47	1	354722.0 0.6518034 0.504956 0.34324062	354723.34 0.65180373 0.5049541 0.34324214	0.9999999999444386
80109295_5500	1594.0	3	3	346157.34 0.35305333 0.5737362 0.5732104	346165.34 0.35172787 0.5737258 0.5745463	0.9999861645414748
80128722_3500	1288.0	5	5	289969.34 0.68589664 0.40880874 0.40529457	289970.0 0.6858916 0.4088078 0.40530056	0.9999999997763528
80128722_4800	1758.0	9	8	2986847.2 0.06655145 0.8545087 0.57893986	2986850.0 0.066551715 0.8545093 0.578939	0.9999999999982295
80128722_4800	1758.0	10	9	2986834.0 0.8545125 0.5789425 0.06654505	2986834.8 0.85451365 0.578942 0.06654436	0.9999999999990450
80128722_3500	1288.0	17	15	805801.3 0.2470696 0.6909532 0.56197727	805801.3 0.24707207 0.69095194 0.561976	0.9999999999964659
80128722_4800	1758.0	19	18	524842.0 0.3787235 0.8976397 0.22363682	524842.7 0.3787249 0.8976366 0.22363845	0.9999999999990626
80128722_4800	1758.0	20	19	461593.34 1.0206364 0.2542801 0.2250834	461593.34 1.0206343 0.25428227 0.2250834	0.9999999999967882
80128722_4800	1758.0	26	24	1343277.4 0.14794487 0.6494191 0.70263594	1343276.0 0.14794429 0.649419 0.70263666	0.9999999999993381
896970_20000	3406.0	1	39	333833.34 0.59515625 0.3097234 0.5951203	333827.34 0.5900326 0.30682927 0.60313815	0.9992294598959980
70208599_800	322.0	28	51	261496.0 0.72026724 0.38986447 0.3898683	261476.0 0.7151708 0.39173767 0.39309153	0.9999934382355659
80128722_3500	1288.0	57	67	2062359.4 0.8803165 0.5231183 0.09656513	2062360.0 0.8803172 0.52311766 0.0965651	0.9999999999988929
80128722_3500	1288.0	63	77	883660.0 0.22516918 0.8696546 0.4051762	883658.0 0.22516856 0.86965543 0.40517598	1.0000000000000000
