ID	BITRATE	START_IDX	CAPTURE_START_IDX	KEY	CAPTURE_KEY	CORRELATION
80033394_3500	938.0	33	0	342406.0 0.6527835 0.34721646	342412.0 0.66154516 0.33845484	1.0000000000000000
70039177_20000	783.0	1	2	452261.0 0.56674576 0.43325424	452279.0 0.5607888 0.4392112	1.0000000000000000
80121387_3500	1336.0	34	5	954999.0 0.50501204 0.49498796	955002.0 0.5050126 0.49498746	1.0000000000000000
81075239_6500	1610.0	7	7	575881.0 0.34569815 0.6543018	575856.0 0.34529814 0.6547019	1.0000000000000000
80121387_3500	1336.0	9	11	1697206.0 0.631558 0.36844203	1697209.0 0.63155866 0.36844137	1.0000000000000000
80121387_3500	1336.0	10	12	824063.0 0.7588279 0.24117209	824071.0 0.75882053 0.24117947	1.0000000000000000
70216224_2000	569.0	19	13	397491.0 0.50680393 0.49319607	397490.0 0.5000101 0.49998993	1.0000000000000000
70216224_15000	1432.0	20	14	750964.0 0.2612722 0.7387278	750987.0 0.26463974 0.73536026	1.0000000000000000
80121387_10000	2484.0	12	15	1267139.0 0.43582195 0.56417805	1267139.0 0.43582118 0.5641788	1.0000000000000000
80121387_10000	2484.0	13	16	913629.0 0.7824752 0.21752484	913632.0 0.7824737 0.21752632	1.0000000000000000
80121387_15000	2532.0	18	19	1931274.0 0.5006607 0.49933928	1931272.0 0.50065964 0.49934033	1.0000000000000000
80121387_15000	2532.0	19	20	1706430.0 0.56513363 0.43486637	1706431.0 0.56513387 0.4348661	1.0000000000000000
80121387_15000	2532.0	20	21	1791771.0 0.41415393 0.58584607	1791773.0 0.41415346 0.58584654	1.0000000000000000
80121387_15000	2532.0	21	22	4544085.0 0.23100404 0.76899594	4544084.0 0.23100454 0.76899546	1.0000000000000000
80121387_15000	2532.0	22	23	3692918.0 0.946239 0.05376101	3692913.0 0.9462395 0.05376054	1.0000000000000000
80200961_6500	1346.0	8	26	397560.0 0.4996227 0.5003773	397561.0 0.4995661 0.5004339	1.0000000000000000
80106307_4200	1400.0	61	27	617621.0 0.3176689 0.6823311	617615.0 0.3221311 0.6778689	0.9999999999999999
80121387_15000	2532.0	32	32	2023355.0 0.09815677 0.90184325	2023359.0 0.09815708 0.90184295	1.0000000000000000
80121387_15000	2532.0	33	33	2349559.0 0.7766347 0.22336532	2349559.0 0.77663594 0.22336404	1.0000000000000000
80121387_6500	2190.0	34	37	2083130.0 0.09533826 0.9046617	2083131.0 0.09533726 0.9046627	1.0000000000000000
80121387_7050	2274.0	43	43	1683510.0 0.48018843 0.5198116	1683511.0 0.48018813 0.51981187	1.0000000000000000
80121387_15000	2532.0	49	47	4834175.0 0.6150425 0.38495752	4834174.0 0.6150424 0.38495758	1.0000000000000000
81110498_7050	2986.0	5	49	397431.0 0.50004655 0.49995345	397416.0 0.50000757 0.49999246	1.0000000000000000
80121387_15000	2532.0	55	52	5352029.0 0.37434196 0.62565804	5352031.0 0.374342 0.625658	1.0000000000000000
80121387_5500	2014.0	53	57	2934112.0 0.48094347 0.51905656	2934111.0 0.48094362 0.5190564	0.9999999999999999
81074663_15000	3277.0	64	58	1721612.0 0.8846232 0.11537675	1721623.0 0.8846124 0.11538763	1.0000000000000000
80121387_7050	2274.0	58	59	1545607.0 0.12852879 0.8714712	1545605.0 0.12852831 0.8714717	1.0000000000000000
80121387_7050	2274.0	62	61	2209826.0 0.9099898 0.090010256	2209825.0 0.90999013 0.090009846	1.0000000000000000
