ID	BITRATE	START_IDX	CAPTURE_START_IDX	KEY	CAPTURE_KEY	CORRELATION
60004481_10000	936.0	45	3	362303.0 0.44930348 0.5506965	362283.0 0.45143715 0.5485629	1.0000000000000000
80031715_6500	1323.0	2	4	590419.0 0.33643395 0.66356605	590409.0 0.33660564 0.66339433	1.0000000000000000
70298735_4800	451.0	46	8	399040.0 0.49137682 0.5086232	399054.0 0.4978399 0.50216013	1.0000000000000000
80091741_800	369.0	6	10	392821.0 0.49916375 0.50083625	392798.0 0.49286148 0.50713855	1.0000000000000000
81056132_2000	522.0	30	12	364937.0 0.45553342 0.54446656	364919.0 0.45590118 0.54409885	1.0000000000000000
81000864_4800	1666.0	10	13	324917.0 0.612301 0.387699	324918.0 0.6110834 0.38891658	1.0000000000000000
80199806_4200	1016.0	20	16	509699.0 0.39361858 0.6063814	509687.0 0.39152655 0.6084734	1.0000000000000000
70213513_1200	469.0	27	18	465105.0 0.42685845 0.5731416	465080.0 0.42660618 0.5733938	1.0000000000000000
80993095_3500	682.0	8	21	318328.0 0.62435603 0.375644	318303.0 0.6251182 0.3748818	1.0000000000000000
80031715_2000	486.0	31	27	365342.0 0.72349197 0.27650803	365331.0 0.7170867 0.2829133	1.0000000000000000
80009431_600	379.0	18	31	224265.0 0.5276213 0.47237867	224266.0 0.5244308 0.4755692	1.0000000000000000
60033314_4200	474.0	35	34	331608.0 0.40874466 0.59125537	331585.0 0.39943302 0.600567	1.0000000000000000
