ID	BITRATE	START_IDX	CAPTURE_START_IDX	KEY	CAPTURE_KEY	CORRELATION
80986885_3500	950.0	9	0	432100.0 0.5400648 0.4599352	432118.0 0.5391745 0.4608255	1.0000000000000000
81076251_15000	1932.0	92	3	397641.0 0.4998579 0.5001421	397619.0 0.49999875 0.50000125	1.0000000000000000
80232502_20000	2071.0	7	5	495735.0 0.5073578 0.49264222	495745.0 0.51004446 0.4899555	1.0000000000000000
80052541_4200	1176.0	11	6	368898.0 0.6547501 0.34524992	368910.0 0.6584072 0.3415928	1.0000000000000000
70041162_20000	1225.0	4	7	324708.0 0.39542913 0.60457087	324684.0 0.388122 0.61187804	1.0000000000000000
896970_3500	1080.0	35	8	457325.0 0.43458155 0.5654185	457321.0 0.43441477 0.5655852	1.0000000000000000
80144140_4800	543.0	72	10	382204.0 0.5167267 0.48327333	382187.0 0.52121603 0.47878394	0.9999999999999999
60027695_7050	1183.0	10	17	439358.0 0.45380077 0.5461992	439347.0 0.4519275 0.54807246	1.0000000000000000
81076251_3500	951.0	18	19	533084.0 0.6268731 0.37312692	533090.0 0.6278208 0.37217918	1.0000000000000000
80081155_2000	589.0	43	24	393623.0 0.32308072 0.6769193	393598.0 0.33008045 0.66991955	1.0000000000000000
80038359_4200	1007.0	21	25	462689.0 0.57035285 0.42964712	462698.0 0.5698728 0.4301272	1.0000000000000000
70041162_4200	1080.0	12	26	439796.0 0.44588172 0.5541183	439783.0 0.4525391 0.5474609	1.0000000000000000
70297757_7050	806.0	4	29	315371.0 0.3777107 0.6222893	315355.0 0.36904758 0.6309524	1.0000000000000000
80232502_3500	821.0	32	35	382229.0 0.48042142 0.5195786	382209.0 0.47975585 0.5202442	1.0000000000000000
80184100_4200	809.0	35	36	303429.0 0.6454327 0.3545673	303425.0 0.65532506 0.34467497	1.0000000000000000
80171659_3500	1140.0	21	38	480779.0 0.59106576 0.40893424	480802.0 0.59318596 0.40681404	1.0000000000000000
80191608_2000	608.0	44	42	340912.0 0.4172807 0.58271927	340910.0 0.41507435 0.58492565	1.0000000000000000
80200961_4200	786.0	15	46	522048.0 0.61824393 0.3817561	522028.0 0.6198192 0.38018075	1.0000000000000000
80096067_4200	981.0	1	47	377933.0 0.5259239 0.4740761	377941.0 0.5251216 0.47487834	1.0000000000000000
80031715_3500	969.0	0	60	373661.0 0.46808738 0.5319126	373677.0 0.46688718 0.5331128	1.0000000000000000
