ID	BITRATE	START_IDX	CAPTURE_START_IDX	KEY	CAPTURE_KEY	CORRELATION
80122759_10000	2487.0	12	13	1741732.0 0.4565025 0.34019873 0.7032988	1741731.4 0.4565015 0.3402 0.70329845	0.9999999999858495
80122759_20000	2410.0	24	17	1059086.0 0.7600639 0.3756031 0.36433303	1059087.4 0.7600648 0.37560168 0.36433348	0.9999999999907088
80122759_20000	2410.0	25	18	2341982.8 0.16985437 0.16475783 1.1653877	2341983.2 0.16985391 0.16475822 1.1653879	0.9999999999997240
80122759_20000	2410.0	26	19	3307932.0 0.11664689 0.82508284 0.5582702	3307933.2 0.116647154 0.82508284 0.55827004	0.9999999999998834
80122759_15000	2420.0	18	20	3527590.8 0.7737142 0.5235074 0.20277834	3527572.8 0.7737102 0.5235101 0.20277967	0.9999999999619585
80122759_15000	2420.0	19	21	2500079.2 0.73866457 0.28611854 0.47521693	2500079.2 0.73866457 0.28611892 0.47521654	0.9999999999987195
80122759_15000	2420.0	20	22	1401574.0 0.51036835 0.84767556 0.14195612	1401573.4 0.5103693 0.8476752 0.14195547	0.9999999999972778
80122759_15000	2420.0	21	23	1665860.6 0.71319294 0.11943496 0.66737217	1665858.0 0.7131934 0.11943455 0.667372	0.9999999999995558
80122759_20000	2410.0	31	24	3632434.0 0.05477319 0.30606145 1.1391654	3632414.0 0.054773767 0.30606285 1.1391634	0.9999999999990387
80122759_15000	2420.0	35	36	2866707.2 0.6176107 0.61586195 0.26652738	2866708.0 0.6176105 0.6158622 0.26652732	0.9999999999996261
80122759_15000	2420.0	36	37	1887714.6 0.93525577 0.40475187 0.1599924	1887716.0 0.93525565 0.40475157 0.15999281	0.9999999999997151
80122759_7050	2219.0	35	42	4554652.5 0.39794913 0.6915632 0.41048774	4554671.5 0.39794725 0.69156665 0.410486	0.9999999999999818
80122759_7050	2219.0	36	43	4200965.5 0.74978715 0.44504747 0.30516532	4200984.5 0.74979067 0.44504544 0.30516395	0.9999999999854577
80122759_10000	2487.0	42	44	4670064.0 0.40034333 0.27451208 0.8251446	4670082.0 0.40034178 0.27451104 0.82514715	0.9999999999968180
80122759_10000	2487.0	43	45	4229385.5 0.3031147 0.91112006 0.28576514	4229404.0 0.3031134 0.91112244 0.28576413	0.9999999999998324
80122759_15000	2420.0	45	46	3507121.2 1.0987661 0.34461653 0.056617375	3507121.2 1.0987659 0.34461653 0.05661766	0.9999999999999912
80122759_7050	2219.0	40	47	2681034.8 0.45080057 0.074062824 0.9751366	2681034.8 0.45080057 0.074062824 0.9751366	1.0000000000000000
80122759_7050	2219.0	41	48	2236288.8 0.0887922 1.1690686 0.24213913	2236289.2 0.08879218 1.1690683 0.24213952	0.9999999999999167
80122759_7050	2219.0	42	49	2573025.2 1.0160705 0.21044993 0.27347964	2573028.0 1.0160694 0.2104501 0.2734805	0.9999999999995622
80122759_7050	2219.0	43	50	1596106.6 0.33925867 0.44086653 0.71987486	1596110.0 0.33925858 0.44086748 0.71987396	0.9999999999937172
80122759_7050	2219.0	44	51	1740072.0 0.40439132 0.66031575 0.4352929	1740074.6 0.40439242 0.66031533 0.43529224	0.9999999999819902
80122759_10000	2487.0	51	55	1856360.0 0.10695447 0.10737141 1.2856741	1856360.0 0.10695501 0.10737034 1.2856747	0.9999999999992946
80122759_7050	2219.0	51	57	5813646.5 0.4105248 0.28723127 0.802244	5813666.5 0.41052836 0.28723043 0.80224127	0.9999999999501348
80122759_15000	2420.0	59	59	5248059.5 0.8887077 0.57341784 0.03787438	5248058.0 0.88870263 0.57342297 0.03787439	0.9999999999391177
80122759_7050	2219.0	55	61	816290.0 0.2435017 0.68161684 0.5748815	816289.3 0.24350068 0.6816174 0.574882	0.9999999999997383
