ID	BITRATE	START_IDX	CAPTURE_START_IDX	KEY	CAPTURE_KEY	CORRELATION
80096067_4800	1064.0	10	0	424726.0 0.46836784 0.5316322	424735.0 0.46796945 0.5320306	1.0000000000000000
80217312_3500	933.0	21	2	707026.0 0.72225064 0.27774933	707051.0 0.7187968 0.28120318	1.0000000000000000
70167075_800	367.0	1	3	373113.0 0.5261194 0.47388056	373107.0 0.53289 0.46710998	1.0000000000000000
80206300_2000	595.0	78	5	611070.0 0.67929536 0.32070467	611080.0 0.674028 0.32597205	1.0000000000000000
70301367_7050	464.0	21	6	352644.0 0.55620116 0.44379884	352633.0 0.56487906 0.43512094	1.0000000000000000
80122759_6500	2111.0	5	7	352179.0 0.43568185 0.5643181	352179.0 0.43568185 0.5643181	1.0000000000000000
80122759_7050	2219.0	7	8	735022.0 0.27038646 0.72961354	735024.0 0.27038708 0.7296129	1.0000000000000000
80122759_7050	2219.0	8	9	734971.0 0.72966415 0.27033582	734973.0 0.72966355 0.27033645	1.0000000000000000
80122759_6500	2111.0	8	10	483787.0 0.41069728 0.5893027	483792.0 0.41069302 0.58930695	0.9999999999999999
80122759_6500	2111.0	9	11	460910.0 0.61855245 0.38144758	460915.0 0.61855656 0.38144344	1.0000000000000000
80122759_7050	2219.0	14	15	1601566.0 0.14089897 0.85910106	1601566.0 0.14089897 0.85910106	1.0000000000000000
80122759_20000	2410.0	32	20	5249691.0 0.21177399 0.788226	5249691.0 0.2117738 0.7882262	1.0000000000000000
80122759_20000	2410.0	33	21	4631758.0 0.893385 0.10661503	4631756.0 0.8933856 0.106614426	0.9999999999999999
80122759_20000	2410.0	34	22	692955.0 0.71262205 0.28737795	692954.0 0.7126187 0.28738126	1.0000000000000000
80122759_7050	2219.0	22	23	404376.0 0.4924674 0.5075326	404377.0 0.49246618 0.5075338	1.0000000000000000
80169469_4800	1367.0	0	24	403646.0 0.506476 0.49352401	403662.0 0.5084328 0.4915672	1.0000000000000000
80122759_15000	2420.0	28	25	4060119.0 0.048872214 0.95112777	4060118.0 0.048872225 0.95112777	1.0000000000000000
80122759_20000	2410.0	45	33	963584.0 0.20706654 0.79293346	963580.0 0.20706636 0.79293364	1.0000000000000000
80122759_7050	2219.0	35	39	4962350.0 0.36525437 0.63474566	4962349.0 0.36525422 0.6347458	1.0000000000000000
80122759_7050	2219.0	36	40	5019459.0 0.6275238 0.3724762	5019460.0 0.62752366 0.3724763	1.0000000000000000
80122759_7050	2219.0	39	42	5062062.0 0.7612412 0.23875883	5062062.0 0.7612414 0.23875864	1.0000000000000000
80122759_7050	2219.0	43	46	1245163.0 0.4348772 0.5651228	1245165.0 0.4348773 0.5651227	1.0000000000000000
80122759_7050	2219.0	44	47	1852667.0 0.37981462 0.6201854	1852669.0 0.37981474 0.62018526	0.9999999999999999
80122759_7050	2219.0	53	57	7673264.0 0.60782 0.39218006	7673261.0 0.6078202 0.39217982	1.0000000000000000
80122759_20000	2410.0	75	63	6041788.0 0.5449918 0.45500818	6041788.0 0.5449917 0.45500836	1.0000000000000000
81056132_15000	498.0	33	65	398021.0 0.49865207 0.5013479	398025.0 0.49821493 0.50178504	1.0000000000000000
80122759_6500	2111.0	58	67	1136363.0 0.17474522 0.8252548	1136364.0 0.17474595 0.8252541	1.0000000000000000
80122759_15000	2420.0	69	68	1379660.0 0.6797247 0.32027528	1379661.0 0.6797242 0.32027578	1.0000000000000000
80122759_7050	2219.0	68	69	1676670.0 0.26354143 0.7364586	1676675.0 0.26354063 0.7364594	1.0000000000000000
80122759_6500	2111.0	63	70	1749663.0 0.70573646 0.2942635	1749664.0 0.70573723 0.2942628	1.0000000000000000
80122759_10000	2487.0	70	71	5192929.0 0.099146165 0.9008538	5192932.0 0.09914649 0.9008535	1.0000000000000000
80199806_20000	1719.0	28	73	521590.0 0.38095054 0.61904943	521596.0 0.38215017 0.6178498	1.0000000000000000
