ID	BITRATE	START_IDX	CAPTURE_START_IDX	KEY	CAPTURE_KEY	CORRELATION
60004481_3500	810.0	41	0	361235.0 0.45063463 0.5493654	361232.0 0.44823548 0.5517645	1.0000000000000000
70052701_6500	1443.0	5	1	315671.0 0.62180877 0.37819123	315671.0 0.63140106 0.36859894	1.0000000000000000
70216224_6500	1441.0	6	3	519461.0 0.6213787 0.3786213	519450.0 0.61748385 0.38251612	1.0000000000000000
80184100_6500	1554.0	19	9	303822.0 0.64588475 0.35411525	303804.0 0.6557649 0.3442351	1.0000000000000000
70123920_2000	599.0	8	10	303289.0 0.3539726 0.6460274	303297.0 0.34481055 0.65518945	1.0000000000000000
896970_4800	1341.0	69	11	397517.0 0.49991825 0.5000818	397525.0 0.49988553 0.50011444	1.0000000000000000
60027695_7050	1183.0	10	26	439358.0 0.45380077 0.5461992	439349.0 0.45192775 0.5480723	1.0000000000000000
80038359_4200	1007.0	21	33	462689.0 0.57035285 0.42964712	462698.0 0.56987494 0.43012506	1.0000000000000000
80091879_4800	1336.0	77	34	328945.0 0.59607536 0.40392467	328937.0 0.6050338 0.3949662	1.0000000000000000
1151721_1200	380.0	35	38	315341.0 0.6345036 0.3654964	315357.0 0.6309579 0.36904207	1.0000000000000000
70298735_7050	460.0	53	39	315457.0 0.37777257 0.62222743	315464.0 0.3689169 0.63108313	1.0000000000000000
81000864_3500	1131.0	10	44	382182.0 0.4794391 0.52056086	382203.0 0.47975552 0.5202445	1.0000000000000000
80184100_4200	809.0	35	45	303429.0 0.6454327 0.3545673	303419.0 0.6553281 0.34467188	1.0000000000000000
70208599_4200	826.0	74	48	960447.0 0.2902513 0.7097487	960465.0 0.29694158 0.7030584	1.0000000000000000
81080637_2000	848.0	43	54	503686.0 0.394738 0.605262	503686.0 0.39402327 0.60597676	1.0000000000000000
81006261_4800	1211.0	2	58	389527.0 0.51197994 0.4880201	389510.0 0.5119381 0.48806193	1.0000000000000000
80986885_6500	2057.0	0	59	389262.0 0.48970872 0.5102913	389241.0 0.4883992 0.5116008	1.0000000000000000
70296965_1200	360.0	29	60	315392.0 0.6305867 0.36941332	315371.0 0.6314341 0.36856592	1.0000000000000000
80991158_4800	1336.0	7	64	512642.0 0.612679 0.38732097	512666.0 0.61207885 0.38792118	0.9999999999999999
81110498_4200	1866.0	4	65	397430.0 0.5000453 0.4999547	397405.0 0.50043154 0.49956846	1.0000000000000000
80031715_3500	969.0	0	71	373661.0 0.46808738 0.5319126	373677.0 0.46688718 0.5331128	1.0000000000000000
