ID	BITRATE	START_IDX	CAPTURE_START_IDX	KEY	CAPTURE_KEY	CORRELATION
80122759_6500	2111.0	5	7	592308.7 0.25905073 0.33553618 0.90541303	592308.0 0.25905102 0.33553657 0.9054124	0.9999999999999554
80122759_7050	2219.0	7	8	622474.0 0.31927437 0.86153316 0.31919244	622476.0 0.31927496 0.86153203 0.31919304	1.0000000000000000
80122759_6500	2111.0	7	9	680047.3 0.78859806 0.29217085 0.41923112	680050.0 0.7885935 0.2921697 0.4192368	0.9999999998613077
80122759_6500	2111.0	8	10	439733.34 0.451842 0.64834064 0.39981732	439736.66 0.4518386 0.64834714 0.39981428	0.9999999999506074
80122759_20000	2410.0	32	20	3829004.0 0.29034913 1.080684 0.12896696	3829002.0 0.29034904 1.0806848 0.12896624	0.9999999999999332
80122759_20000	2410.0	33	21	3220598.8 1.2848365 0.15333018 0.06183322	3220598.8 1.2848369 0.15332925 0.061833844	0.9999999999993232
80122759_15000	2420.0	25	22	598794.7 0.82468164 0.33257142 0.34274685	598792.7 0.82467943 0.33257252 0.34274802	0.9999999999999827
80122759_15000	2420.0	26	23	401869.34 0.49553916 0.5107008 0.49376	401869.34 0.49553916 0.5107008 0.49376	1.0000000000000000
80122759_15000	2420.0	27	24	2843569.2 0.07217514 0.06978096 1.3580439	2843568.8 0.07217515 0.069780976 1.3580438	1.0000000000000000
80122759_10000	2487.0	27	25	3011780.8 0.06588461 1.2822052 0.15191013	3011758.0 0.06588411 1.282205 0.15191095	0.9999999999995106
80122759_7050	2219.0	35	39	4554652.5 0.39794913 0.6915632 0.41048774	4554652.5 0.39794892 0.6915632 0.41048795	0.9999999999991268
80122759_7050	2219.0	42	45	2573025.2 1.0160705 0.21044993 0.27347964	2573046.0 1.0160736 0.21044862 0.27347782	0.9999999999995136
80122759_7050	2219.0	43	46	1596106.6 0.33925867 0.44086653 0.71987486	1596108.6 0.33925888 0.44086662 0.71987456	1.0000000000000000
80122759_10000	2487.0	64	66	890720.7 0.22422068 0.22293745 1.0528418	890724.7 0.22422528 0.22293645 1.0528382	0.9999999999828008
80122759_10000	2487.0	65	67	1052156.0 0.18873152 0.8913013 0.4199672	1052157.4 0.18873127 0.8913011 0.4199676	0.9999999999994912
80122759_15000	2420.0	69	68	1742974.6 0.5380394 0.25351545 0.7084452	1742976.0 0.53803897 0.25351584 0.7084452	0.9999999999989828
80122759_15000	2420.0	70	69	1461022.0 0.30243966 0.84516317 0.35239714	1461024.0 0.30243993 0.8451627 0.35239735	1.0000000000000000
