ID	BITRATE	START_IDX	CAPTURE_START_IDX	KEY	CAPTURE_KEY	CORRELATION
80018689_800	371.0	16	2	341818.0 0.5880849 0.41191512	341812.0 0.5819544 0.41804558	1.0000000000000000
80031715_2000	486.0	73	5	209435.0 0.509232 0.49076802	209438.0 0.5176616 0.48233846	1.0000000000000000
70103763_800	352.0	6	8	315216.0 0.6258756 0.3741244	315228.0 0.6319204 0.3680796	1.0000000000000000
80029196_6500	1298.0	1	14	553776.0 0.35857096 0.641429	553772.0 0.35994056 0.6400595	1.0000000000000000
81080637_3500	1011.0	26	15	507580.0 0.7041629 0.2958371	507565.0 0.6983283 0.3016717	1.0000000000000000
80128722_1200	541.0	7	18	1284984.0 0.15469298 0.84530705	1284986.0 0.15469506 0.8453049	0.9999999999999999
80128722_1200	541.0	8	19	1193465.0 0.91012806 0.08987193	1193463.0 0.9101288 0.08987124	1.0000000000000000
80128722_1200	541.0	9	20	373113.0 0.28747055 0.7125294	373114.0 0.2874671 0.7125329	1.0000000000000000
70123542_1200	381.0	24	24	458527.0 0.5716021 0.4283979	458527.0 0.57053345 0.42946655	1.0000000000000000
80093106_800	357.0	6	25	336889.0 0.5887221 0.4112779	336908.0 0.58449787 0.41550216	1.0000000000000000
80216541_7050	2294.0	15	28	342111.0 0.4189225 0.5810775	342109.0 0.41768268 0.58231735	1.0000000000000000
80121387_600	409.0	10	32	260011.0 0.48239112 0.5176089	260033.0 0.48411164 0.5158884	1.0000000000000000
80031715_600	324.0	18	33	239369.0 0.56232846 0.43767154	239377.0 0.5604047 0.43959528	1.0000000000000000
81056132_15000	498.0	14	36	490383.0 0.27625754 0.7237425	490394.0 0.2777746 0.72222537	1.0000000000000000
1151721_5500	946.0	68	46	903103.0 0.7828631 0.21713692	903084.0 0.77942806 0.22057195	1.0000000000000000
70216224_5500	1409.0	69	47	1235933.0 0.15881929 0.8411807	1235939.0 0.16116896 0.83883107	1.0000000000000000
80128722_7050	2181.0	2	49	1226015.0 0.6407679 0.35923216	1226014.0 0.64076674 0.35923326	1.0000000000000000
