ID	BITRATE	START_IDX	CAPTURE_START_IDX	KEY	CAPTURE_KEY	CORRELATION
80128722_5500	1997.0	9	6	4984954.0 0.039875995 0.87453747 0.58558655	4984938.0 0.039876122 0.87453526 0.58558863	0.9999999999891117
80128722_5500	1997.0	10	7	4984941.5 0.8745397 0.58558804 0.039872285	4984925.5 0.87453747 0.5855901 0.03987241	0.9999999999891117
80128722_7050	2181.0	13	12	1486232.6 0.97201 0.3940332 0.13395682	1486234.6 0.97200936 0.39403334 0.13395731	1.0000000000000000
80128722_7050	2181.0	14	13	1264358.0 0.46317974 0.1574641 0.87935615	1264360.0 0.4631798 0.15746465 0.87935555	1.0000000000000000
80128722_6500	2323.0	14	14	1569859.4 0.12682219 0.70822966 0.6649481	1569860.6 0.12682144 0.7082298 0.6649488	0.9999999999993147
80128722_10000	2237.0	17	18	2635813.2 0.23384888 0.3613837 0.90476745	2635808.0 0.23384821 0.3613833 0.90476847	0.9999999999999940
80128722_10000	2237.0	18	19	2357701.2 0.40401217 1.0114928 0.084495015	2357698.0 0.40401146 1.0114934 0.08449513	0.9999999999993006
80128722_7050	2181.0	21	20	2998512.0 0.7953365 0.06643762 0.6382259	2998494.8 0.79533106 0.066438004 0.6382309	0.9999999999137998
80128722_7050	2181.0	22	21	1541114.6 0.12926617 1.2417817 0.12895212	1541116.6 0.12926601 1.2417827 0.12895131	0.9999999999998728
80128722_7050	2181.0	23	22	1989873.4 0.9617336 0.099870674 0.43839574	1989874.6 0.96173495 0.09987011 0.43839496	0.9999999999991519
80128722_5500	1997.0	27	23	1531510.6 0.12975946 0.569601 0.80063957	1531514.6 0.12975977 0.56960016 0.8006401	0.9999999999977075
80128722_6500	2323.0	27	28	1727576.6 0.11514511 0.5906372 0.79421777	1727579.4 0.115145504 0.590638 0.79421645	0.9999999999968173
80128722_6500	2323.0	28	29	3057559.2 0.33372077 0.4487475 0.7175318	3057561.2 0.33372152 0.4487472 0.7175313	0.9999999999980748
80128722_6500	2323.0	29	30	2827103.2 0.48532787 0.7760226 0.23864958	2827102.8 0.48532796 0.77602273 0.23864926	0.9999999999999160
80128722_6500	2323.0	30	31	2511194.8 0.8736463 0.26867172 0.35768193	2511192.8 0.873647 0.26867154 0.35768142	0.9999999999997203
80128722_6500	2323.0	31	32	1181395.4 0.5710933 0.760295 0.16861163	1181395.4 0.5710925 0.7602933 0.16861416	0.9999999999995505
80128722_6500	2323.0	32	33	1382142.0 0.64986736 0.14412194 0.7060107	1382144.0 0.649865 0.14412391 0.7060111	0.9999999999873808
80128722_6500	2323.0	33	34	1331308.6 0.14962496 0.7329683 0.6174068	1331312.0 0.14962684 0.7329679 0.61740524	0.9999999999957540
80128722_6500	2323.0	34	35	1770071.4 0.55128115 0.4643649 0.4843539	1770074.0 0.55128145 0.4643642 0.48435432	0.9999999999445123
80128722_6500	2323.0	35	36	1595018.6 0.51532876 0.5375116 0.44715968	1595020.6 0.5153281 0.5375122 0.44715974	0.9999999999162741
80128722_7050	2181.0	36	37	1424674.6 0.6017809 0.5006259 0.39759323	1424676.6 0.6017808 0.5006252 0.3975941	0.9999999999823838
80128722_7050	2181.0	37	38	1232286.0 0.5787853 0.45966682 0.46154788	1232287.4 0.57878464 0.45966795 0.46154737	0.9999999999304181
80128722_10000	2237.0	37	39	1084213.4 0.5224442 0.52458125 0.4529745	1084214.0 0.52244574 0.52458185 0.45297238	0.9999999999216833
80128722_10000	2237.0	38	40	2568384.8 0.2214458 0.19121784 1.0873363	2568403.2 0.22144459 0.1912157 1.0873398	0.9999999999997110
80128722_15000	2267.0	39	41	3351298.8 0.14654647 0.83332646 0.520127	3351296.8 0.14654596 0.8333273 0.5201267	0.9999999999996665
80128722_7050	2181.0	45	47	5795688.0 0.35551897 0.29281166 0.8516694	5795708.5 0.3555179 0.29281098 0.8516712	0.9999999999993233
80128722_6500	2323.0	46	48	4554832.0 0.37258124 1.0836861 0.043732677	4554853.5 0.37257993 1.0836875 0.04373247	0.9999999999984751
80128722_5500	1997.0	56	52	4501690.5 0.08188546 0.81482524 0.60328937	4501710.5 0.081884876 0.8148283 0.6032869	0.9999999999780665
80128722_4200	1937.0	54	58	4527802.0 0.21761553 0.6595852 0.62279934	4527802.0 0.21761553 0.65958494 0.6227995	0.9999999999995968
80128722_4200	1937.0	55	59	4003570.8 0.74595183 0.7043492 0.049698886	4003570.0 0.7459517 0.70434964 0.049698643	0.9999999999997834
80128722_20000	2211.0	71	65	852864.7 0.6322914 0.6343726 0.23333596	852861.3 0.63229036 0.6343716 0.23333806	0.9999999999999987
