ID	BITRATE	START_IDX	CAPTURE_START_IDX	KEY	CAPTURE_KEY	CORRELATION
80097391_4800	491.0	24	2	555009.3 0.35443008 0.7926173 0.35295263	554996.7 0.35804358 0.783911 0.35804537	0.9999957404453835
80121387_4800	1522.0	5	9	640252.0 0.4858181 0.31040746 0.70377445	640257.3 0.48581094 0.31041893 0.70377016	0.9999999994238420
80121387_7050	2274.0	11	10	705058.7 0.28189284 0.6390858 0.5790213	705056.7 0.28188938 0.63908905 0.5790215	0.9999999999859190
80121387_5500	2014.0	13	13	554734.7 0.5688521 0.5728901 0.35825774	554732.7 0.5688596 0.5728849 0.35825545	0.9999999986690610
80121387_3500	1336.0	14	14	892078.0 0.356248 0.22278209 0.9209699	892072.0 0.35624704 0.22278023 0.92097276	1.0000000000000000
80121387_3500	1336.0	18	18	788499.3 0.59117234 0.25231728 0.6565104	788502.0 0.5911704 0.2523177 0.65651196	0.9999999999646053
80121387_3500	1336.0	19	19	1489975.4 0.13352704 0.34742722 1.0190457	1489978.0 0.13352747 0.34742862 1.0190439	0.9999999999983776
80121387_3500	1336.0	20	20	1489696.6 0.34749222 1.0192363 0.13327143	1489699.4 0.3474936 1.0192345 0.13327186	0.9999999999983777
80121387_4800	1522.0	29	33	1196111.4 0.63618827 0.16620442 0.6976073	1196113.4 0.63618803 0.16620414 0.69760776	0.9999999999993192
