ID	BITRATE	START_IDX	CAPTURE_START_IDX	KEY	CAPTURE_KEY	CORRELATION
80993095_3500	682.0	38	0	832557.0 0.23852901 0.761471	832580.0 0.2385957 0.76140434	1.0000000000000000
70123920_7050	1329.0	24	4	828677.0 0.7630585 0.23694153	828668.0 0.7600607 0.23993927	1.0000000000000000
70102778_2000	495.0	14	5	350872.0 0.5680932 0.4319068	350884.0 0.5666545 0.4333455	1.0000000000000000
80128722_1200	541.0	30	6	350789.0 0.43349135 0.56650865	350795.0 0.43345544 0.5665446	1.0000000000000000
81110498_7050	2986.0	5	7	397431.0 0.50004655 0.49995345	397430.0 0.50006545 0.49993458	1.0000000000000000
70167075_1200	373.0	60	10	407910.0 0.51400065 0.48599938	407921.0 0.5114103 0.4885897	1.0000000000000000
80122759_6500	2111.0	14	14	336432.0 0.58229005 0.41770998	336436.0 0.58228904 0.41771096	1.0000000000000000
80122759_6500	2111.0	15	15	692585.0 0.20290795 0.7970921	692590.0 0.20290937 0.79709065	1.0000000000000000
80122759_6500	2111.0	16	16	1117495.0 0.49401027 0.50598973	1117499.0 0.4940112 0.50598884	1.0000000000000000
80122759_6500	2111.0	17	17	861880.0 0.6560554 0.34394464	861879.0 0.6560573 0.3439427	1.0000000000000000
70308278_5500	1352.0	53	18	475323.0 0.621308 0.37869197	475298.0 0.6236866 0.3763134	1.0000000000000000
80122759_6500	2111.0	19	21	2392402.0 0.120783634 0.8792164	2392402.0 0.12078405 0.87921596	0.9999999999999999
80122759_7050	2219.0	22	23	404376.0 0.4924674 0.5075326	404375.0 0.49246863 0.5075314	1.0000000000000000
80169469_4800	1367.0	0	24	403646.0 0.506476 0.49352401	403662.0 0.50842786 0.49157217	1.0000000000000000
80122759_4800	1569.0	24	28	490049.0 0.50317216 0.49682787	490048.0 0.5031732 0.49682683	1.0000000000000000
80122759_4800	1569.0	25	29	1838864.0 0.13240239 0.8675976	1838862.0 0.132402 0.867598	1.0000000000000000
80991158_3500	905.0	65	32	745856.0 0.26642275 0.73357725	745851.0 0.26657334 0.73342663	1.0000000000000000
80122759_4800	1569.0	31	37	630257.0 0.36547947 0.63452053	630253.0 0.36547545 0.6345245	1.0000000000000000
80122759_5500	1691.0	38	39	1712917.0 0.3232737 0.6767263	1712915.0 0.32327348 0.6767265	1.0000000000000000
80122759_5500	1691.0	44	44	3127581.0 0.7729446 0.22705536	3127585.0 0.7729437 0.22705634	1.0000000000000000
80122759_5500	1691.0	47	46	1797576.0 0.72308266 0.27691737	1797577.0 0.7230834 0.27691665	1.0000000000000000
80122759_5500	1691.0	50	49	1342598.0 0.5679049 0.43209508	1342596.0 0.5679043 0.43209574	1.0000000000000000
81075239_6500	1610.0	29	52	397886.0 0.49947724 0.5005228	397862.0 0.49902982 0.5009702	1.0000000000000000
80122759_4800	1569.0	60	63	4552724.0 0.52410007 0.47589993	4552722.0 0.52409965 0.47590035	1.0000000000000000
80122759_5500	1691.0	64	64	2364945.0 0.916149 0.083851	2364947.0 0.91614825 0.08385178	1.0000000000000000
81056132_15000	498.0	33	65	398021.0 0.49865207 0.5013479	398027.0 0.49821997 0.50178003	1.0000000000000000
80033394_5500	1212.0	22	66	876793.0 0.22641832 0.7735817	876779.0 0.22779058 0.7722094	0.9999999999999999
80122759_5500	1691.0	69	69	1532020.0 0.19400334 0.80599666	1532020.0 0.19400334 0.80599666	0.9999999999999999
80122759_20000	2410.0	80	70	1648512.0 0.74903977 0.25096026	1648515.0 0.7490396 0.2509604	1.0000000000000000
80122759_20000	2410.0	81	71	928572.0 0.44553465 0.55446535	928574.0 0.44553477 0.55446523	1.0000000000000000
80199806_20000	1719.0	28	74	521590.0 0.38095054 0.61904943	521592.0 0.38214734 0.6178526	1.0000000000000000
