ID	BITRATE	START_IDX	CAPTURE_START_IDX	KEY	CAPTURE_KEY	CORRELATION
81110498_7050	2986.0	4	0	397375.0 0.499883 0.500117	397357.0 0.49998364 0.50001633	1.0000000000000000
80134721_10000	2933.0	3	1	646113.0 0.30747718 0.6925228	646132.0 0.30749908 0.6925009	1.0000000000000000
80134721_6500	2590.0	7	4	273306.0 0.6137736 0.38622642	273307.0 0.6137823 0.38621768	1.0000000000000000
80184100_4200	809.0	27	5	304138.0 0.35374072 0.64625925	304151.0 0.3470513 0.6529487	1.0000000000000000
80134721_5500	2300.0	8	6	467477.0 0.4248252 0.5751748	467474.0 0.42482576 0.5751742	1.0000000000000000
80134721_5500	2300.0	9	7	467766.0 0.57481945 0.42518052	467764.0 0.57481766 0.42518234	1.0000000000000000
80993095_6500	1358.0	12	8	397587.0 0.50010943 0.4998906	397574.0 0.50024647 0.4997535	1.0000000000000000
80134721_4800	2163.0	8	9	843670.0 0.23550677 0.7644932	843670.0 0.2355056 0.7644944	1.0000000000000000
80134721_7050	2998.0	25	22	3987024.0 0.9501684 0.049831655	3987028.0 0.9501674 0.04983261	1.0000000000000000
80134721_7050	2998.0	26	23	2652675.0 0.07489798 0.925102	2652678.0 0.074899405 0.9251006	1.0000000000000000
80134721_5500	2300.0	29	24	7701942.0 0.3186203 0.68137974	7701937.0 0.31862035 0.6813796	1.0000000000000000
80134721_10000	2933.0	30	25	5446599.0 0.9635273 0.036472667	5446596.0 0.96352714 0.036472872	1.0000000000000000
80134721_7050	2998.0	29	26	1415696.0 0.14031968 0.85968035	1415699.0 0.1403215 0.8596785	1.0000000000000000
80134721_7050	2998.0	30	27	1415899.0 0.8595571 0.14044292	1415898.0 0.8595577 0.14044233	1.0000000000000000
80134721_4800	2163.0	29	29	2867066.0 0.21168505 0.78831494	2867070.0 0.21168545 0.7883145	1.0000000000000000
80134721_4800	2163.0	32	32	2429500.0 0.08182219 0.91817784	2429504.0 0.08182329 0.9181767	1.0000000000000000
80134721_5500	2300.0	36	33	2429216.0 0.91828555 0.08171443	2429213.0 0.9182867 0.0817133	1.0000000000000000
80239639_800	425.0	15	34	341350.0 0.5825106 0.41748938	341342.0 0.58152527 0.41847473	1.0000000000000000
80134721_4800	2163.0	35	36	4514256.0 0.44391766 0.5560823	4514253.0 0.4439175 0.5560825	1.0000000000000000
80134721_4800	2163.0	36	37	2709023.0 0.9266433 0.0733567	2709021.0 0.9266436 0.07335639	1.0000000000000000
