ID	BITRATE	START_IDX	CAPTURE_START_IDX	KEY	CAPTURE_KEY	CORRELATION
80135164_15000	2521.0	15	5	1729828.0 0.11325346 0.619842 0.7669046	1729826.6 0.11325181 0.61984307 0.7669052	0.9999999999987929
80135164_15000	2521.0	16	6	2397906.0 0.44714847 0.5532381 0.4996134	2397906.0 0.4471489 0.5532381 0.499613	0.9999999999766541
80135164_15000	2521.0	17	7	2269370.8 0.58457303 0.52791107 0.38751578	2269368.8 0.58457357 0.5279111 0.38751525	0.9999999999994644
80135164_15000	2521.0	22	13	2220381.2 0.61261594 0.43602917 0.45135492	2220380.0 0.6126154 0.43603033 0.45135427	0.9999999999616072
80135164_15000	2521.0	29	20	2145866.0 0.5072852 0.4689058 0.523809	2145862.8 0.507285 0.46890697 0.52380794	0.9999999999893742
80135164_15000	2521.0	30	21	2298938.8 0.43768412 0.4889317 0.5733841	2298937.2 0.43768483 0.48893026 0.57338494	0.9999999998353858
80135164_15000	2521.0	33	25	3468424.8 0.46709967 0.6031822 0.42971814	3468424.0 0.46710005 0.6031823 0.42971766	0.9999999999900977
80135164_15000	2521.0	34	26	3508182.8 0.5963464 0.42484817 0.47880545	3508180.0 0.5963468 0.42484793 0.47880524	0.9999999999993333
80135164_7050	2090.0	42	34	3212473.2 0.5452413 0.4909504 0.4638084	3212474.8 0.54524136 0.49095047 0.46380815	0.9999999999959739
80135164_15000	2521.0	44	35	3464156.8 0.45528108 0.43011102 0.6146079	3464158.0 0.4552812 0.43011087 0.61460793	0.9999999999991203
80135164_15000	2521.0	45	36	3230877.2 0.46116638 0.6589845 0.37984917	3230878.0 0.4611663 0.65898466 0.37984908	0.9999999999999378
80135164_10000	2403.0	41	37	2368319.2 0.8990038 0.5181924 0.08280387	2368300.8 0.89899856 0.5181969 0.082804516	0.9999999999517476
80135164_10000	2403.0	42	38	1569696.0 0.7818361 0.12493247 0.59323144	1569697.4 0.78183603 0.12493236 0.59323156	0.9999999999999540
80135164_10000	2403.0	43	39	1606334.6 0.122082904 0.5797005 0.79821664	1606336.0 0.1220828 0.57970065 0.7982166	0.9999999999999456
80135164_10000	2403.0	44	40	2585165.2 0.36020637 0.49598494 0.6438087	2585166.8 0.36020654 0.49598503 0.64380836	0.9999999999997160
80135164_20000	2911.0	48	49	5249416.5 0.5594096 0.50341135 0.43717906	5249436.0 0.55940753 0.5034095 0.43718296	0.9999999997154718
80135164_7050	2090.0	57	50	4698991.5 0.5623794 0.48838925 0.4492313	4699010.0 0.56237715 0.4883931 0.44922972	0.9999999984617285
80135164_15000	2521.0	65	58	2548172.8 0.07692924 0.82187444 0.6011963	2548152.0 0.07692948 0.82186973 0.6012008	0.9999999999354964
80135164_15000	2521.0	66	59	2548059.2 0.82191104 0.60122305 0.07686595	2548040.0 0.82190585 0.6012272 0.076866925	0.9999999999393243
80135164_20000	2911.0	61	63	3406329.2 0.60290414 0.26731208 0.6297838	3406328.0 0.6029041 0.2673119 0.62978405	0.9999999999997569
80135164_7050	2090.0	74	64	3077708.8 0.2958545 0.69701886 0.5071266	3077725.2 0.29585227 0.6970249 0.50712293	0.9999999998608852
80135164_6500	2031.0	71	65	3584810.0 0.5984194 0.4353882 0.46619236	3584831.2 0.59842455 0.4353859 0.4661896	0.9999999999319175
