ID	BITRATE	START_IDX	CAPTURE_START_IDX	KEY	CAPTURE_KEY	CORRELATION
80134721_10000	2933.0	3	0	646113.0 0.30747718 0.6925228	646121.0 0.3074842 0.6925158	1.0000000000000000
60033314_4800	460.0	2	3	468383.0 0.5812252 0.4187748	468372.0 0.57579446 0.42420554	1.0000000000000000
80169469_10000	2540.0	65	4	517775.0 0.38494518 0.6150548	517800.0 0.38371184 0.6162881	1.0000000000000000
80134721_6500	2590.0	7	6	273306.0 0.6137736 0.38622642	273308.0 0.6137764 0.3862236	0.9999999999999999
80184100_4200	809.0	27	7	304138.0 0.35374072 0.64625925	304150.0 0.347059 0.652941	1.0000000000000000
80134721_5500	2300.0	8	8	467477.0 0.4248252 0.5751748	467472.0 0.42482117 0.57517886	1.0000000000000000
80134721_5500	2300.0	9	9	467766.0 0.57481945 0.42518052	467764.0 0.5748198 0.42518023	1.0000000000000000
80134721_4800	2163.0	11	10	341726.0 0.5819955 0.41800448	341726.0 0.58199847 0.41800156	1.0000000000000000
80134721_6500	2590.0	14	12	528592.0 0.4800697 0.5199303	528594.0 0.48006976 0.51993024	0.9999999999999999
80134721_6500	2590.0	15	13	473520.0 0.5804 0.4196	473521.0 0.5804009 0.41959915	1.0000000000000000
80134721_6500	2590.0	16	14	1106637.0 0.17954306 0.8204569	1106638.0 0.1795429 0.8204571	1.0000000000000000
80134721_6500	2590.0	17	15	1106548.0 0.8205229 0.17947708	1106550.0 0.82052237 0.17947766	1.0000000000000000
80134721_5500	2300.0	17	16	924340.0 0.214856 0.785144	924340.0 0.21485709 0.7851429	1.0000000000000000
80134721_4800	2163.0	16	17	1519704.0 0.47755286 0.5224471	1519704.0 0.47755286 0.5224471	1.0000000000000000
80134721_4800	2163.0	17	18	992611.0 0.79987526 0.20012473	992609.0 0.79987687 0.20012312	1.0000000000000000
80168188_4800	1739.0	25	19	894866.0 0.21919483 0.7808052	894866.0 0.22198184 0.7780182	1.0000000000000000
80134721_4200	1729.0	16	20	806715.0 0.8630309 0.13696906	806716.0 0.86303234 0.13696766	1.0000000000000000
80134721_3500	1480.0	24	21	690911.0 0.15992653 0.84007347	690910.0 0.15992531 0.84007466	1.0000000000000000
80134721_3500	1480.0	29	27	1108450.0 0.17924128 0.8207587	1108451.0 0.17924292 0.8207571	1.0000000000000000
80134721_3500	1480.0	30	28	2493517.0 0.36485413 0.63514584	2493515.0 0.36485404 0.63514596	1.0000000000000000
80122759_2000	630.0	41	30	679429.0 0.29336104 0.70663893	679429.0 0.2923808 0.7076192	1.0000000000000000
80091879_7050	1337.0	56	37	1247210.0 0.15767272 0.8423273	1247185.0 0.15933803 0.84066194	1.0000000000000000
80009431_2000	624.0	41	43	546713.0 0.3590604 0.6409396	546693.0 0.3634709 0.6365291	1.0000000000000000
80134721_4200	1729.0	45	44	562983.0 0.618111 0.381889	562982.0 0.61811215 0.38188788	1.0000000000000000
80168188_15000	4442.0	14	45	413842.0 0.5259858 0.47401422	413863.0 0.5194859 0.48051408	1.0000000000000000
60027695_15000	1311.0	15	46	959334.0 0.20712495 0.79287505	959339.0 0.20729585 0.79270416	1.0000000000000000
