ID	BITRATE	START_IDX	CAPTURE_START_IDX	KEY	CAPTURE_KEY	CORRELATION
80135164_6500	2031.0	12	8	767751.2 0.49696177 0.5964849 0.25516862 0.50333494 0.6480498	767750.8 0.49696073 0.5964865 0.25517005 0.5033352 0.6480475	0.9999999999566207
80135164_6500	2031.0	13	9	803435.2 0.5699925 0.24383548 0.48097968 0.6192671 0.5859253	803435.2 0.56999373 0.24383672 0.48097968 0.61926466 0.5859253	0.9999999999660832
80135164_6500	2031.0	14	10	763544.8 0.25657433 0.5061078 0.6516199 0.6165362 0.46916172	763544.4 0.2565758 0.5061081 0.65161765 0.61653656 0.469162	0.9999999999848233
80135164_6500	2031.0	15	11	763632.0 0.50605005 0.6515455 0.6164658 0.46910816 0.2568305	763630.8 0.5060508 0.6515439 0.61646676 0.46910888 0.25682962	0.9999999999719412
80135164_6500	2031.0	16	12	838919.6 0.5930735 0.56114197 0.42700872 0.23378164 0.6849941	838918.4 0.593072 0.5611428 0.42700937 0.23378079 0.6849951	0.9999999999817922
80135164_6500	2031.0	23	18	1088505.6 0.4543927 0.43832204 0.48877376 0.5168407 0.60167074	1088509.2 0.4543921 0.43832242 0.4887749 0.51683986 0.60167056	0.9999999999294211
80135164_7050	2090.0	25	19	969154.4 0.4923024 0.54896826 0.5804896 0.6757685 0.20247136	969155.2 0.49230298 0.54896885 0.5804901 0.67576796 0.20247015	0.9999999999924090
80135164_7050	2090.0	26	20	1007885.6 0.5278724 0.55818236 0.64979994 0.19469075 0.5694545	1007887.6 0.5278723 0.55818224 0.64979863 0.19468936 0.56945735	0.9999999999589021
80135164_7050	2090.0	27	21	998124.0 0.56364137 0.65615493 0.1965948 0.5750238 0.5085851	998125.2 0.5636417 0.65615416 0.19659358 0.57502705 0.5085835	0.9999999999452625
80135164_7050	2090.0	28	22	985224.4 0.66474605 0.19916885 0.58255255 0.51524407 0.53828853	985225.6 0.6647452 0.19916758 0.5825559 0.5152424 0.5382889	0.9999999999436171
80135164_7050	2090.0	29	23	981474.8 0.19992973 0.58477813 0.51721245 0.540345 0.65773463	981476.4 0.1999284 0.5847813 0.5172106 0.54034513 0.65773463	0.9999999999523853
80135164_5500	1419.0	27	27	1361650.4 0.474096 0.14418165 0.5867123 0.73867273 0.55633736	1361648.0 0.47409537 0.14418043 0.5867126 0.73867404 0.5563376	0.9999999999988579
80135164_6500	2031.0	32	28	1404531.2 0.1397783 0.56879973 0.7161172 0.53935146 0.53595316	1404533.6 0.13977808 0.56879807 0.7161196 0.53935057 0.5359537	0.9999999999773883
80135164_5500	1419.0	29	29	1582504.8 0.5048307 0.6355836 0.47869492 0.47567883 0.40521204	1582504.0 0.5048303 0.6355839 0.47869453 0.4756797 0.40521163	0.9999999999793988
80135164_5500	1419.0	30	30	1341276.4 0.7498932 0.56478816 0.5612296 0.4780894 0.14599974	1341276.4 0.7498932 0.5647874 0.56123036 0.47808865 0.14600049	0.9999999999951469
80135164_5500	1419.0	50	51	2316000.5 0.26657292 0.58364236 0.5710033 0.56178445 0.51699686	2316000.0 0.26657254 0.5836434 0.57100344 0.5617837 0.516997	0.9999999999898214
