ID	BITRATE	START_IDX	CAPTURE_START_IDX	KEY	CAPTURE_KEY	CORRELATION
80134721_7050	2998.0	4	4	1044112.7 0.19038366 0.58127344 0.72834283	1044110.7 0.19038308 0.5812736 0.72834325	1.0000000000000000
80134721_15000	3219.0	6	8	1307659.4 0.59734136 0.48010287 0.42255574	1307656.6 0.5973441 0.48010233 0.4225536	0.9999999999999929
80134721_15000	3219.0	7	9	919308.7 0.6829164 0.60105926 0.21602428	919306.0 0.6829162 0.6010567 0.2160271	0.9999999999797010
80134721_20000	3532.0	31	26	5008556.5 0.756386 0.2536539 0.48996013	5008556.5 0.75638 0.25365373 0.48996633	0.9999999997815724
80134721_20000	3532.0	32	27	5981605.5 0.21239114 0.41025656 0.87735224	5981623.5 0.21239033 0.41026053 0.8773491	0.9999999999597490
80134721_7050	2998.0	27	28	5267080.5 0.4659118 0.9963728 0.03771539	5267096.5 0.4659159 0.99636906 0.037715085	0.9999999999745109
80134721_7050	2998.0	28	29	4442448.0 1.1813252 0.044716336 0.2739584	4442442.5 1.1813258 0.04471617 0.2739581	0.9999999999999594
80134721_10000	2933.0	31	30	2450567.2 0.08106368 0.4966389 0.9222975	2450582.8 0.081061944 0.49663413 0.9223039	0.9999999999530440
80134721_20000	3532.0	41	36	2955447.2 0.06716445 0.7547808 0.67805475	2955448.8 0.06716442 0.75477064 0.6780649	0.9999999996394883
80134721_10000	2933.0	39	38	3141985.2 0.6377993 0.06324759 0.7989532	3142005.2 0.6378048 0.06324719 0.79894805	0.9999999999080794
80134721_10000	2933.0	40	39	3451540.8 0.057575155 0.7272981 0.7151267	3451540.0 0.05757517 0.72729826 0.7151266	0.9999999999999272
