ID	BITRATE	START_IDX	CAPTURE_START_IDX	KEY	CAPTURE_KEY	CORRELATION
80134721_6500	2590.0	7	5	273306.0 0.6137736 0.38622642	273308.0 0.6137764 0.3862236	0.9999999999999999
80184100_4200	809.0	27	6	304138.0 0.35374072 0.64625925	304153.0 0.34705558 0.6529444	1.0000000000000000
80013870_800	621.0	26	8	646344.0 0.69607824 0.30392176	646333.0 0.6922871 0.30771288	1.0000000000000000
80993095_6500	1358.0	12	9	397587.0 0.50010943 0.4998906	397571.0 0.5002503 0.49974972	1.0000000000000000
80134721_7050	2998.0	15	16	2348180.0 0.08457486 0.9154251	2348183.0 0.08457603 0.915424	1.0000000000000000
80134721_7050	2998.0	16	17	4368749.0 0.49203628 0.5079637	4368750.0 0.49203616 0.50796384	1.0000000000000000
80134721_7050	2998.0	17	18	2417809.0 0.91784173 0.08215827	2417811.0 0.9178414 0.08215861	1.0000000000000000
80134721_7050	2998.0	18	19	2030103.0 0.09784873 0.9021513	2030103.0 0.09784922 0.90215075	1.0000000000000000
80134721_7050	2998.0	21	22	2650206.0 0.07501493 0.92498505	2650206.0 0.0750153 0.9249847	1.0000000000000000
80183328_5500	1400.0	68	23	3010736.0 0.81388474 0.1861153	3010718.0 0.81422436 0.18577562	0.9999999999999999
80134721_6500	2590.0	23	24	758064.0 0.73782426 0.26217574	758063.0 0.7378252 0.2621748	1.0000000000000000
80134721_7050	2998.0	23	25	3223700.0 0.061651517 0.9383485	3223700.0 0.061651208 0.93834877	1.0000000000000000
80134721_7050	2998.0	24	26	6813298.0 0.44397795 0.55602205	6813298.0 0.44397807 0.5560219	1.0000000000000000
80134721_7050	2998.0	25	27	3987024.0 0.9501684 0.049831655	3987025.0 0.95016783 0.049832143	1.0000000000000000
80134721_6500	2590.0	27	28	2652703.0 0.074897565 0.9251024	2652703.0 0.074897945 0.92510206	1.0000000000000000
80134721_7050	2998.0	27	29	7701971.0 0.3186191 0.6813809	7701967.0 0.31862262 0.68137735	1.0000000000000000
80134721_10000	2933.0	30	30	5446599.0 0.9635273 0.036472667	5446595.0 0.96352786 0.036472145	1.0000000000000000
80134721_7050	2998.0	29	31	1415696.0 0.14031968 0.85968035	1415695.0 0.14031906 0.85968095	1.0000000000000000
80134721_7050	2998.0	30	32	1415899.0 0.8595571 0.14044292	1415897.0 0.8595583 0.14044172	1.0000000000000000
80134721_7050	2998.0	31	33	2459004.0 0.0808673 0.9191327	2459002.0 0.080866545 0.9191334	1.0000000000000000
80134721_4800	2163.0	32	36	2429500.0 0.08182219 0.91817784	2429501.0 0.08182215 0.91817784	1.0000000000000000
80134721_5500	2300.0	36	37	2429216.0 0.91828555 0.08171443	2429213.0 0.9182867 0.0817133	1.0000000000000000
80239639_800	425.0	15	38	341350.0 0.5825106 0.41748938	341341.0 0.581527 0.41847304	1.0000000000000000
80134721_4800	2163.0	35	40	4514256.0 0.44391766 0.5560823	4514254.0 0.44391763 0.55608237	1.0000000000000000
80134721_4800	2163.0	36	41	2709023.0 0.9266433 0.0733567	2709022.0 0.92664325 0.07335673	1.0000000000000000
80134721_6500	2590.0	44	45	1276965.0 0.8443928 0.15560724	1276961.0 0.8443946 0.15560538	1.0000000000000000
