ID	BITRATE	START_IDX	CAPTURE_START_IDX	KEY	CAPTURE_KEY	CORRELATION
80135164_6500	2031.0	17	12	683402.0 0.6888376 0.5241805 0.28698188	683402.0 0.6888391 0.52418196 0.28697896	0.9999999999869297
80135164_4200	1203.0	14	14	641332.0 0.3058073 0.63210785 0.56208485	641330.7 0.3058048 0.63210917 0.562086	0.9999999999977183
80135164_5500	1419.0	23	22	1157668.0 0.5657261 0.49578032 0.43849358	1157666.6 0.565725 0.4957809 0.43849412	0.9999999999752447
80135164_7050	2090.0	30	23	1074607.4 0.5340974 0.4723874 0.49351513	1074608.6 0.5341005 0.47238594 0.4935136	0.9999999995838469
80135164_7050	2090.0	31	24	1122344.0 0.45229536 0.47252446 0.5751802	1122344.0 0.45229447 0.47252357 0.57518196	0.9999999999935366
80135164_5500	1419.0	27	26	1093850.0 0.5901659 0.17948073 0.73035336	1093848.6 0.59016573 0.17947914 0.73035514	0.9999999999975947
80135164_6500	2031.0	32	27	1334019.4 0.14716654 0.5988646 0.75396883	1334022.0 0.14716624 0.5988642 0.75396955	0.9999999999986727
80135164_7050	2090.0	34	28	1708165.4 0.46769243 0.5888271 0.4434805	1708164.0 0.46769395 0.58882636 0.44347966	0.9999999998687464
80135164_7050	2090.0	35	29	1677410.6 0.599623 0.45161155 0.4487655	1677406.0 0.59962344 0.4516116 0.44876495	0.9999999999941481
80135164_6500	2031.0	35	30	1137417.4 0.6660141 0.6618177 0.1721681	1137416.6 0.66601455 0.6618164 0.1721691	0.9999999999951235
80135164_6500	2031.0	36	31	1059894.0 0.7102248 0.18476093 0.60501426	1059890.6 0.71022516 0.18476246 0.6050124	0.9999999999884075
80135164_6500	2031.0	37	32	976377.3 0.20056488 0.6567656 0.64266956	976374.0 0.20056659 0.6567637 0.64266974	0.9999999999931588
80135164_6500	2031.0	38	33	1299083.4 0.49361804 0.48302364 0.5233582	1299080.0 0.49361625 0.48302338 0.5233604	0.9999999983673399
80135164_4800	1176.0	42	34	1608189.4 0.3901823 0.42276552 0.6870522	1608188.6 0.39018184 0.4227657 0.6870525	0.9999999999983984
80135164_4800	1176.0	46	37	1674141.4 0.5709058 0.48825207 0.4408421	1674142.0 0.57090676 0.4882519 0.44084135	0.9999999999998828
80135164_5500	1419.0	39	38	1753231.4 0.46622655 0.42095414 0.6128193	1753231.4 0.46622655 0.4209547 0.6128187	0.9999999999986245
80135164_5500	1419.0	40	39	1635026.0 0.45138732 0.6571235 0.39148918	1635026.6 0.45138776 0.6571226 0.39148965	0.9999999999994065
80135164_4200	1203.0	43	43	1421499.4 0.37627453 0.5023611 0.6213643	1421498.6 0.37627473 0.50236 0.62136537	0.9999999999652938
80135164_4800	1176.0	54	47	1554702.6 0.57115614 0.5095347 0.41930914	1554699.4 0.5711554 0.5095339 0.41931066	0.9999999999692125
80135164_5500	1419.0	48	48	1374306.6 0.5764179 0.47434974 0.44923234	1374306.6 0.5764158 0.47434974 0.44923455	0.9999999999428936
80135164_5500	1419.0	49	49	1747334.0 0.3730838 0.35332856 0.77358764	1747336.0 0.37308338 0.35332987 0.77358675	0.9999999999937701
80135164_5500	1419.0	50	50	2194362.0 0.28134966 0.615995 0.60265535	2194364.8 0.28135067 0.6159942 0.60265505	0.9999999999994172
80135164_5500	1419.0	51	51	2650168.8 0.51004905 0.4990037 0.49094722	2650169.2 0.5100489 0.49900398 0.49094713	0.9999999997440502
80135164_5500	1419.0	52	52	2547268.0 0.5191617 0.5107798 0.4700585	2547268.0 0.5191621 0.5107798 0.4700581	0.9999999999858916
80135164_4800	1176.0	65	58	2105170.0 0.51248306 0.5225673 0.46494964	2105171.2 0.5124823 0.52256745 0.4649503	0.9999999998352859
