ID	BITRATE	START_IDX	CAPTURE_START_IDX	KEY	CAPTURE_KEY	CORRELATION
70041162_2000	545.0	14	0	487694.0 0.65723383 0.40307447 0.4396917	487693.34 0.66238755 0.40202108 0.43559134	0.9998895816120544
80031715_7050	1477.0	8	5	444281.34 0.6364931 0.4472864 0.4162205	444294.0 0.6332226 0.44154772 0.4252297	0.9981971612824496
80135164_6500	2031.0	12	8	690267.3 0.5527467 0.66344154 0.28381178	690268.0 0.55274475 0.6634423 0.28381294	0.9999999999653013
80135164_6500	2031.0	13	9	693529.3 0.66032106 0.28247687 0.5572021	693530.7 0.6603212 0.28247777 0.557201	0.9999999999915005
80135164_6500	2031.0	14	10	719922.0 0.27212116 0.5367748 0.69110405	719921.3 0.2721228 0.53677535 0.6911019	0.9999999999943930
80135164_6500	2031.0	15	11	903153.3 0.4278742 0.5508932 0.52123266	903152.0 0.42787483 0.55089176 0.52123344	0.9999999998951600
80135164_6500	2031.0	16	12	884346.7 0.56260854 0.5323173 0.40507418	884345.3 0.56260717 0.53231806 0.4050748	0.9999999999293311
80135164_6500	2031.0	17	13	683402.0 0.6888376 0.5241805 0.28698188	683401.3 0.6888383 0.524181 0.28698072	0.9999999999985476
80135164_6500	2031.0	18	14	752670.0 0.47594032 0.26057103 0.76348865	752669.3 0.47594076 0.26056993 0.76348937	0.9999999999984996
80135164_6500	2031.0	23	18	1002505.3 0.49337295 0.47592366 0.5307034	1002509.3 0.49337196 0.47592375 0.5307043	0.9999999996473571
80135164_7050	2090.0	25	19	1047824.0 0.45534077 0.50775224 0.53690696	1047826.0 0.45534086 0.50775224 0.5369069	1.0000000000000000
80135164_7050	2090.0	26	20	1166362.0 0.45614913 0.4823408 0.5615101	1166363.4 0.45614943 0.4823411 0.56150943	0.9999999999976795
80135164_7050	2090.0	27	21	942489.3 0.59691286 0.69488746 0.20819971	942489.3 0.59691393 0.69488746 0.20819865	0.9999999999963479
80135164_7050	2090.0	28	22	950063.3 0.68934774 0.20653991 0.6041124	950065.3 0.6893463 0.20653844 0.6041153	0.9999999999574348
80135164_7050	2090.0	29	23	851868.0 0.2303479 0.67374873 0.59590334	851869.3 0.23034637 0.6737524 0.59590125	0.9999999999389417
80135164_7050	2090.0	30	24	1074607.4 0.5340974 0.4723874 0.49351513	1074610.0 0.5340998 0.47238532 0.49351487	0.9999999999882092
80135164_7050	2090.0	31	25	1122344.0 0.45229536 0.47252446 0.5751802	1122344.6 0.45229423 0.4725251 0.5751807	0.9999999999260215
80135164_5500	1419.0	27	27	1093850.0 0.5901659 0.17948073 0.73035336	1093846.6 0.5901659 0.17947946 0.73035467	0.9999999999991257
80135164_6500	2031.0	32	28	1334019.4 0.14716654 0.5988646 0.75396883	1334022.0 0.14716624 0.5988627 0.7539711	0.9999999999805386
80135164_7050	2090.0	34	29	1708165.4 0.46769243 0.5888271 0.4434805	1708164.0 0.4676928 0.58882755 0.44347966	0.9999999999772088
80135164_7050	2090.0	35	30	1677410.6 0.599623 0.45161155 0.4487655	1677410.0 0.5996232 0.4516105 0.44876626	0.9999999999459733
80135164_5500	1419.0	31	31	1434367.4 0.52813315 0.5248056 0.4470612	1434366.6 0.52813274 0.52480656 0.44706073	0.9999999998798009
80135164_5500	1419.0	32	32	1059893.4 0.7102262 0.60501367 0.1847601	1059894.0 0.71022666 0.6050124 0.18476093	0.9999999999931443
80135164_5500	1419.0	39	39	1753231.4 0.46622655 0.42095414 0.6128193	1753230.6 0.46622616 0.42095488 0.61281896	0.9999999999884832
80135164_5500	1419.0	50	51	2194362.0 0.28134966 0.615995 0.60265535	2194362.8 0.2813491 0.6159957 0.6026552	0.9999999999973415
80135164_5500	1419.0	51	52	2650168.8 0.51004905 0.4990037 0.49094722	2650168.8 0.51004976 0.4990037 0.49094647	0.9999999999749384
80135164_5500	1419.0	52	53	2547268.0 0.5191617 0.5107798 0.4700585	2547266.8 0.51916194 0.51077926 0.47005874	0.9999999998698904
80135164_10000	2403.0	60	62	3760605.2 0.47496584 0.46814272 0.5568915	3760604.8 0.47496617 0.4681425 0.55689126	0.9999999999843975
