ID	BITRATE	START_IDX	CAPTURE_START_IDX	KEY	CAPTURE_KEY	CORRELATION
896970_6500	1832.0	51	4	432146.0 0.54001886 0.4599811	432146.0 0.5457091 0.4542909	1.0000000000000000
80093138_7050	2102.0	3	8	466196.0 0.57370293 0.4262971	466204.0 0.57991135 0.42008862	1.0000000000000000
81080637_3500	1011.0	3	9	322736.0 0.6154535 0.3845465	322740.0 0.60682595 0.39317408	1.0000000000000000
80144140_6500	609.0	79	11	360267.0 0.4484313 0.5515687	360242.0 0.45553267 0.54446733	1.0000000000000000
80135164_2000	563.0	5	13	374475.0 0.47684893 0.5231511	374475.0 0.47684625 0.5231537	1.0000000000000000
70167075_3500	1000.0	6	14	412190.0 0.47594556 0.52405447	412214.0 0.475258 0.524742	0.9999999999999999
80216541_7050	2294.0	22	16	441830.0 0.4496322 0.5503678	441817.0 0.4507364 0.5492636	1.0000000000000000
896970_1200	446.0	17	17	438815.0 0.5469936 0.4530064	438797.0 0.5530439 0.4469561	1.0000000000000000
80993095_15000	1411.0	6	18	377297.0 0.5258934 0.4741066	377313.0 0.5197886 0.48021138	1.0000000000000000
70019012_7050	1761.0	9	26	452304.0 0.42833138 0.5716686	452291.0 0.42179483 0.57820517	1.0000000000000000
80135164_3500	915.0	23	27	622439.0 0.42014718 0.5798528	622439.0 0.4201488 0.5798512	1.0000000000000000
80135164_4800	1176.0	28	28	804185.0 0.44880593 0.5511941	804183.0 0.4488058 0.5511942	1.0000000000000000
80135164_3500	915.0	25	29	639485.0 0.69315153 0.30684847	639483.0 0.6931552 0.30684474	0.9999999999999999
80135164_3500	915.0	26	30	565759.0 0.34683496 0.65316504	565754.0 0.34683272 0.6531673	1.0000000000000000
80135164_4200	1203.0	24	31	679035.0 0.54420024 0.4557998	679036.0 0.5442009 0.4557991	1.0000000000000000
80135164_4800	1176.0	32	32	625065.0 0.49515492 0.5048451	625063.0 0.4951565 0.50484353	1.0000000000000000
80135164_4800	1176.0	33	33	723504.0 0.43615654 0.5638435	723501.0 0.4361556 0.56384444	1.0000000000000000
80135164_4800	1176.0	34	34	604267.0 0.6751039 0.32489613	604267.0 0.67510223 0.32489777	1.0000000000000000
80135164_4800	1176.0	35	35	700779.0 0.2801511 0.71984893	700781.0 0.28015172 0.7198483	1.0000000000000000
80135164_4800	1176.0	36	36	1140882.0 0.4421623 0.5578377	1140883.0 0.44216278 0.55783725	1.0000000000000000
70298735_5500	468.0	41	44	213568.0 0.47462636 0.52537364	213563.0 0.47916073 0.5208393	1.0000000000000000
80106307_600	427.0	35	46	333717.0 0.32909322 0.6709068	333717.0 0.33645874 0.66354126	1.0000000000000000
70097579_600	287.0	17	49	229618.0 0.49304932 0.5069507	229625.0 0.4971976 0.5028024	1.0000000000000000
80191608_2000	608.0	54	50	232337.0 0.4970065 0.5029935	232320.0 0.4969697 0.5030303	1.0000000000000000
80013870_20000	1108.0	14	53	1002560.0 0.45161986 0.54838014	1002566.0 0.4517568 0.5482432	1.0000000000000000
14607635_5500	945.0	22	56	573259.0 0.34643677 0.6535632	573255.0 0.35419315 0.64580685	1.0000000000000000
80232502_4800	1104.0	58	60	824505.0 0.44624594 0.5537541	824525.0 0.43984112 0.5601589	0.9999999999999999
70264803_3500	1023.0	57	71	1460678.0 0.5589843 0.44101575	1460659.0 0.5543491 0.4456509	1.0000000000000000
