ID	BITRATE	START_IDX	CAPTURE_START_IDX	KEY	CAPTURE_KEY	CORRELATION
328438_1200	354.0	28	1	280054.0 0.61840934 0.3815907	280031.0 0.62306315 0.37693685	1.0000000000000000
80184100_4200	809.0	27	2	304138.0 0.35374072 0.64625925	304149.0 0.347047 0.65295297	1.0000000000000000
70123920_20000	1578.0	17	3	310398.0 0.6326748 0.3673252	310401.0 0.63980144 0.3601986	1.0000000000000000
80096067_4200	981.0	27	5	379434.0 0.4854362 0.5145638	379450.0 0.47586244 0.52413756	1.0000000000000000
60000870_2000	515.0	56	6	309284.0 0.634252 0.365748	309282.0 0.6430507 0.35694933	1.0000000000000000
80184100_4200	809.0	27	12	304138.0 0.35374072 0.64625925	304149.0 0.347047 0.65295297	1.0000000000000000
70297757_800	367.0	0	13	315025.0 0.62311244 0.37688756	315038.0 0.63038427 0.36961573	1.0000000000000000
80009431_20000	3357.0	13	14	296989.0 0.40083304 0.599167	297009.0 0.39205208 0.6079479	1.0000000000000000
80096067_4200	981.0	27	15	379434.0 0.4854362 0.5145638	379450.0 0.47586244 0.52413756	1.0000000000000000
70216224_2000	569.0	20	16	391156.0 0.5011837 0.49881634	391170.0 0.5084337 0.49156633	1.0000000000000000
80134721_2000	915.0	17	22	489098.0 0.5938605 0.40613946	489103.0 0.59385854 0.40614146	1.0000000000000000
1151721_600	304.0	6	23	316583.0 0.6213252 0.37867478	316562.0 0.6275074 0.37249258	1.0000000000000000
70097579_1200	449.0	10	34	309112.0 0.64278644 0.35721356	309119.0 0.64287215 0.35712785	1.0000000000000000
