ID	BITRATE	START_IDX	CAPTURE_START_IDX	KEY	CAPTURE_KEY	CORRELATION
80134721_5500	2300.0	6	4	314601.34 0.53321767 0.33551985 0.6312624	314601.34 0.53321767 0.33552304 0.6312592	0.9999999999918816
80134721_5500	2300.0	7	5	382021.34 0.27630654 0.5198558 0.70383763	382020.0 0.27631015 0.51985496 0.7038349	0.9999999999979106
80134721_5500	2300.0	8	6	444241.34 0.4470453 0.6052588 0.44769585	444239.34 0.44704506 0.60525703 0.44769785	0.9999999999228292
80134721_7050	2998.0	25	22	4294012.5 0.8822387 0.046269078 0.57149225	4294014.5 0.88223827 0.046269987 0.5714918	0.9999999999996936
80134721_7050	2998.0	26	23	5267100.5 0.037720945 0.46591005 0.99636906	5267080.5 0.037721846 0.46591163 0.99636656	0.9999999999965521
80134721_7050	2998.0	27	24	5267080.5 0.4659118 0.9963728 0.03771539	5267060.0 0.46591344 0.99637043 0.037716106	0.9999999999962131
80134721_7050	2998.0	28	25	4442448.0 1.1813252 0.044716336 0.2739584	4442428.0 1.1813232 0.044717215 0.27395964	0.9999999999996206
80134721_7050	2998.0	29	26	1076366.0 0.18455619 1.130699 0.18474478	1076367.4 0.18455873 1.1306976 0.18474361	0.9999999999942142
80134721_4800	2163.0	29	29	3857862.8 0.15731896 0.5858557 0.75682527	3857884.0 0.15731862 0.58585304 0.75682837	0.9999999999617974
80134721_6500	2590.0	33	30	3585779.2 0.6303101 0.8142517 0.055438157	3585799.2 0.6303066 0.8142553 0.055438127	0.9999999999625002
80134721_4800	2163.0	31	31	3566152.0 0.81873345 0.05574272 0.6255238	3566173.2 0.81873643 0.055743225 0.62552035	0.9999999999670915
80134721_6500	2590.0	35	32	1751984.0 0.11346508 1.2732337 0.11330126	1752002.0 0.11346448 1.2732371 0.11329839	0.9999999999985500
80134721_4800	2163.0	35	36	3141987.2 0.63779956 0.79895234 0.06324819	3141984.8 0.6377994 0.79895264 0.06324792	0.9999999999998977
