ID	BITRATE	START_IDX	CAPTURE_START_IDX	KEY	CAPTURE_KEY	CORRELATION
80144140_4200	561.0	65	70	502840.0 1.5310159 1.4824159	502840.4 1.5402919 1.4731493	0.9996747083813953
80144140_6500	609.0	64	71	454978.6 1.9948411 1.0977725	454979.4 1.9948419 1.0977662	0.9999999999030234
80144140_6500	609.0	65	72	505605.2 1.2822455 0.85819924	505605.8 1.282242 0.85820216	0.9999999999077798
80144140_6500	609.0	66	73	443068.6 1.3424964 1.6315826	443069.0 1.3424975 1.6315833	0.9999999999034679
80144140_5500	566.0	74	74	462782.6 1.9563636 0.96987224	462777.2 1.9563907 0.9698209	0.9999999900907964
80144140_5500	566.0	75	75	444610.4 1.457584 1.0792618	444605.0 1.4575319 1.0792749	0.9999999594897664
80144140_5500	566.0	76	76	531707.6 1.9616382 1.0298367	531695.4 1.9616853 1.0298642	0.9999999971180571
80144140_5500	566.0	77	77	584663.0 1.212885 0.9133022	584656.6 1.2128948 0.9132574	0.9999999971974589
80144140_5500	566.0	78	78	518910.0 1.4119712 1.6189821	518902.2 1.4119308 1.6190084	0.9999999972589437
80144140_5500	566.0	79	79	578531.8 2.226716 0.88306123	578530.4 2.2267232 0.88305646	0.9999999999369831
80144140_5500	566.0	80	80	716618.2 0.96553785 0.76299626	716616.4 0.9655333 0.7629954	0.9999999999599044
80144140_5500	566.0	81	81	604508.0 1.3237311 1.939091	604505.8 1.3237358 1.9390963	0.9999999999422592
80144140_5500	566.0	82	82	620393.2 2.0538282 0.84634876	620391.8 2.0538294 0.84634256	0.9999999999490642
80144140_5500	566.0	83	83	719348.4 0.99929327 0.90548337	719347.0 0.99928546 0.9054851	0.9999999999468674
80144140_5500	566.0	84	84	610235.8 1.4177552 1.8243308	610233.2 1.417763 1.8243387	0.9999999999393808
80144140_6500	609.0	78	85	644114.0 2.0993986 0.8327222	644103.6 2.0994325 0.83272934	0.9999999982919184
80144140_6500	609.0	79	86	611321.6 1.3290304 1.089402	611316.0 1.329036 1.0893728	0.9999999959584632
