ID	BITRATE	START_IDX	CAPTURE_START_IDX	KEY	CAPTURE_KEY	CORRELATION
80144140_7050	572.0	9	7	1026883.2 0.95264196 0.80712104 0.3418529 0.19348355 0.20490062	1026886.0 0.95264226 0.80711883 0.34185585 0.19348301 0.20490006	0.9999999999867125
80144140_7050	572.0	10	8	703377.6 1.1783414 0.49908185 0.28247273 0.29914087 0.24096303	703380.0 1.1783375 0.49908584 0.28247178 0.29913986 0.24096505	0.9999999999796902
80144140_6500	609.0	4	9	451377.2 0.77771986 0.44017068 0.4661445 0.37549084 0.44047418	451380.4 0.7777187 0.44017196 0.46614563 0.3754926 0.44047105	0.9999999999255864
80144140_7050	572.0	27	27	695317.6 0.3408586 0.21957734 0.51286346 1.06614 0.3605604	695317.6 0.34086004 0.21957591 0.512862 1.0661386 0.36056328	0.9999999999842147
80144140_7050	572.0	28	28	656802.8 0.23245333 0.5429377 1.1286584 0.38170362 0.21424694	656802.4 0.23245196 0.5429365 1.1286576 0.3817069 0.2142471	0.9999999999875265
80144140_5500	566.0	37	37	530663.6 0.20696726 0.214081 0.9114022 0.7461525 0.42139688	530662.8 0.2069657 0.21407944 0.9114055 0.7461518 0.42139754	0.9999999999919593
80144140_5500	566.0	38	38	931723.2 0.12192999 0.5190898 0.4249717 0.24000691 1.1940017	931723.2 0.121928915 0.5190909 0.42497063 0.24000691 1.1940027	0.9999999999983070
80144140_5500	566.0	39	39	1044918.8 0.462857 0.3789347 0.21400705 1.0646559 0.37954527	1044918.8 0.46285796 0.37893376 0.21400705 1.0646569 0.37954432	0.9999999999972087
80144140_5500	566.0	40	40	1146289.2 0.34542415 0.19508165 0.9705046 0.34598073 0.6430087	1146288.4 0.34542355 0.1950818 0.97050625 0.34598014 0.64300835	0.9999999999978687
80144140_5500	566.0	41	41	1116615.2 0.20026594 0.99629575 0.35517517 0.66009665 0.2881664	1116616.4 0.20026574 0.99629563 0.35517392 0.6600951 0.28816968	0.9999999999841647
80144140_7050	572.0	44	42	1106584.0 1.0053263 0.35839394 0.6660787 0.29078227 0.17941882	1106584.8 1.0053275 0.3583937 0.6660791 0.29078206 0.1794178	0.9999999999998067
80144140_6500	609.0	36	43	741085.2 0.5351517 0.994582 0.43419436 0.26790577 0.2681662	741086.8 0.5351505 0.9945839 0.4341934 0.26790518 0.26816696	0.9999999999938434
80144140_6500	609.0	37	44	833781.2 0.8840089 0.38592258 0.23812123 0.2383527 0.7535946	833784.0 0.88400954 0.3859213 0.23812042 0.2383531 0.75359565	0.9999999999966902
80144140_6500	609.0	38	45	824909.6 0.39007303 0.24068213 0.24091609 0.7616992 0.8666295	824911.6 0.39007208 0.24068154 0.24091671 0.761701 0.8666286	0.9999999999921775
80144140_6500	609.0	39	46	752579.2 0.2638141 0.26407054 0.83490616 0.9499213 0.18728793	752580.8 0.26381353 0.26407132 0.83490837 0.9499206 0.1872862	0.9999999999927147
80144140_6500	609.0	40	47	737700.8 0.26939648 0.851745 0.96907985 0.19106527 0.21871333	737702.8 0.2693971 0.8517468 0.9690786 0.19106339 0.21871409	0.9999999999920504
80144140_6500	609.0	41	48	792952.8 0.7923965 0.90155554 0.17775206 0.20347364 0.42482224	792954.8 0.7923982 0.9015545 0.17775035 0.20347439 0.42482245	0.9999999999917686
80144140_10000	585.0	59	58	584122.4 0.72519904 0.532082 0.25206363 0.29423115 0.69642425	584122.4 0.72519904 0.5320854 0.25205848 0.29423115 0.696426	0.9999999999335486
80144140_10000	585.0	60	59	494183.6 0.6289181 0.29793787 0.34777966 0.82316977 0.40219465	494182.8 0.6289231 0.29793227 0.3477802 0.8231731 0.40219125	0.9999999999224186
80144140_10000	585.0	61	60	463541.2 0.31763303 0.37076965 0.8775855 0.42878175 0.5052302	463539.6 0.31762767 0.37077093 0.8775906 0.42877892 0.5052319	0.9999999999406821
80144140_10000	585.0	62	61	451851.6 0.38036162 0.90028894 0.4398745 0.5183007 0.26117426	451852.0 0.38036126 0.90029037 0.4398697 0.51830024 0.26117843	0.9999999999085835
80144140_10000	585.0	63	62	454905.2 0.8942457 0.4369218 0.5148216 0.25942108 0.39458993	454906.8 0.8942447 0.43691584 0.51481974 0.25942457 0.39459512	0.9999999998471304
80144140_5500	566.0	66	65	395895.2 0.29809657 0.45341042 0.38928232 0.49885932 0.86035144	395895.6 0.29809374 0.45341247 0.38928697 0.4988588 0.86034805	0.9999999998997147
80144140_2000	526.0	63	72	390258.0 0.29459485 0.91682684 0.29233482 0.51994324 0.4763003	390256.8 0.2945932 0.9168296 0.29233316 0.5199448 0.47629917	0.9999999999941122
80144140_6500	609.0	72	78	316742.4 0.3663229 0.52677506 0.46993077 0.508009 0.6289622	316743.2 0.366322 0.5267832 0.4699296 0.50800776 0.6289575	0.9999999987419111
80144140_6500	609.0	73	79	343318.0 0.4859984 0.43355432 0.468685 0.5802754 0.53148687	343319.2 0.48600546 0.4335528 0.4686834 0.5802705 0.53148794	0.9999999972101498
80144140_6500	609.0	74	80	501844.4 0.2965999 0.32063323 0.39697364 0.36359677 1.1221964	501844.0 0.29660013 0.3206335 0.39697197 0.36359903 1.1221954	0.9999999999922080
80144140_6500	609.0	75	81	506927.6 0.3174181 0.392993 0.3599508 1.1109437 0.31869444	506928.0 0.31741786 0.3929907 0.3599525 1.1109408 0.3186981	0.9999999999807853
80144140_6500	609.0	76	82	522049.2 0.38160965 0.34952453 1.0787642 0.30946317 0.38063845	522049.2 0.3816077 0.34952646 1.0787623 0.30946702 0.38063654	0.9999999999730718
80144140_6500	609.0	77	83	621609.6 0.29354274 0.9059834 0.25989783 0.3196733 0.7209026	621610.4 0.293544 0.9059807 0.25990075 0.3196713 0.72090334	0.9999999999782597
80144140_7050	572.0	95	90	409853.2 0.24882324 0.47278392 0.52166486 0.58308196 0.6736461	409854.8 0.2488247 0.4727796 0.5216652 0.5830845 0.67364585	0.9999999998645162
80144140_20000	592.0	96	91	476680.8 0.40650052 0.44853285 0.50134385 0.5792073 0.5644154	476680.4 0.40650088 0.44853324 0.5013422 0.5792078 0.5644159	0.9999999999193164
80144140_20000	592.0	97	92	442723.2 0.48293608 0.5397978 0.6236335 0.607707 0.24592568	442722.4 0.48293692 0.5397965 0.6236346 0.6077081 0.24592385	0.9999999999806466
80144140_20000	592.0	98	93	400014.0 0.5974316 0.6902183 0.67259145 0.27218297 0.26757562	400013.6 0.5974297 0.69021904 0.67259216 0.27218074 0.2675784	0.9999999999527522
80144140_10000	585.0	98	96	280109.6 0.3886943 0.38211474 0.5908116 0.4274184 0.710961	280107.6 0.38869348 0.38212103 0.5908051 0.4274179 0.71096253	0.9999999995514768
