ID	BITRATE	START_IDX	CAPTURE_START_IDX	KEY	CAPTURE_KEY	CORRELATION
80144140_7050	572.0	9	7	1438742.6 0.6799354 0.57607174 0.24399291	1438747.4 0.6799352 0.57606983 0.24399489	0.9999999999850796
80144140_7050	572.0	10	8	919031.3 0.9018398 0.38197067 0.2161896	919034.0 0.90183717 0.3819739 0.21618895	0.9999999999773437
80144140_7050	572.0	11	9	506758.0 0.69272316 0.39207077 0.41520607	506760.66 0.6927274 0.3920687 0.4152039	0.9999999999982265
80144140_7050	572.0	12	10	385721.34 0.5150998 0.54549485 0.4394053	385722.66 0.5150981 0.54549295 0.439409	0.9999999998838190
80144140_6500	609.0	6	11	385810.0 0.5453643 0.43930432 0.5153314	385812.66 0.54536575 0.43930647 0.5153278	0.9999999985896751
80144140_20000	592.0	16	14	528446.7 0.41923055 0.73192054 0.34884882	528446.7 0.41922677 0.73192054 0.3488526	0.9999999998328805
80144140_6500	609.0	10	15	682432.7 0.566768 0.27017903 0.6630529	682412.7 0.5667846 0.27014446 0.6630709	0.9999999995146048
80144140_7050	572.0	18	17	660019.3 0.6856118 0.33743557 0.4769527	659998.7 0.68558925 0.3374446 0.4769661	0.9999999984514027
80144140_20000	592.0	26	23	357337.34 0.46967384 0.47439486 0.55593127	357338.0 0.46967578 0.4743968 0.55592746	0.9999999999947395
80144140_7050	572.0	27	27	497522.66 0.47637028 0.30687246 0.7167573	497522.0 0.4763729 0.30687085 0.7167562	0.9999999999371358
80144140_7050	572.0	28	28	833723.3 0.1831255 0.42772344 0.8891511	833721.3 0.18312474 0.42772326 0.88915205	1.0000000000000000
80144140_7050	572.0	29	29	899075.3 0.39663306 0.82452047 0.2788465	899075.3 0.39663196 0.82451934 0.2788487	0.9999999999875064
80144140_7050	572.0	30	30	755152.0 0.9816646 0.33199143 0.18634394	755152.7 0.9816624 0.3319938 0.18634377	0.9999999999931485
80144140_15000	594.0	30	32	498734.66 0.28214803 0.7214999 0.4963521	498735.34 0.28214964 0.7214949 0.49635544	0.9999999999158259
80144140_5500	566.0	33	33	626313.3 0.57453036 0.39524946 0.53022027	626312.7 0.5745293 0.39524984 0.5302208	0.9999999999745537
80144140_6500	609.0	30	37	471389.34 0.23299 0.24100249 1.0260075	471388.0 0.23299065 0.24099892 1.0260104	0.9999999999890481
80144140_5500	566.0	38	38	662139.3 0.17157266 0.7304324 0.597995	662138.7 0.17157131 0.7304346 0.597994	0.9999999999904960
80144140_5500	566.0	39	39	735482.7 0.65759265 0.5383621 0.30404523	735482.7 0.657594 0.5383607 0.30404523	0.9999999999745682
80144140_5500	566.0	40	40	1154703.4 0.3429071 0.19366013 0.9634327	1154703.4 0.34290624 0.19366013 0.96343356	0.9999999999990496
80144140_5500	566.0	41	41	1155128.6 0.19358884 0.963078 0.34333318	1155128.6 0.19358884 0.9630789 0.34333232	0.9999999999990474
80144140_7050	572.0	44	42	1497428.6 0.7429256 0.26484936 0.49222514	1497430.6 0.7429259 0.264849 0.49222514	0.9999999999999969
80144140_7050	572.0	45	43	970293.3 0.40873516 0.7596383 0.33162653	970294.0 0.4087349 0.75963885 0.3316263	0.9999999999999029
80144140_7050	572.0	46	44	838259.3 0.8792888 0.38386095 0.23685034	838259.3 0.87929 0.38386095 0.23684914	0.9999999999994391
80144140_6500	609.0	38	45	479366.66 0.6712503 0.41417357 0.41457617	479367.34 0.67124933 0.41417298 0.41457766	0.9999999999752296
80144140_6500	609.0	39	46	683738.7 0.29037556 0.29065782 0.9189666	683741.3 0.29037443 0.29065818 0.9189674	0.9999999999979736
80144140_6500	609.0	40	47	1027972.0 0.19332628 0.6112355 0.6954382	1027975.3 0.19332662 0.61123645 0.69543695	0.9999999999923951
80144140_7050	572.0	50	48	989447.3 0.63503534 0.72251546 0.14244922	989450.7 0.63503516 0.72251403 0.14245076	0.9999999999989201
80144140_6500	609.0	42	49	678123.3 1.0542197 0.20785157 0.2379287	678124.0 1.0542202 0.20784989 0.23792994	0.9999999999954583
80144140_6500	609.0	43	50	426105.34 0.3307844 0.3786505 0.7905651	426106.0 0.33078155 0.37865227 0.7905662	0.9999999999618490
80144140_6500	609.0	51	58	587761.3 0.72071093 0.52878946 0.25049964	587760.7 0.72071 0.5287917 0.2504982	0.9999999999658596
80144140_6500	609.0	52	59	419936.0 0.74011755 0.35061058 0.4092719	419935.34 0.74012107 0.35060874 0.40927014	0.9999999999983280
80144140_10000	585.0	61	60	483933.34 0.3042485 0.35514602 0.84060544	483932.0 0.30424315 0.355147 0.84060985	0.9999999999542609
80144140_10000	585.0	62	61	518281.34 0.33160946 0.7848961 0.3834944	518280.66 0.3316099 0.78489906 0.38349107	0.9999999999623835
80144140_10000	585.0	63	62	559833.3 0.7266395 0.3550307 0.41832986	559832.7 0.7266421 0.3550275 0.41833034	0.9999999999739471
80144140_10000	585.0	64	63	367310.0 0.54111785 0.63759494 0.32128718	367310.0 0.5411124 0.63759494 0.32129264	0.9999999996952259
80144140_6500	609.0	57	64	354475.34 0.66068065 0.33292583 0.5063935	354475.34 0.66068065 0.33292583 0.5063935	1.0000000000000000
80144140_5500	566.0	66	65	301088.66 0.39196098 0.5961799 0.5118592	301090.0 0.39195588 0.59618056 0.5118636	0.9999999994239582
80144140_5500	566.0	67	66	354076.0 0.50696176 0.43525967 0.55777854	354078.0 0.50696176 0.43526286 0.5577754	0.9999999999899015
80144140_5500	566.0	68	67	461480.0 0.33395815 0.4279622 0.73807967	461480.66 0.333962 0.4279616 0.73807645	0.9999999999729087
80144140_6500	609.0	66	72	391234.0 0.2938574 0.91453964 0.29160297	391234.0 0.2938574 0.91453964 0.29160297	1.0000000000000000
80144140_6500	609.0	67	73	449864.66 0.7953481 0.25359848 0.45105344	449864.0 0.79534924 0.25359887 0.45105186	0.9999999999893061
80144140_2000	526.0	65	74	335252.0 0.34029925 0.60525215 0.5544486	335250.66 0.3402976 0.6052546 0.5544478	0.9999999999565183
80144140_10000	585.0	78	75	391361.34 0.5184774 0.47496003 0.50656253	391361.34 0.5184774 0.47495493 0.50656766	0.9999999869315757
80144140_10000	585.0	79	76	333440.0 0.5574646 0.59455675 0.34797865	333440.0 0.55745864 0.59456277 0.34797865	0.9999999990021826
80168188_2000	812.0	27	77	320740.66 0.6132244 0.36128256 0.5254931	320757.34 0.61807156 0.36173764 0.5201907	0.9992816598339942
80144140_6500	609.0	72	78	287819.34 0.40313482 0.57971084 0.5171543	287821.34 0.40313202 0.5797173 0.51715064	0.9999999990841056
80144140_6500	609.0	73	79	317738.0 0.5251245 0.4684583 0.5064172	317740.0 0.5251306 0.46845534 0.50641406	0.9999999923010695
80144140_6500	609.0	74	80	339316.0 0.4386678 0.47421283 0.5871194	339315.34 0.43866864 0.47421375 0.58711755	0.9999999999873331
80144140_6500	609.0	75	81	361730.66 0.4448282 0.5507385 0.50443333	361730.66 0.4448282 0.5507357 0.5044361	0.9999999989021874
80144140_6500	609.0	76	82	629904.0 0.31626883 0.28967747 0.8940537	629903.3 0.31626758 0.28967938 0.8940531	0.9999999999896920
80144140_6500	609.0	77	83	604794.7 0.30170405 0.9311722 0.2671237	604796.0 0.30170503 0.9311685 0.26712644	0.9999999999981684
80144140_6500	609.0	78	84	615623.3 0.9147932 0.2624251 0.3227818	615623.3 0.9147915 0.26242834 0.32278016	0.9999999999794644
80144140_6500	609.0	79	85	538924.7 0.29977286 0.36871943 0.8315076	538926.0 0.29977584 0.36871666 0.8315075	0.9999999999521969
80144140_20000	592.0	92	86	600176.0 0.33109123 0.74664766 0.42226115	600173.3 0.33108938 0.74665266 0.42225802	0.9999999999758661
80144140_7050	572.0	95	90	339706.0 0.3002037 0.5704109 0.6293854	339706.66 0.30020607 0.57040685 0.62938714	0.9999999998351152
80144140_7050	572.0	96	91	431037.34 0.44954807 0.49602664 0.5544253	431038.66 0.44954437 0.49602744 0.5544282	0.9999999998546190
80144140_7050	572.0	97	92	485920.0 0.44000247 0.49180523 0.5681923	485922.66 0.4400021 0.49180666 0.56819123	0.9999999998323167
80144140_20000	592.0	98	93	522749.34 0.45716175 0.52816325 0.51467496	522748.66 0.45716044 0.52816397 0.5146756	0.9999999999862786
80144140_20000	592.0	99	94	436013.34 0.6332306 0.6170591 0.24971025	436012.66 0.63323164 0.61706007 0.24970835	0.9999999999999741
80144140_20000	592.0	100	95	323304.66 0.83217484 0.33676285 0.33106235	323304.66 0.83217484 0.33675978 0.33106545	0.9999999999422081
80144140_10000	585.0	98	96	254268.67 0.42819667 0.42094845 0.6508549	254266.67 0.4281961 0.4209557 0.65084815	0.9999999995899730
80144140_10000	585.0	99	97	261500.0 0.40930784 0.6328566 0.45783556	261498.0 0.40931478 0.63285 0.45783523	0.9999999997959930
80144140_10000	585.0	100	98	322908.66 0.51250404 0.37076738 0.6167286	322905.34 0.51250005 0.3707681 0.6167318	0.9999999995837350
