ID	BITRATE	START_IDX	CAPTURE_START_IDX	KEY	CAPTURE_KEY	CORRELATION
80144140_20000	592.0	13	20	746084.0 1.3984699 1.0370414 2.513698	746070.94 1.3984072 1.0370569 2.5137086	0.9999999988679179
80144140_20000	592.0	14	21	728705.2 1.0617737 2.573647 1.5784258	728684.94 1.0618005 2.5736842 1.5784655	0.9999999988455901
80144140_20000	592.0	15	22	700148.4 2.678618 1.6428046 1.53636	700136.4 2.6786282 1.6428285 1.5363007	0.9999999988214539
80144140_20000	592.0	16	23	859948.94 1.3375294 1.250865 0.9441328	859940.94 1.3375384 1.2508068 0.94414043	0.9999999990496976
80144140_20000	592.0	17	24	747134.1 1.4397415 1.0866938 2.487623	747125.2 1.4396784 1.0867054 2.4876528	0.9999999990773867
80144140_20000	592.0	18	25	711145.3 1.1416879 2.6135137 1.8073634	711124.94 1.1417192 2.6135886 1.8073673	0.9999999986750172
80144140_20000	592.0	19	26	777227.44 2.3913052 1.6536962 1.8401358	777214.56 2.3913448 1.6536797 1.8400903	0.9999999989028701
80144140_20000	592.0	20	27	839464.0 1.5310936 1.7037109 0.91519827	839450.7 1.5310774 1.7036676 0.91520923	0.9999999989392816
80144140_20000	592.0	21	28	803653.9 1.7796268 0.9559787 2.0615914	803636.0 1.779593 0.9559963 2.0616324	0.9999999989417194
