ID	BITRATE	START_IDX	CAPTURE_START_IDX	KEY	CAPTURE_KEY	CORRELATION
80144140_20000	592.0	13	20	549007.8 1.2074455 0.7250553 0.8822188 0.80920345 0.7045091	548995.8 1.2074683 0.7250693 0.88213426 0.8092193 0.70452267	0.9999999923300105
80144140_20000	592.0	14	21	777334.8 0.51208436 0.6230841 0.5715156 1.8919609 0.23715392	777323.6 0.51209044 0.6230198 0.5715226 1.8919854 0.23715863	0.9999999990835294
80144140_20000	592.0	15	22	793075.2 0.61071765 0.5601726 1.8544105 0.90170515 0.5705474	793063.2 0.610655 0.5601798 1.854436 0.9017163 0.57055855	0.9999999991142258
80144140_20000	592.0	16	23	808560.8 0.54944414 1.8188947 0.88443565 0.7220793 0.24641189	808542.2 0.5494556 1.8189342 0.88445354 0.7220613 0.24641757	0.9999999990617582
80144140_20000	592.0	17	24	779397.2 1.8869544 0.91752964 0.7490982 0.47096783 0.40393654	779384.2 1.8869834 0.91754234 0.74907476 0.4709744 0.4039048	0.9999999990904386
80144140_20000	592.0	18	25	908182.4 0.78741896 0.642872 0.40418205 0.5333136 0.24523489	908169.8 0.7874276 0.64285004 0.40418652 0.533289 0.24523717	0.9999999990937610
80144140_20000	592.0	19	26	800417.0 0.729426 0.45859972 0.6051171 0.5264418 1.3541766	800403.8 0.7294031 0.458606 0.6050908 0.52644926 1.3541977	0.9999999991003460
80144140_20000	592.0	20	27	678579.6 0.5409402 0.7137644 0.6209632 1.9549953 0.78218085	678560.8 0.54095376 0.7137415 0.62097895 1.9550495 0.78219813	0.9999999990889724
80144140_20000	592.0	21	28	693428.2 0.6984804 0.6076664 1.9131325 1.1072235 0.18943274	693415.2 0.6984517 0.6076763 1.9131683 1.10724 0.18939303	0.9999999990812127
80144140_20000	592.0	22	29	661335.4 0.63715476 2.0059717 1.1609541 0.42948556 0.25377744	661328.4 0.63716 2.005993 1.1609619 0.42944172 0.2537786	0.9999999995068197
80144140_20000	592.0	23	30	693945.4 1.9117067 1.1063983 0.4093031 0.7557713 0.24428292	693932.2 1.911743 1.106415 0.40926477 0.75573957 0.244289	0.9999999990709020
80144140_20000	592.0	24	31	634237.0 1.210557 0.44783574 0.82692116 1.436094 0.31321886	634224.2 1.2105767 0.44779435 0.8268874 1.4361247 0.3132252	0.9999999979618631
80144140_20000	592.0	25	32	555085.0 0.5116946 0.9448355 1.6408731 0.6113892 0.43725556	555072.4 0.5116486 0.9447993 1.6409122 0.6114014 0.4372673	0.9999999975836417
80144140_20000	592.0	26	33	562088.0 0.93306386 1.6204295 0.603772 0.8778323 0.4216564	562080.6 0.93301916 1.6204525 0.6037781 0.877842 0.4216619	0.9999999985586377
80144140_20000	592.0	41	49	1001649.2 0.31163505 1.2187401 1.0226005 0.544496 1.1106483	1001650.4 0.31163168 1.2187406 1.0226053 0.5444954 1.110648	0.9999999999843734
80144140_20000	592.0	42	50	971587.2 1.2564492 1.054241 0.5613434 1.3110774 0.40819085	971588.0 1.2564503 1.0542462 0.5613429 1.3110783 0.40819052	0.9999999999830143
80144140_4200	561.0	63	81	459305.2 1.3647679 0.6831449 1.1732047 0.8439247 0.4343452	459305.4 1.3647695 0.6831402 1.1731976 0.84393084 0.43434498	0.9999999998530446
80144140_4200	561.0	64	82	491238.6 0.6387365 1.0969394 0.78906465 0.7845027 0.23403496	491238.2 0.6387329 1.0969343 0.7890714 0.7845013 0.23403718	0.9999999998503757
80144140_6500	609.0	80	101	481723.6 0.85639566 1.4263408 0.9489654 0.7521056 0.21170232	481724.2 0.85639876 1.4263307 0.9489621 0.7521088 0.2117062	0.9999999998932227
80144140_5500	566.0	88	102	469927.6 1.4621359 0.97278816 0.77098686 0.47178972 0.41234225	469939.4 1.4620992 0.9727594 0.7709696 0.47177997 0.41233402	0.9999999959797495
80144140_5500	566.0	89	103	406744.8 1.1238987 0.89075017 0.54507643 0.73954475 0.5256539	406751.0 1.1238768 0.890739 0.5450706 0.73953354 0.5257172	0.9999999906463207
80144140_5500	566.0	90	104	417727.2 0.8673316 0.5307459 0.72010154 0.9878289 0.5720911	417733.2 0.86732155 0.5307407 0.7200912 0.98788893 0.57208526	0.9999999908178154
80144140_5500	566.0	91	105	366695.6 0.60460776 0.8203153 1.1253012 1.1030048 0.7529324	366701.6 0.6046006 0.8203019 1.1253674 1.1029867 0.75291467	0.9999999893411989
