ID	BITRATE	START_IDX	CAPTURE_START_IDX	KEY	CAPTURE_KEY	CORRELATION
80144140_5500	566.0	38	43	836404.6 0.13582541 0.5782464 0.47340244 0.26735863 1.3300728 0.47416523 0.88124096 0.38470733 0.23737435 0.23760629	836404.4 0.13582546 0.5782466 0.4734026 0.26735392 1.3300755 0.4741606 0.88124 0.38471225 0.23737681 0.23760636	0.9999999999664314
80144140_5500	566.0	39	44	939356.4 0.51487166 0.42151842 0.23805661 1.1842992 0.42219758 0.78465855 0.3425441 0.21135855 0.21156508 0.66893035	939350.2 0.51487505 0.4215212 0.23805393 1.1843091 0.42219612 0.78466266 0.34255064 0.21136206 0.21156646 0.6689028	0.9999999994377208
80144140_5500	566.0	40	45	985605.2 0.40173897 0.22688597 1.1287268 0.40238628 0.747839 0.3264705 0.2014407 0.20163754 0.6375413 0.72533303	985598.6 0.40174162 0.22688343 1.1287364 0.4023849 0.74784297 0.32647672 0.20144407 0.20163888 0.63751507 0.72533584	0.9999999994791416
80144140_5500	566.0	41	46	934603.4 0.23926727 1.190322 0.42434472 0.78864896 0.34428614 0.21243343 0.212641 0.6723323 0.7649149 0.15080942	934597.2 0.23926458 1.190332 0.42434323 0.78865314 0.3442927 0.21243697 0.21264242 0.67230463 0.7649178 0.15081257	0.9999999995379419
80144140_6500	609.0	35	47	922141.8 1.2064066 0.4300781 0.7993022 0.34894308 0.2153042 0.21551348 0.6813843 0.7752506 0.15284958 0.17496766	922143.0 1.2064084 0.4300743 0.7993044 0.34894264 0.21530609 0.2155143 0.68138456 0.7752485 0.15284939 0.17496744	0.9999999999864064
80144140_4800	543.0	74	75	361024.8 0.5525853 0.3184518 0.99106485 0.3160032 0.549134 0.56203896 0.5148621 0.3213962 0.46216768 0.41229576	361025.0 0.55258775 0.31844887 0.99106157 0.31600583 0.5491282 0.5620442 0.5148618 0.32139602 0.4621702 0.41229555	0.9999999998679912
80144140_4800	543.0	75	76	353307.2 0.32540804 1.0127137 0.32290596 0.5611293 0.5743161 0.52610874 0.32841676 0.47226325 0.42130193 0.45543653	353307.0 0.3254054 1.0127113 0.32290897 0.5611239 0.57432204 0.52610904 0.32841694 0.47226632 0.42130214 0.45543393	0.9999999998678996
80144140_4800	543.0	76	77	366807.0 0.9754421 0.31102186 0.5404777 0.5531792 0.50674605 0.31632984 0.45488226 0.4057965 0.43867484 0.4974496	366807.4 0.9754383 0.31102425 0.5404716 0.55318403 0.5067455 0.31632948 0.4548845 0.40579605 0.43867162 0.49745452	0.9999999998305695
80144140_4800	543.0	77	78	335090.8 0.34045994 0.5916337 0.60553735 0.5547093 0.34627032 0.49793667 0.44420496 0.4801952 0.54453295 0.59451944	335091.4 0.34046233 0.59162664 0.60554224 0.55470836 0.3462697 0.49793875 0.44420418 0.48019138 0.54453796 0.59451836	0.9999999992706441
80144140_4800	543.0	78	79	424907.2 0.46657485 0.47753957 0.43745553 0.27307612 0.39268342 0.35030943 0.37869212 0.42943025 0.4688506 1.3253883	424907.6 0.4665697 0.47754383 0.43745512 0.27307585 0.39268538 0.3503091 0.3786894 0.42943454 0.46885017 1.325387	0.9999999999525468
80144140_4800	543.0	79	80	417568.2 0.48593262 0.44514406 0.27787557 0.39958504 0.35646632 0.38534784 0.43697774 0.47709095 1.3486828 0.3868973	417569.2 0.48593622 0.44514298 0.27787492 0.39958647 0.3564655 0.38534454 0.43698147 0.4770898 1.3486795 0.38689876	0.9999999999710355
80144140_5500	566.0	78	81	416734.2 0.4461093 0.2784269 0.4003823 0.35717732 0.38611904 0.43785465 0.47804335 1.3513818 0.38767397 0.47683153	416728.8 0.44604066 0.27843526 0.4003923 0.35718432 0.3861216 0.4378627 0.4780519 1.3513992 0.38767898 0.47683287	0.9999999968963086
80144140_5500	566.0	79	82	469176.4 0.2473057 0.35562956 0.3172538 0.34296057 0.38891342 0.42461002 1.200331 0.3443417 0.42353365 0.9551205	469177.2 0.24730955 0.35563323 0.3172554 0.34295785 0.3889149 0.42461145 1.2003291 0.34434113 0.4235287 0.9551189	0.9999999999652802
80144140_5500	566.0	80	83	482179.0 0.34603953 0.30869862 0.33371216 0.37842587 0.41315985 1.1679626 0.33505607 0.4121125 0.9293644 0.37546843	482179.2 0.34604356 0.3087006 0.33370996 0.37842777 0.41316175 1.1679621 0.33505595 0.4121082 0.929364 0.37546623	0.9999999999651376
80144140_5500	566.0	81	84	499494.2 0.29799747 0.32214388 0.36530754 0.39883748 1.1274745 0.3234412 0.39782646 0.8971476 0.36245266 0.50737125	499494.4 0.29799932 0.32214174 0.3653094 0.3988393 1.1274741 0.32344106 0.39782226 0.8971472 0.3624505 0.50737506	0.9999999999637706
80144140_5500	566.0	82	85	490121.6 0.32830423 0.37229332 0.40646443 1.1490352 0.32962635 0.40543407 0.9143037 0.36938384 0.51707375 0.20808102	490121.2 0.32830247 0.37229568 0.4064668 1.1490362 0.32962665 0.40543035 0.9143045 0.3693821 0.5170782 0.2080771	0.9999999999614373
80144140_5500	566.0	83	86	496694.0 0.36736703 0.40108597 1.1338309 0.32526466 0.40006927 0.9022054 0.36449605 0.5102317 0.20532763 0.3901215	496693.4 0.36736947 0.40108848 1.1338322 0.32526505 0.40006572 0.9022065 0.36449447 0.51023626 0.20532385 0.3901179	0.9999999999541582
80144140_5500	566.0	84	87	502961.6 0.39608788 1.1197017 0.3212114 0.39508384 0.89096266 0.35995394 0.50387347 0.20276897 0.38526005 0.42509606	502960.4 0.39609084 1.1197045 0.32121217 0.3950808 0.89096475 0.35995278 0.50387865 0.20276546 0.38525698 0.4250931	0.9999999999550927
80144140_6500	609.0	78	88	510919.0 1.1022648 0.31620473 0.38893053 0.87708616 0.3543458 0.4960258 0.19960503 0.37925974 0.41852817 0.4677493	510913.0 1.1022757 0.31621236 0.38893119 0.8770965 0.35434997 0.49603552 0.19960932 0.37926027 0.41847634 0.4677528	0.9999999978563519
80144140_6500	609.0	79	89	453504.8 0.35623658 0.43816954 0.9881262 0.39920634 0.55882317 0.22487523 0.4272744 0.47151428 0.52696687 0.6088072	453498.8 0.3562457 0.43817094 0.98813933 0.39921162 0.55883497 0.22488041 0.42727566 0.4714566 0.52697164 0.60881305	0.9999999949554268
