ID	BITRATE	START_IDX	CAPTURE_START_IDX	KEY	CAPTURE_KEY	CORRELATION
80144140_4800	543.0	74	75	461042.66 1.2679803 1.7225478 1.4883851 0.57030296 0.77901685	461043.6 1.2679799 1.722542 1.4883842 0.570304 0.77900875	0.9999999999511452
80144140_4800	543.0	75	76	460900.4 1.7230794 1.4888444 1.0016177 0.7792573 0.8361416	460900.4 1.7230773 1.4888465 1.0016155 0.7792508 0.8361503	0.9999999999413223
80144140_5500	566.0	74	77	544537.6 1.2601682 0.84777063 1.491065 0.69916016 0.7072532	544534.4 1.2601776 0.84777933 1.4825088 0.7077276 0.7072024	0.9999051106202828
80144140_5500	566.0	75	78	474198.53 0.9735226 1.7122386 1.1846557 0.8121619 1.4323051	474195.34 0.9735334 1.7024144 1.1944951 0.81210417 1.432319	0.9998974650169586
80144140_5500	566.0	76	79	495331.34 1.6391876 1.1341136 1.2891471 1.3711973 0.6630107	495327.6 1.629784 1.1435341 1.2891004 1.3712118 0.6630198	0.9998923583606154
80144140_4200	561.0	72	80	517354.53 1.0948449 1.2342194 1.5099529 0.63478714 0.67180234	517354.66 1.0948466 1.2342153 1.5099546 0.63479084 0.67180026	0.9999999999375577
80144140_5500	566.0	78	81	483404.12 1.3209548 1.616002 1.0802163 0.71898437 1.2598754	483400.12 1.3209078 1.6160153 1.0802252 0.71898824 1.2598839	0.9999999978588487
80144140_5500	566.0	79	82	499008.4 1.5654687 1.0464373 1.1249651 1.2204784 0.7284687	499008.66 1.5654678 1.0464368 1.1249584 1.2204758 0.7284683	0.9999999999234489
80144140_5500	566.0	80	83	543735.6 0.96035826 1.0324264 1.5595944 0.6685455 0.8324744	543735.3 0.9603588 1.0324215 1.5595989 0.6685459 0.83248043	0.9999999999080301
80144140_5500	566.0	81	84	516991.6 1.0858339 1.6402723 1.2371749 0.8755384 1.2865819	516990.94 1.0858295 1.6402782 1.2371745 0.8755453 1.2865796	0.9999999999168854
