ID	BITRATE	START_IDX	CAPTURE_START_IDX	KEY	CAPTURE_KEY	CORRELATION
80144140_5500	566.0	37	37	1202203.2 0.9157528 0.89360845	1202204.6 0.91574925 0.89360577	0.9999999999872030
80144140_5500	566.0	38	38	1034622.8 1.230433 1.8537171	1034622.8 1.230431 1.8537229	0.9999999999870335
80144140_5500	566.0	39	39	1171242.2 2.173984 0.8461879	1171237.0 2.173975 0.84619	0.9999999995231016
80144140_5500	566.0	40	40	1398128.0 1.2201909 0.82927245	1398118.2 1.2201979 0.8292775	0.9999999995542902
80144140_5500	566.0	41	41	1196608.8 1.0867177 1.7237163	1196603.8 1.0867224 1.7237042	0.9999999996059377
80144140_6500	609.0	35	42	1137492.4 1.9551172 1.1516781	1137495.0 1.9551181 1.1516763	0.9999999999954510
80144140_6500	609.0	36	43	989309.6 1.6646851 1.0883883	989312.2 1.6646829 1.0883884	0.9999999999924442
80144140_5500	566.0	77	76	584663.0 1.212885 0.9133022	584657.4 1.2203883 0.90577495	0.9970224231104250
80144140_6500	609.0	72	78	575181.6 2.2396855 0.91732067	575182.4 2.2396827 0.91732645	0.9999999999606628
