ID	BITRATE	START_IDX	CAPTURE_START_IDX	KEY	CAPTURE_KEY	CORRELATION
80144140_20000	592.0	13	20	512138.2 0.41084614 0.38821945 0.3310005 0.4325805 0.7552278 0.35995755 0.8835252 0.38903368 0.6147306 0.4348787	512126.0 0.4108481 0.38822672 0.33095565 0.4325908 0.75524384 0.35996807 0.88355017 0.38904294 0.6146866 0.4348871	0.9999999923300105
80144140_20000	592.0	14	21	686837.4 0.28947464 0.24680951 0.32255232 0.5631333 0.26840124 0.65879786 0.29008177 0.45837197 0.324266 1.5781115	686825.8 0.28947806 0.24677436 0.32255778 0.56314135 0.2684072 0.65881187 0.29008666 0.458336 0.32426998 1.5781367	0.9999999990835294
80144140_20000	592.0	15	22	753227.4 0.22505555 0.29412234 0.5134983 0.24474415 0.60073096 0.26451376 0.41797075 0.29568496 1.4390156 0.7046637	753215.4 0.22502328 0.29412702 0.51350516 0.24474938 0.6007432 0.26451796 0.41793758 0.29568833 1.4390373 0.70467097	0.9999999991142258
80144140_20000	592.0	16	23	745595.4 0.297133 0.51875454 0.2472494 0.6068801 0.26722133 0.42224914 0.29871163 1.4537456 0.71187675 0.17617866	745582.8 0.297138 0.51876193 0.2472549 0.606893 0.26722586 0.422216 0.29871532 1.4537687 0.7118847 0.1761414	0.9999999990617582
80144140_20000	592.0	17	24	734853.6 0.52633744 0.25086355 0.6157512 0.27112746 0.42842138 0.30307806 1.4749957 0.7222826 0.17875397 0.22838834	734840.8 0.5263453 0.2508693 0.6157647 0.2711322 0.42838803 0.30308196 1.4750202 0.7222911 0.17871626 0.22839096	0.9999999990904386
80144140_20000	592.0	18	25	691401.2 0.26662958 0.6544493 0.288167 0.45534635 0.32212555 1.5676948 0.7676759 0.1899881 0.24274184 0.24518181	691388.8 0.26663578 0.6544639 0.28817216 0.4553111 0.32212988 1.5677214 0.76768523 0.18994811 0.24274474 0.24518766	0.9999999990937610
80144140_20000	592.0	19	26	694262.6 0.65175194 0.2869793 0.4534696 0.32079792 1.5612334 0.7645118 0.18920505 0.24174137 0.24417129 0.28613812	694250.0 0.65176666 0.2869845 0.45343465 0.3208023 1.5612603 0.7645214 0.18916528 0.24174432 0.24417716 0.28614333	0.9999999991003460
80144140_20000	592.0	20	27	652308.0 0.305437 0.4826355 0.34143072 1.6616476 0.8136831 0.2013742 0.2572895 0.2598757 0.3045417 0.37208498	652295.2 0.305443 0.482599 0.3414359 1.6616787 0.8136945 0.20133217 0.25729302 0.25988233 0.3045477 0.3720938	0.9999999990889724
80144140_20000	592.0	21	28	659861.8 0.4771105 0.33752218 1.6426257 0.80436844 0.19906895 0.25434417 0.25690076 0.30105546 0.3678255 0.35917825	659849.0 0.4770743 0.33752722 1.6426561 0.80437946 0.19902736 0.2543476 0.25690725 0.3010613 0.36783415 0.35918522	0.9999999990812127
80144140_20000	592.0	22	29	627431.6 0.35496777 1.7275285 0.845944 0.20935827 0.2674905 0.27017924 0.31661618 0.38683736 0.37774315 0.24333487	627424.4 0.35497028 1.7275468 0.84594893 0.20931287 0.267492 0.27018395 0.31661984 0.38684344 0.3777475 0.2433345	0.9999999995068197
80144140_20000	592.0	23	30	654214.4 1.6568055 0.811312 0.2007874 0.25653976 0.25911844 0.30365428 0.3710007 0.3622788 0.23337305 0.5451302	654201.2 1.6568375 0.8113238 0.20074558 0.2565434 0.25912517 0.30366042 0.3710097 0.3622861 0.23337469 0.5450938	0.9999999990709020
80144140_20000	592.0	24	31	585694.2 0.9062272 0.22427745 0.28655228 0.28943262 0.3391787 0.41440398 0.4046617 0.26067528 0.6089048 1.2656862	585681.2 0.9062422 0.22423121 0.28655693 0.28944075 0.33918625 0.41441488 0.4046707 0.26067767 0.6088654 1.2657142	0.9999999979618631
80144140_20000	592.0	25	32	507683.4 0.25873998 0.330584 0.33390692 0.391297 0.4780814 0.46684211 0.30073074 0.7024693 1.4601718 0.27717668	507670.8 0.25868732 0.33059022 0.33391717 0.39130673 0.47809523 0.4668537 0.30073425 0.70242566 1.460208 0.2771816	0.9999999975836417
80144140_20000	592.0	26	33	531552.8 0.3157391 0.3189128 0.3737258 0.45661315 0.44587857 0.2872264 0.67092484 1.3946028 0.26473004 0.47164646	531545.8 0.31574136 0.31891888 0.37373072 0.45662105 0.44588444 0.2872264 0.6708754 1.3946211 0.26473165 0.4716489	0.9999999985586377
80144140_20000	592.0	41	49	922330.6 0.12317275 0.52440846 0.42929617 0.24244994 1.2061619 0.42999005 0.2152623 0.79914075 0.6812459 0.34887165	922331.8 0.12317259 0.5244078 0.42929995 0.24244963 1.2061614 0.42998952 0.21525876 0.7991419 0.68124723 0.3488712	0.9999999999843734
80144140_20000	592.0	42	50	931878.6 0.5190354 0.4248976 0.2399658 1.1938035 0.4255844 0.21305671 0.7909528 0.6742659 0.34529713 0.17314057	931880.0 0.5190346 0.42490128 0.23996544 1.1938028 0.42558378 0.21305318 0.79095376 0.67426705 0.3452966 0.17314139	0.9999999999830143
80144140_4200	561.0	63	81	436311.8 0.616637 0.4576704 0.7806527 0.42333946 0.45723492 0.26349732 0.82005346 0.26147583 0.45437917 0.4650596	436311.8 0.61663926 0.4576681 0.7806527 0.42334172 0.45723492 0.26349962 0.82005346 0.26147357 0.4543723 0.4650642	0.9999999998530446
80144140_4200	561.0	64	82	419678.8 0.4758091 0.8115921 0.44011754 0.47535637 0.27394044 0.8525544 0.27183884 0.47238743 0.48349118 0.44291252	419678.4 0.4758072 0.8115929 0.44012034 0.47535685 0.2739431 0.85255516 0.27183673 0.47238076 0.4834964 0.44291055	0.9999999998503757
80144140_6500	609.0	80	101	442969.4 0.4485908 1.0116274 0.4087009 0.572114 0.23022358 0.43743652 0.4827286 0.5395 0.62328684 0.24579124	442969.8 0.4485904 1.0116242 0.4087028 0.5721157 0.23022787 0.4374384 0.48273268 0.5394927 0.6232818 0.24579327	0.9999999998932227
80144140_5500	566.0	88	102	427166.2 1.0490531 0.42382333 0.59327966 0.23874784 0.45361972 0.50052416 0.55944973 0.6463456 0.25488675 0.2802703	427172.2 1.049036 0.4238174 0.59327364 0.23874213 0.45361567 0.500585 0.5594442 0.64633185 0.25488317 0.28027105	0.9999999959797495
80144140_5500	566.0	89	103	358949.2 0.50436944 0.7060303 0.284121 0.5398285 0.595647 0.6657711 0.7691813 0.30332705 0.3335347 0.29818985	358955.2 0.50436103 0.70602125 0.28411347 0.5398223 0.5957178 0.6657628 0.7691629 0.303322 0.33353466 0.29818207	0.9999999906463207
80144140_5500	566.0	90	104	362507.8 0.6990994 0.28133187 0.53452915 0.5897997 0.6592354 0.7616305 0.30034938 0.33026046 0.2952626 0.54850125	362514.2 0.6990899 0.28132415 0.53452253 0.5898693 0.6592266 0.7616116 0.3003441 0.3302602 0.29525465 0.54849714	0.9999999908178154
80144140_5500	566.0	91	105	344919.8 0.29567742 0.56178564 0.61987454 0.6928509 0.8004672 0.31566468 0.34710097 0.3103185 0.5764702 0.47978976	344925.8 0.29566938 0.5617788 0.6199478 0.69284177 0.80044746 0.3156592 0.34710073 0.3103102 0.57646596 0.47977853	0.9999999893411989
