ID	BITRATE	START_IDX	CAPTURE_START_IDX	KEY	CAPTURE_KEY	CORRELATION
80144140_20000	592.0	17	18	995835.4 2.3792677	995822.6 2.37924	0.9968780764795251
80144140_20000	592.0	18	19	1121820.6 1.1632065	1121797.6 1.1632277	0.9970175213510521
80144140_5500	566.0	38	43	1161278.2 2.2024481	1161277.2 2.2024524	0.9999999999664314
80144140_5500	566.0	39	44	1553839.2 1.04539	1553827.6 1.0453953	0.9999999994377208
80144140_5500	566.0	40	45	1356727.6 2.264577	1356719.8 2.26457	0.9999999994791416
80144140_5500	566.0	41	46	1498084.4 1.2386565	1498073.2 1.2386618	0.9999999995379419
80144140_6500	609.0	35	47	1280809.4 2.19968	1280810.0 2.199686	0.9999999999864064
80144140_4800	543.0	74	75	500393.8 2.2148135	500394.4 2.214809	0.9999999998679912
80144140_4800	543.0	75	76	567245.4 1.2284719	567244.6 1.228477	0.9999999998678996
80144140_4800	543.0	76	77	519675.8 2.0583813	519677.2 2.05837	0.9999999998305695
80144140_4800	543.0	77	78	517312.8 1.4775277	517313.0 1.4775368	0.9999999992706441
80144140_4800	543.0	78	79	667592.4 1.3647699	667593.6 1.3647643	0.9999999999525468
80144140_4800	543.0	79	80	592451.2 2.048145	592452.4 2.0481477	0.9999999999710355
80144140_5500	566.0	78	81	658579.4 1.3277746	658574.4 1.3277407	0.9999999968963086
80144140_5500	566.0	79	82	696507.6 1.7361275	696508.8 1.7361274	0.9999999999652802
80144140_5500	566.0	80	83	737026.8 1.542218	737026.8 1.5422207	0.9999999999651376
80144140_5500	566.0	81	84	744140.6 1.7123631	744141.2 1.7123605	0.9999999999637706
80144140_5500	566.0	82	85	735596.8 1.6629109	735595.6 1.6629163	0.9999999999614373
80144140_5500	566.0	83	86	747912.8 1.6410683	747912.4 1.6410639	0.9999999999541582
80144140_5500	566.0	84	87	754704.4 1.6643523	754701.8 1.6643593	0.9999999999550927
80144140_6500	609.0	78	88	770090.4 1.6345328	770084.6 1.6345048	0.9999999978563519
80144140_6500	609.0	79	89	647838.2 2.0002787	647826.0 2.000318	0.9999999949554268
