ID	BITRATE	START_IDX	CAPTURE_START_IDX	KEY	CAPTURE_KEY	CORRELATION
80163052_7050	418.0	0	0	549942.7 0.7857019 0.3610067 0.35329136	549944.0 0.7857091 0.36100766 0.35328326	0.9999999998391127
80163052_7050	418.0	1	1	357279.34 0.55568004 0.54380417 0.40051574	357274.66 0.5556901 0.5438001 0.4005098	0.9999999969881455
80163052_7050	418.0	7	8	330200.66 0.60239434 0.38843653 0.50916916	330200.66 0.60239434 0.38843957 0.5091662	0.9999999997276822
80163052_7050	418.0	10	12	718572.7 0.21456423 1.0086398 0.27679592	718569.3 0.21456246 1.0086417 0.27679583	0.9999999999986618
80163052_6500	412.0	15	17	288271.34 0.418727 0.35469013 0.7265828	288272.66 0.4187286 0.35469198 0.7265795	0.9999999999986842
80163052_4200	431.0	13	18	432134.0 0.2366118 0.48468992 0.77869827	432136.0 0.2366107 0.4846923 0.778697	0.9999999999712373
80163052_7050	418.0	23	24	553589.3 0.3591471 0.7805263 0.36032668	553611.3 0.35913283 0.7805567 0.36031055	0.9999999999916904
80163052_2000	417.0	16	25	550570.7 0.7848148 0.35288656 0.3622986	550588.7 0.7848418 0.3622886 0.35286957	0.9992717609664582
80163052_7050	418.0	25	26	357906.0 0.55733347 0.54285204 0.3998145	357900.0 0.55734 0.54284996 0.39981002	0.9999999989576942
80163052_6500	412.0	26	27	335458.66 0.5791802 0.4265682 0.49425167	335452.66 0.5791756 0.42656392 0.49426052	0.9999999950199054
80163052_6500	412.0	27	28	309184.0 0.46281826 0.5362535 0.5009282	309181.34 0.4628093 0.5362581 0.5009326	0.9999999952183705
80163052_5500	422.0	27	29	284887.34 0.58199143 0.54364294 0.37436554	284888.0 0.5819866 0.5436487 0.37436467	0.9999999988225797
80163052_7050	418.0	29	30	306706.66 0.50496787 0.34772965 0.64730257	306708.0 0.50497216 0.34773138 0.6472964	0.9999999996687463
80163052_7050	418.0	30	31	288963.34 0.3690814 0.6870491 0.44386944	288964.0 0.36908403 0.6870441 0.44387192	0.9999999999853847
80163052_7050	418.0	31	32	320649.34 0.6191561 0.40000707 0.48083678	320648.0 0.6191556 0.40001184 0.48083258	0.9999999993396086
80163052_7050	418.0	32	33	300380.0 0.42699912 0.5132832 0.5597177	300398.0 0.4269769 0.51324576 0.5597774	0.9999998331776548
80163052_7050	418.0	33	34	319342.66 0.48280427 0.5264815 0.49071428	319360.66 0.4827708 0.5265395 0.49068975	0.9999999843392572
80163052_7050	418.0	34	35	349095.34 0.48161054 0.4488917 0.5694977	349113.34 0.4816659 0.4488714 0.5694626	0.9999997456281191
80163052_7050	418.0	35	36	363847.34 0.4306916 0.5464077 0.52290064	363847.34 0.43069437 0.5464022 0.5229034	0.9999999982787836
80163052_6500	412.0	35	37	392140.0 0.5069873 0.48517367 0.507839	392140.0 0.50697964 0.4851762 0.50784415	0.9999998741244580
80163052_3500	457.0	29	38	497660.66 0.38230067 0.40016425 0.71753514	497660.66 0.38230267 0.40016425 0.7175331	0.9999999999880724
80163052_4200	431.0	34	40	420224.66 0.8497526 0.37039712 0.2798503	420225.34 0.8497536 0.37039888 0.27984747	0.9999999999753488
80163052_4800	426.0	38	41	314976.66 0.4941636 0.373361 0.63247544	314976.0 0.4941678 0.3733586 0.6324736	0.9999999996008752
80163052_7050	418.0	41	42	537016.0 0.21898602 0.3709629 0.9100511	537017.3 0.2189855 0.37096384 0.91005075	0.9999999999975858
80163052_7050	418.0	42	43	534194.0 0.37292257 0.91485864 0.21221878	534196.0 0.37292305 0.9148571 0.21221986	1.0000000000000000
80163052_7050	418.0	43	44	533914.0 0.9153384 0.21233007 0.3723315	533914.7 0.9153391 0.21233168 0.37232915	0.9999999999843269
80163052_7050	418.0	44	45	358549.34 0.31617963 0.5544369 0.6293834	358547.34 0.3161842 0.5544372 0.62937856	0.9999999999516641
80163052_7050	418.0	45	46	373347.34 0.5324613 0.6044371 0.36310154	373344.66 0.5324624 0.6044335 0.36310416	0.9999999999097384
80163052_7050	418.0	48	50	366788.66 0.69754064 0.46478263 0.33767673	366788.0 0.6975419 0.4647889 0.33766916	0.9999999994386181
80163052_4200	431.0	45	51	323016.0 0.5277695 0.3834361 0.58879435	323014.66 0.5277748 0.38342842 0.5887968	0.9999999995129082
80163052_4200	431.0	48	55	408684.66 0.48819548 0.4638809 0.5479237	408685.34 0.4881971 0.4638801 0.54792273	0.9999999994962750
80163052_7050	418.0	55	57	478990.66 0.46750182 0.41465735 0.6178409	478991.34 0.46749905 0.41466093 0.61784	0.9999999996266578
80163052_15000	420.0	62	58	502297.34 0.39542118 0.58916897 0.5154098	502298.0 0.39542064 0.5891722 0.5154072	0.9999999996602770
80163052_15000	420.0	63	59	448624.0 0.65965706 0.57707345 0.26326945	448625.34 0.65965956 0.5770695 0.2632709	0.9999999998674713
80163052_15000	420.0	64	60	383650.0 0.67480516 0.3078561 0.5173387	383651.34 0.6748002 0.30785763 0.51734215	0.9999999998477427
80163052_15000	420.0	65	61	283399.34 0.4167582 0.7003439 0.38289785	283382.66 0.41678628 0.7003922 0.3828216	0.9999999623354818
80163052_20000	418.0	75	62	398192.0 0.49844548 0.27244645 0.7291081	398193.34 0.49844882 0.27244303 0.7291081	0.9999999999185335
80163052_3500	457.0	52	63	398743.34 0.27207226 0.72810745 0.49982026	398742.66 0.2720677 0.7281037 0.49982864	0.9999999994959604
