ID	BITRATE	START_IDX	CAPTURE_START_IDX	KEY	CAPTURE_KEY	CORRELATION
80169469_6500	1578.0	8	8	650237.2 1.0034231 0.24468917 0.6812714 0.30575457 0.26486182	650236.8 1.0034237 0.2446847 0.68127334 0.30575782 0.26486042	0.9999999999643973
80169469_6500	1578.0	9	9	435766.4 0.36511764 1.0165721 0.45623755 0.3952186 0.266854	435766.4 0.36511075 1.0165745 0.45624214 0.39521632 0.26685628	0.9999999998909695
80169469_6500	1578.0	10	10	526895.2 0.84075165 0.37732932 0.32686386 0.22070044 0.7343548	526896.0 0.84075224 0.37733254 0.32686147 0.22070199 0.73435175	0.9999999999571542
80169469_5500	1373.0	25	25	997437.2 0.7475228 0.65745294 0.5389693 0.19820897 0.35784608	997438.4 0.7475219 0.65745217 0.5389726 0.19820973 0.35784367	0.9999999999517206
80169469_5500	1373.0	26	26	962288.4 0.68146724 0.5586558 0.2054488 0.37091687 0.6835113	962289.6 0.68146634 0.55865926 0.20544958 0.3709143 0.6835104	0.9999999999409419
80169469_6500	1578.0	46	47	2287030.0 0.37677294 0.6641312 0.6881239 0.68407977 0.08689217	2287030.8 0.37677282 0.664131 0.6881241 0.68408 0.08689214	0.9999999999997597
80169469_6500	1578.0	47	48	2355915.2 0.6447125 0.6680037 0.6640778 0.08435151 0.4388545	2355916.0 0.64471227 0.66800386 0.664078 0.08435148 0.43885437	0.9999999999997277
80169469_5500	1373.0	50	49	2347032.5 0.6705314 0.6665915 0.08467032 0.44051498 0.6376916	2347033.5 0.670532 0.6665912 0.084670715 0.44051522 0.63769096	0.9999999999982312
80169469_5500	1373.0	51	50	2205022.0 0.7095222 0.09012336 0.46888557 0.678761 0.55270785	2205021.5 0.7095223 0.09012384 0.46888614 0.6787607 0.5527071	0.9999999999980579
80169469_5500	1373.0	52	51	1889587.6 0.10516792 0.547158 0.7920686 0.644973 0.41063246	1889587.6 0.10516845 0.54715854 0.79206806 0.64497197 0.41063297	0.9999999999978472
80169469_5500	1373.0	53	52	2283031.2 0.45286414 0.65556836 0.5338223 0.33986658 0.5178786	2283030.5 0.45286474 0.6555681 0.5338216 0.33986712 0.5178783	0.9999999999938273
80169469_5500	1373.0	54	53	2698223.5 0.55469203 0.4516798 0.2875692 0.43818942 0.76786965	2698233.5 0.5546896 0.45167735 0.2875685 0.43818742 0.7678772	0.9999999998733240
