ID	BITRATE	START_IDX	CAPTURE_START_IDX	KEY	CAPTURE_KEY	CORRELATION
80163052_6500	412.0	11	21	556309.0 1.3028353 0.35752973 0.98944473 0.35764834 0.21697834 0.18379533 0.37650478 0.3571774 0.60488325 0.2532028	556308.6 1.3028344 0.35753176 0.98943996 0.3576468 0.21698208 0.18379547 0.37650144 0.35717764 0.6048837 0.25320658	0.9999999999790036
80163052_6500	412.0	12	22	479187.4 0.41507143 1.1486883 0.41520914 0.25189936 0.2133758 0.43710038 0.4146624 0.7022346 0.2939539 0.7078045	479187.2 0.4150737 1.1486826 0.41520727 0.25190365 0.21337591 0.43709642 0.4146626 0.702235 0.2939582 0.7078048	0.9999999999619875
80163052_6500	412.0	13	23	462390.2 1.1904167 0.43029243 0.26105008 0.2211271 0.4529789 0.42972583 0.7277447 0.30463234 0.7335169 0.24851522	462389.8 1.1904112 0.4302906 0.26105464 0.22112727 0.45297495 0.42972615 0.7277453 0.3046369 0.73351747 0.24851543	0.9999999999653164
80163052_6500	412.0	14	24	392067.0 0.5074719 0.3078734 0.2607896 0.53422755 0.5068037 0.8582768 0.35927278 0.8650843 0.29309022 0.50710976	392067.0 0.5074694 0.3078785 0.2607896 0.5342225 0.5068037 0.8582768 0.35927787 0.8650843 0.29309022 0.5071072	0.9999999999018541
80163052_6500	412.0	15	25	438693.6 0.27515104 0.23307157 0.47744712 0.452938 0.76705474 0.32108742 0.7731387 0.26193908 0.45321155 0.9849608	438693.6 0.2751556 0.23307157 0.47744256 0.452938 0.76705474 0.32109198 0.7731387 0.26193908 0.45320925 0.9849585	0.9999999999495485
80163052_6500	412.0	16	26	454446.4 0.22499242 0.46089703 0.43723747 0.74046576 0.30995736 0.74633884 0.2528593 0.43750152 0.95081836 0.43893185	454446.4 0.22499242 0.46089262 0.43723747 0.74046576 0.30996174 0.74633884 0.2528593 0.43749934 0.9508162 0.43893623	0.9999999999394332
80163052_7050	418.0	17	27	472853.8 0.44295296 0.42021444 0.71164066 0.29789335 0.71728086 0.24301803 0.4204682 0.91379404 0.4218492 0.41088808	472854.8 0.44294992 0.42021567 0.71163917 0.29789484 0.7172836 0.2430154 0.42046732 0.9138006 0.4218483 0.4108851	0.9999999999425335
80163052_7050	418.0	18	28	459582.6 0.43234885 0.7321905 0.30649552 0.7379936 0.25003558 0.43260995 0.9401814 0.4340308 0.42275319 0.31136078	459583.6 0.43235007 0.7321889 0.306497 0.73799634 0.25003287 0.432609 0.94018805 0.43402985 0.4227501 0.31135795	0.9999999999536906
80163052_6500	412.0	19	29	453003.8 0.7428238 0.3109444 0.7487156 0.25366452 0.43889475 0.9538463 0.44032964 0.42889485 0.31588256 0.36600354	453003.6 0.74282414 0.31094897 0.74871594 0.25366464 0.43889275 0.95384455 0.44033426 0.42889065 0.3158805 0.36600372	0.9999999999287796
80163052_6500	412.0	20	30	416679.2 0.33805144 0.81398594 0.2757781 0.47715607 1.0369992 0.47871602 0.4662844 0.3434201 0.39791045 0.37169844	416678.8 0.33805653 0.81398666 0.27577835 0.47715408 1.0369978 0.47872123 0.46628 0.343418 0.3979108 0.37169635	0.9999999999161062
80163052_15000	420.0	39	43	379251.4 0.4065351 0.44338927 0.41320348 0.5242196 0.50165933 0.52510285 0.5238372 0.94156015 0.41041115 0.3100819	379246.2 0.4065354 0.44332418 0.41320917 0.5242268 0.5016715 0.52511275 0.5238392 0.9415731 0.4104194 0.3100888	0.9999999910710442
80163052_15000	420.0	40	44	388258.8 0.43310285 0.40361738 0.5120579 0.49002108 0.51292074 0.5116845 0.9197164 0.4008898 0.30288815 0.51310104	388253.6 0.43303913 0.4036228 0.5120648 0.49003282 0.5129302 0.5116862 0.91972876 0.40089777 0.3028948 0.51310277	0.9999999907481396
80163052_15000	420.0	41	45	452370.2 0.3464154 0.4394874 0.42057368 0.44022796 0.43916687 0.7893712 0.3440744 0.25996187 0.4403827 1.0803386	452370.4 0.34641522 0.4394872 0.4205779 0.44022995 0.43916222 0.78937083 0.34407645 0.25996396 0.44037807 1.0803381	0.9999999999345670
80163052_15000	420.0	42	46	443701.4 0.44807386 0.42879063 0.44882888 0.44774705 0.8047935 0.35079673 0.26504084 0.44898662 1.1014457 0.25549614	443702.0 0.44807327 0.42879456 0.44883052 0.44774196 0.8047924 0.35079852 0.26504275 0.44898152 1.1014442 0.25550032	0.9999999999294336
80163052_15000	420.0	43	47	443697.4 0.42879447 0.44883293 0.4477511 0.80480075 0.3507999 0.26504326 0.44899067 1.1014556 0.25549844 0.44803283	443698.4 0.42879802 0.44883415 0.4477456 0.8047989 0.35080135 0.2650449 0.44898516 1.1014532 0.25550237 0.4480363	0.9999999999207065
80163052_15000	420.0	44	48	450779.4 0.4417815 0.44071668 0.7921569 0.34528863 0.26087928 0.4419368 1.0841511 0.25148442 0.44099396 0.5006107	450780.0 0.44178313 0.44071165 0.7921558 0.3452904 0.26088113 0.44193175 1.0841497 0.25148854 0.44099784 0.50061005	0.9999999999286480
80163052_15000	420.0	45	49	438063.0 0.4535101 0.81515217 0.3553119 0.26845226 0.45476565 1.1156226 0.25878468 0.45379546 0.5151428 0.30946234	438063.4 0.45350513 0.8151514 0.35531387 0.26845428 0.45476064 1.1156216 0.25878903 0.4537996 0.5151423 0.30946204	0.9999999999334634
80163052_15000	420.0	46	50	449500.0 0.79441154 0.34627143 0.2616218 0.44319466 1.0872369 0.25220022 0.44224918 0.5020356 0.30158845 0.5691902	449500.6 0.7944105 0.34627318 0.26162368 0.44318962 1.0872355 0.25220433 0.44225302 0.5020349 0.30158803 0.5691872	0.9999999999499324
