ID	BITRATE	START_IDX	CAPTURE_START_IDX	KEY	CAPTURE_KEY	CORRELATION
70251894_6500	933.0	49	2	379480.0 0.57690525 0.5236086 0.39948612	379495.34 0.5770005 0.523461 0.3995385	0.9999989894311991
80169469_5500	1373.0	13	13	365532.0 0.55474216 0.40177605 0.5434818	365532.0 0.55474484 0.40177605 0.5434791	0.9999999994873459
80169469_5500	1373.0	28	27	808243.3 0.2446058 0.44161084 0.8137834	808244.0 0.24460682 0.4416092 0.81378394	0.9999999999881590
80169469_5500	1373.0	29	28	809352.7 0.44100553 0.81266797 0.24632648	809353.3 0.44100395 0.81266856 0.24632753	0.9999999999880956
80169469_5500	1373.0	30	29	1196190.0 0.5498583 0.16666667 0.78347504	1196190.6 0.54985887 0.16666742 0.7834738	0.9999999999981815
80169469_6500	1578.0	30	30	1066860.0 0.18687175 0.87845266 0.4346756	1066858.0 0.18687211 0.8784524 0.43467546	0.9999999999999066
80169469_7050	2037.0	34	31	1786883.4 0.5244791 0.25952283 0.71599805	1786884.6 0.5244793 0.25952262 0.7159981	0.9999999999998266
80169469_7050	2037.0	35	32	1405155.4 0.33002543 0.91050786 0.25946668	1405154.6 0.3300256 0.91050905 0.2594654	0.9999999999984598
80169469_6500	1578.0	33	33	1228408.0 1.0415148 0.2967996 0.16168569	1228408.0 1.0415155 0.29679796 0.16168651	0.9999999999961828
80169469_6500	1578.0	34	34	536194.0 0.67996097 0.37041816 0.44962084	536192.7 0.67995894 0.37042093 0.44962007	0.9999999999684561
80169469_6500	1578.0	35	35	2369026.8 0.08383865 0.101765 1.3143963	2369026.8 0.083839074 0.101764575 1.3143963	0.9999999999998209
80169469_6500	1578.0	46	45	2636226.0 0.32686538 0.57616 0.5969746	2636225.2 0.32686508 0.5761602 0.5969748	0.9999999999999949
80169469_7050	2037.0	51	46	2194266.0 0.69220775 0.7172275 0.09056468	2194247.2 0.6922137 0.7172209 0.09056546	0.9999999998450222
80169469_7050	2037.0	52	47	2224680.8 0.70742196 0.08932652 0.7032515	2224662.0 0.70741534 0.089327276 0.7032574	0.9999999998445217
80169469_5500	1373.0	53	50	2499546.0 0.41363633 0.59878194 0.48758176	2499547.2 0.41363692 0.59878206 0.4875811	0.9999999999795041
80169469_6500	1578.0	54	53	1437872.0 0.1380853 0.53963566 0.82227904	1437870.6 0.13808544 0.5396355 0.8222791	0.9999999999998848
80169469_5500	1373.0	60	58	1725489.4 0.16294624 1.0166223 0.3204314	1725492.0 0.16294657 1.0166225 0.32043093	0.9999999999995511
80169469_5500	1373.0	61	59	1795704.6 0.9768706 0.30790198 0.21522748	1795706.6 0.97687113 0.30790162 0.21522725	0.9999999999999665
80169469_5500	1373.0	62	60	886512.0 0.62368137 0.4359614 0.44035727	886512.0 0.62368137 0.4359614 0.44035727	1.0000000000000000
