ID	BITRATE	START_IDX	CAPTURE_START_IDX	KEY	CAPTURE_KEY	CORRELATION
80169469_6500	1578.0	0	0	403743.0 0.4936457 0.5063543	403742.0 0.49364692 0.5063531	1.0000000000000000
80169469_6500	1578.0	1	1	460816.0 0.44364128 0.5563587	460816.0 0.4436391 0.5563609	1.0000000000000000
80169469_6500	1578.0	2	2	455073.0 0.56337994 0.43662006	455073.0 0.56338215 0.43661785	1.0000000000000000
80168188_1200	607.0	2	6	752136.0 0.73917085 0.26082915	752145.0 0.7356693 0.2643307	1.0000000000000000
80232502_3500	821.0	1	7	357902.0 0.5554817 0.44451833	357921.0 0.5554717 0.44452825	1.0000000000000000
80232502_3500	821.0	21	9	430948.0 0.665252 0.33474803	430958.0 0.6576813 0.34231874	1.0000000000000000
80169469_3500	967.0	9	10	255178.0 0.578118 0.42188197	255179.0 0.57812357 0.4218764	1.0000000000000000
80169469_3500	967.0	10	11	214928.0 0.50088865 0.49911132	214928.0 0.500884 0.49911597	1.0000000000000000
80239639_2000	696.0	73	15	586077.0 0.66104794 0.33895203	586096.0 0.6613336 0.33866635	1.0000000000000000
70052701_6500	1443.0	55	16	750272.0 0.26134256 0.7386575	750287.0 0.26455343 0.7354466	1.0000000000000000
80134721_15000	3219.0	8	17	751152.0 0.73561543 0.26438457	751162.0 0.7345899 0.26541013	1.0000000000000000
80097391_7050	511.0	26	24	535314.0 0.5102314 0.48976862	535302.0 0.51004106 0.48995894	1.0000000000000000
70264803_3500	1023.0	0	26	525518.0 0.62193495 0.37806508	525506.0 0.6211442 0.3788558	1.0000000000000000
80192445_7050	2280.0	14	31	1385830.0 0.5841481 0.41585186	1385840.0 0.57847804 0.42152196	1.0000000000000000
80031611_1200	478.0	32	38	521104.0 0.3842611 0.61573887	521104.0 0.38281035 0.61718965	0.9999999999999999
80169469_6500	1578.0	58	48	480371.0 0.4146982 0.58530176	480373.0 0.41469857 0.5853014	1.0000000000000000
80169469_5500	1373.0	60	49	2035333.0 0.13814054 0.86185944	2035308.0 0.13814273 0.8618573	1.0000000000000000
81006261_3500	773.0	3	52	344774.0 0.47137836 0.5286217	344759.0 0.46158332 0.5384167	1.0000000000000000
80169469_5500	1373.0	65	54	1703332.0 0.8094511 0.19054888	1703334.0 0.80945134 0.19054866	1.0000000000000000
80144140_600	315.0	0	55	463802.0 0.7043005 0.29569945	463778.0 0.6998348 0.30016518	1.0000000000000000
80169469_6500	1578.0	66	60	727243.0 0.5906499 0.4093501	727243.0 0.59064853 0.40935147	1.0000000000000000
80169469_4800	1367.0	74	68	2448281.0 0.3548555 0.64514446	2448281.0 0.35485673 0.6451433	1.0000000000000000
