ID	BITRATE	START_IDX	CAPTURE_START_IDX	KEY	CAPTURE_KEY	CORRELATION
80052541_15000	2478.0	116	1	439343.0 0.5525273 0.4474727	439321.0 0.54713976 0.4528602	1.0000000000000000
80217312_1200	391.0	28	2	324032.0 0.60454524 0.39545476	324049.0 0.6139535 0.38604656	1.0000000000000000
80163052_1200	384.0	7	6	650235.0 0.6941168 0.30588326	650233.0 0.6941158 0.3058842	1.0000000000000000
80216541_5500	2007.0	6	7	367351.0 0.5407199 0.4592801	367351.0 0.5414331 0.45856687	1.0000000000000000
80232502_4200	1011.0	11	8	367442.0 0.45763686 0.54236317	367418.0 0.45848325 0.5415167	1.0000000000000000
80031715_2000	486.0	71	10	205568.0 0.5068493 0.49315068	205589.0 0.5029938 0.49700615	1.0000000000000000
80121840_800	332.0	21	11	209346.0 0.4817336 0.51826644	209345.0 0.48808903 0.511911	1.0000000000000000
70298735_15000	444.0	11	12	305878.0 0.35837165 0.6416284	305865.0 0.35037026 0.6496297	1.0000000000000000
70123542_5500	1008.0	2	13	400942.0 0.48932514 0.51067483	400949.0 0.49557176 0.50442827	1.0000000000000000
80163052_2000	417.0	32	24	606312.0 0.1939579 0.8060421	606313.0 0.19395922 0.80604076	1.0000000000000000
60026145_800	450.0	6	29	306269.0 0.6399505 0.3600495	306253.0 0.6485226 0.35147738	1.0000000000000000
80217312_1200	391.0	13	32	320031.0 0.38760307 0.6123969	320027.0 0.39336056 0.60663944	1.0000000000000000
