ID	BITRATE	START_IDX	CAPTURE_START_IDX	KEY	CAPTURE_KEY	CORRELATION
80168188_6500	2231.0	0	0	623974.7 0.31440538 0.59224516 0.5933494	623972.7 0.31440318 0.5933529 0.59224385	0.9999762992232485
80168188_4800	1739.0	1	1	726155.3 0.50985926 0.5089077 0.48123315	726154.7 0.5098583 0.50890535 0.4812363	0.9999999988791793
80168188_4800	1739.0	2	2	610519.3 0.6052978 0.57238156 0.32232067	610520.0 0.60529387 0.5723842 0.32232195	0.9999999997919433
70052701_7050	1562.0	1	6	379652.0 0.51723945 0.46573967 0.5170208	379645.34 0.5166295 0.4666566 0.51671386	0.9999867714676556
80168188_1200	607.0	8	7	453490.66 0.39066958 0.43251386 0.6768166	453509.34 0.39065126 0.4325556 0.6767931	0.9999999779095629
80168188_4200	1626.0	8	8	503281.34 0.38977602 0.6098597 0.50036424	503281.34 0.38977802 0.6098617 0.5003603	0.9999999995109571
80168188_4200	1626.0	9	9	579380.7 0.529757 0.43464342 0.53559947	579380.0 0.5297594 0.43464047 0.5356001	0.9999999998473750
80168188_5500	2056.0	14	10	711294.7 0.35399532 0.43627065 0.70973396	711312.0 0.35402468 0.43625864 0.7097167	0.9999999958988279
80168188_3500	1349.0	11	12	574440.7 0.8788148 0.2788695 0.34231558	574444.7 0.8788139 0.27886933 0.3423167	0.9999999999976056
80168188_4800	1739.0	15	14	889052.7 0.22118036 0.15292232 1.1258973	889053.3 0.22118133 0.1529211 1.1258976	0.9999999999980165
80168188_4200	1626.0	15	15	987320.7 0.13772729 1.0138358 0.34843695	987306.0 0.137703 1.0138528 0.34844416	0.9999999996607344
80168188_5500	2056.0	19	16	1027398.7 0.97428584 0.33484858 0.19086553	1027399.3 0.97428817 0.33484644 0.19086541	0.9999999999947848
80168188_4200	1626.0	32	33	2527453.2 0.08946872 1.2332766 0.1772547	2527454.0 0.089469485 1.2332759 0.17725466	0.9999999999998371
80168188_7050	2237.0	40	36	2087272.0 0.9547864 0.09377024 0.4514433	2087273.4 0.9547863 0.09377066 0.45144302	0.9999999999997974
80168188_5500	2056.0	40	37	889574.0 0.22002104 1.0592531 0.22072588	889576.7 0.22002038 1.059251 0.22072858	0.9999999999939378
80168188_5500	2056.0	41	38	2318853.2 0.40635777 0.08467634 1.008966	2318856.8 0.4063576 0.0846775 1.0089649	0.9999999999997677
80168188_6500	2231.0	50	47	2410750.0 0.08132573 0.54019827 0.87847596	2410752.0 0.081326075 0.54019827 0.87847567	1.0000000000000000
80168188_6500	2231.0	51	48	3282374.0 0.39675033 0.6451995 0.4580502	3282376.0 0.3967504 0.6451994 0.4580502	1.0000000000000000
80168188_6500	2231.0	52	49	2545321.2 0.83203095 0.5906885 0.07728062	2545322.8 0.83203083 0.5906885 0.07728057	0.9999999999999830
80168188_5500	2056.0	54	50	2488640.0 0.6041424 0.079040356 0.8168172	2488640.8 0.60414225 0.079040736 0.816817	0.9999999999999855
80168188_5500	2056.0	55	51	3090373.2 0.06365024 0.65777296 0.77857685	3090375.2 0.063650526 0.65777254 0.77857697	0.9999999999996514
80168188_4800	1739.0	53	52	3756992.8 0.5410609 0.6404311 0.31850794	3756993.2 0.5410614 0.640431 0.3185076	0.9999999999977917
