ID	BITRATE	START_IDX	CAPTURE_START_IDX	KEY	CAPTURE_KEY	CORRELATION
80163052_20000	418.0	10	7	364183.34 0.5472848 0.43029976 0.52241546	364182.0 0.5472923 0.43029585 0.5224119	0.9999999970439102
80163052_20000	418.0	11	8	363817.34 0.43073264 0.522941 0.54632634	363814.66 0.4307303 0.5229393 0.5463304	0.9999999992326976
80163052_20000	418.0	15	11	474207.34 0.7530208 0.32823405 0.4187451	474206.66 0.7530198 0.32823664 0.41874358	0.9999999999669553
80163052_7050	418.0	19	24	544354.0 0.6181676 0.25876543 0.62306696	544354.7 0.6181613 0.2587688 0.6230699	0.9999999997551509
80163052_7050	418.0	20	25	396627.34 0.35514444 0.8551327 0.28972283	396630.0 0.35514712 0.855132 0.2897209	0.9999999999710570
80163052_7050	418.0	21	26	435267.34 0.7792199 0.26400328 0.45677674	435268.66 0.7792222 0.26400247 0.45677537	0.9999999999928806
80163052_7050	418.0	22	27	497215.34 0.23111112 0.399867 0.86902183	497216.66 0.23111051 0.39986593 0.86902356	0.9999999999983915
80163052_4200	431.0	19	28	516005.34 0.38530803 0.8373828 0.27730915	516005.34 0.3853061 0.8373809 0.27731302	0.9999999999630714
80163052_20000	418.0	38	29	512988.0 0.84231013 0.2789461 0.37874374	512985.34 0.8423106 0.2789456 0.37874377	0.9999999999998069
80163052_10000	429.0	28	30	357904.66 0.39981598 0.54285127 0.5573328	357902.66 0.3998154 0.5428571 0.5573275	0.9999999979544362
80163052_10000	429.0	29	31	373040.66 0.52082527 0.53471917 0.44445556	373040.0 0.52082884 0.5347121 0.44445905	0.9999999949916755
80163052_6500	412.0	33	38	347410.66 0.44378892 0.4839489 0.5722622	347410.66 0.4437918 0.4839489 0.57225937	0.9999999999570947
80163052_6500	412.0	34	39	371463.34 0.45261264 0.53520757 0.51217973	371460.66 0.45261592 0.53520876 0.5121754	0.9999999967585610
80163052_10000	429.0	38	40	363848.0 0.5464095 0.5228942 0.43069634	363845.34 0.54641074 0.5228952 0.43069398	0.9999999999875614
80163052_5500	422.0	35	41	469368.0 0.40534505 0.33387023 0.7607847	469364.0 0.40534213 0.3338688 0.7607891	0.9999999999828145
80163052_6500	412.0	38	42	446296.66 0.35112518 0.80011576 0.34875906	446296.66 0.35112518 0.8001113 0.34876353	0.9999999999634233
80163052_6500	412.0	39	43	474270.0 0.7529234 0.3281886 0.41888797	474270.66 0.7529182 0.32819235 0.4188895	0.9999999999997160
80163052_6500	412.0	40	44	314610.0 0.49473953 0.6314675 0.37379295	314612.66 0.4947417 0.6314654 0.37379298	0.9999999998988105
80163052_20000	418.0	59	50	358547.34 0.3161814 0.6293841 0.5544345	358549.34 0.31617963 0.6293834 0.5544369	0.9999999999317407
80163052_20000	418.0	60	51	373346.0 0.60443664 0.5324578 0.36310554	373346.66 0.60443825 0.53246224 0.36309955	0.9999999997347602
80163052_20000	418.0	61	52	393468.0 0.50522786 0.34453627 0.65023583	393470.66 0.50522953 0.34452885 0.6502416	0.9999999999670750
80163052_4200	431.0	43	54	416624.0 0.61410046 0.4767104 0.4091891	416626.66 0.61410135 0.47671217 0.40918648	0.9999999998475652
80163052_4200	431.0	44	55	328628.66 0.6043569 0.51875573 0.3768874	328649.34 0.60432494 0.5187231 0.3769519	0.9999999830424807
80163052_4200	431.0	45	56	323016.0 0.5277695 0.3834361 0.58879435	323036.66 0.52773577 0.38350138 0.5887629	0.9999999863080243
80163052_4200	431.0	46	57	342376.0 0.36175433 0.5555004 0.5827453	342396.66 0.3618172 0.55547273 0.58271015	0.9999999997955065
80163052_4200	431.0	48	59	408684.66 0.48819548 0.4638809 0.5479237	408686.0 0.48819387 0.46388426 0.5479219	0.9999999989822392
80163052_7050	418.0	55	61	478990.66 0.46750182 0.41465735 0.6178409	478990.66 0.46749973 0.41465944 0.6178409	0.9999999998162142
80163052_7050	418.0	56	62	408444.66 0.48627642 0.72455347 0.28917015	408445.34 0.48627803 0.7245523 0.28916967	0.9999999999790437
80163052_4800	426.0	54	63	408352.0 0.72472036 0.28923085 0.4860488	408352.66 0.7247167 0.2892353 0.486048	0.9999999999913061
80163052_15000	420.0	65	64	283399.34 0.4167582 0.7003439 0.38289785	283382.66 0.41678628 0.7003922 0.3828216	0.9999999623354818
80163052_7050	418.0	60	65	337508.66 0.5880679 0.32142583 0.5905063	337510.66 0.58806735 0.3214269 0.5905058	1.0000000000000000
80163052_7050	418.0	61	66	398742.0 0.27206564 0.49982443 0.7281099	398742.66 0.2720677 0.49982613 0.7281062	0.9999999999798852
80163052_7050	418.0	62	67	452155.34 0.44077992 0.6420979 0.41712213	452156.0 0.4407815 0.6420948 0.41712373	0.9999999999980467
