ID	BITRATE	START_IDX	CAPTURE_START_IDX	KEY	CAPTURE_KEY	CORRELATION
80200961_20000	1686.0	16	0	953159.0 0.79177344 0.20822655	953156.0 0.7942257 0.20577429	1.0000000000000000
70130445_4800	728.0	56	2	1045779.0 0.81256366 0.18743636	1045770.0 0.8118611 0.18813889	1.0000000000000000
80168188_4800	1739.0	5	5	373303.0 0.474585 0.525415	373302.0 0.47458893 0.52541107	1.0000000000000000
80199806_3500	1039.0	11	6	385290.0 0.5152794 0.4847206	385291.0 0.509062 0.490938	1.0000000000000000
80168188_4800	1739.0	7	7	385321.0 0.4908998 0.5091002	385319.0 0.49090233 0.50909764	1.0000000000000000
70213513_800	424.0	40	8	503081.0 0.38000244 0.61999756	503097.0 0.38991487 0.6100851	0.9999999999999999
80202920_2000	586.0	49	9	558766.0 0.556104 0.44389603	558751.0 0.549318 0.45068195	1.0000000000000000
80168188_5500	2056.0	14	10	562112.0 0.44794455 0.5520555	562136.0 0.4479681 0.5520319	1.0000000000000000
80168188_5500	2056.0	15	11	815147.0 0.3806884 0.61931163	815145.0 0.38068932 0.6193107	1.0000000000000000
896970_3500	1080.0	54	12	701453.0 0.7166923 0.28330764	701469.0 0.71967256 0.28032744	1.0000000000000000
896970_4200	1368.0	2	13	312662.0 0.6354754 0.36452463	312667.0 0.62891513 0.3710849	1.0000000000000000
80168188_3500	1349.0	14	15	648316.0 0.6602166 0.33978337	648317.0 0.6602187 0.3397813	1.0000000000000000
80168188_3500	1349.0	17	17	2154400.0 0.12800038 0.8719996	2154396.0 0.1280006 0.8719994	1.0000000000000000
80168188_4200	1626.0	22	20	2429250.0 0.30481547 0.6951845	2429248.0 0.30481532 0.6951847	1.0000000000000000
80168188_4200	1626.0	23	21	1884926.0 0.8959381 0.10406191	1884926.0 0.89593756 0.10406244	1.0000000000000000
80168188_4800	1739.0	25	22	894866.0 0.21919483 0.7808052	894865.0 0.21919507 0.78080493	1.0000000000000000
70104894_20000	1065.0	78	23	1239207.0 0.5570643 0.44293568	1239194.0 0.56384635 0.43615365	1.0000000000000000
80168188_2000	812.0	31	34	981477.0 0.6813242 0.31867585	981477.0 0.6813232 0.31867686	1.0000000000000000
60033314_3500	513.0	51	41	493170.0 0.23245737 0.76754266	493189.0 0.22776866 0.77223134	1.0000000000000000
