ID	BITRATE	START_IDX	CAPTURE_START_IDX	KEY	CAPTURE_KEY	CORRELATION
80096067_7050	1219.0	7	1	418110.0 0.47625268 0.5237473	418124.0 0.47630608 0.5236939	0.9999999999999999
80171659_2000	729.0	43	2	417619.0 0.5294826 0.4705174	417620.0 0.52432597 0.47567406	1.0000000000000000
70251894_6500	933.0	50	3	350296.0 0.5672317 0.4327683	350274.0 0.5671303 0.4328697	1.0000000000000000
80169469_7050	2037.0	12	8	371038.0 0.5358346 0.4641654	371032.0 0.5358379 0.4641621	1.0000000000000000
80169469_4800	1367.0	13	12	589703.0 0.6561388 0.34386122	589705.0 0.65613824 0.34386176	1.0000000000000000
80169469_5500	1373.0	13	13	349638.0 0.57995987 0.42004016	349639.0 0.57996106 0.42003897	1.0000000000000000
70301367_20000	460.0	67	14	345518.0 0.43310624 0.56689376	345521.0 0.42504507 0.5749549	1.0000000000000000
80217312_3500	933.0	18	27	554630.0 0.35433713 0.6456629	554630.0 0.35645747 0.6435425	1.0000000000000000
80169469_7050	2037.0	31	28	1014663.0 0.35176998 0.64823	1014664.0 0.35176966 0.6482304	1.0000000000000000
80169469_5500	1373.0	30	29	857100.0 0.76739585 0.23260413	857102.0 0.76739526 0.23260476	1.0000000000000000
80169469_6500	1578.0	30	30	1136552.0 0.175413 0.824587	1136550.0 0.17541331 0.8245867	1.0000000000000000
80169469_7050	2037.0	34	31	1400920.0 0.66897684 0.3310232	1400921.0 0.668977 0.33102295	1.0000000000000000
80169469_7050	2037.0	35	32	1743142.0 0.26603514 0.73396486	1743143.0 0.26603496 0.73396504	1.0000000000000000
80169469_7050	2037.0	36	33	1643996.0 0.77822876 0.22177123	1643995.0 0.77822983 0.22177014	1.0000000000000000
80169469_6500	1578.0	34	34	563207.0 0.6473481 0.35265186	563206.0 0.6473457 0.35265428	1.0000000000000000
80169469_6500	1578.0	35	35	439700.0 0.451708 0.54829204	439700.0 0.45171025 0.5482897	1.0000000000000000
80169469_7050	2037.0	38	36	3354923.0 0.07185947 0.9281405	3354923.0 0.07185947 0.9281405	1.0000000000000000
80169469_6500	1578.0	46	45	2380579.0 0.361967 0.63803303	2380578.0 0.36196673 0.6380333	1.0000000000000000
80169469_6500	1578.0	47	46	3092648.0 0.49112862 0.5088714	3092648.0 0.49112862 0.5088714	1.0000000000000000
80169469_7050	2037.0	53	48	1763233.0 0.11270376 0.88729626	1763233.0 0.11270376 0.88729626	1.0000000000000000
80169469_4800	1367.0	53	49	2598414.0 0.6021019 0.3978981	2598415.0 0.6021017 0.39789835	1.0000000000000000
80169469_5500	1373.0	53	50	2530586.0 0.4085627 0.59143734	2530589.0 0.408563 0.59143704	1.0000000000000000
80169469_5500	1373.0	54	51	2715416.0 0.55118 0.44882	2715416.0 0.55118036 0.44881964	1.0000000000000000
80169469_15000	2603.0	56	52	1417281.0 0.8599078 0.1400922	1417281.0 0.8599085 0.14009148	1.0000000000000000
80169469_6500	1578.0	54	53	974476.0 0.20374951 0.7962505	974475.0 0.20374972 0.7962503	1.0000000000000000
80169469_6500	1578.0	55	54	1958259.0 0.39623308 0.6037669	1958257.0 0.39623296 0.60376704	1.0000000000000000
80169469_5500	1373.0	60	58	2035333.0 0.13814054 0.86185944	2035337.0 0.13814075 0.86185926	1.0000000000000000
80169469_5500	1373.0	61	59	2307072.0 0.76034516 0.23965485	2307075.0 0.76034546 0.23965454	1.0000000000000000
80169469_6500	1578.0	60	60	939384.0 0.5885772 0.41142282	939386.0 0.58857703 0.411423	0.9999999999999999
80169469_5500	1373.0	63	61	776867.0 0.49749184 0.50250816	776867.0 0.49749184 0.50250816	1.0000000000000000
80169469_4800	1367.0	66	66	754112.0 0.4303963 0.56960374	754112.0 0.43039495 0.56960505	1.0000000000000000
80169469_5500	1373.0	69	67	2042708.0 0.21028262 0.7897174	2042710.0 0.21028242 0.78971756	1.0000000000000000
80169469_10000	2540.0	70	68	3498707.0 0.46107432 0.53892565	3498710.0 0.46107394 0.53892606	1.0000000000000000
