ID	BITRATE	START_IDX	CAPTURE_START_IDX	KEY	CAPTURE_KEY	CORRELATION
80168188_6500	2231.0	0	0	816974.0 0.24013126 0.4523351 0.45317844 0.9266158 0.42773944	816972.8 0.2401304 0.4531803 0.45233452 0.9266159 0.42773885	0.9999972482034899
80168188_6500	2231.0	1	1	817214.8 0.45220178 0.4530449 0.9263427 0.4276134 0.24079715	817214.8 0.4530461 0.45220056 0.92634153 0.4276122 0.2407996	0.9999972441208848
80168188_6500	2231.0	3	3	849642.0 0.89098823 0.41129324 0.23160696 0.70154727 0.26456437	849641.6 0.8909874 0.41129223 0.23160942 0.7015452 0.26456568	0.9999999999912367
80168188_6500	2231.0	4	4	713872.4 0.48951608 0.27565572 0.8349728 0.3148812 0.5849743	713871.6 0.4895152 0.27565882 0.83497083 0.31488293 0.58497214	0.9999999999869656
80168188_6500	2231.0	5	5	652547.2 0.30156133 0.913442 0.34447318 0.63994914 0.30057442	652546.4 0.30156478 0.91344005 0.34447512 0.6399469 0.30057326	0.9999999999762302
80168188_6500	2231.0	6	6	625326.8 0.953204 0.35946804 0.667806 0.3136584 0.20586355	625324.8 0.9532038 0.35947078 0.66780496 0.3136578 0.20586261	0.9999999999869335
80168188_6500	2231.0	7	7	465368.4 0.4830259 0.8973471 0.42147037 0.27662385 0.4215327	465366.8 0.48302972 0.8973459 0.4214697 0.27662265 0.421532	0.9999999999585586
80168188_7050	2237.0	23	19	2753242.0 0.62968457 0.15277444 0.0712233 0.23770559 1.4086121	2753253.2 0.629682 0.15277381 0.07122229 0.23770498 1.4086169	0.9999999999950113
80168188_7050	2237.0	24	20	2694288.8 0.15611728 0.072781734 0.24290678 1.4394337 0.58876055	2694299.5 0.15611665 0.0727807 0.24290618 1.4394387 0.5887579	0.9999999999951450
80168188_7050	2237.0	25	21	4322831.5 0.04536263 0.15139636 0.89715505 0.36695647 1.0391296	4322818.5 0.0453623 0.15139706 0.8971644 0.36695734 1.0391188	0.9999999998747318
80168188_5500	2056.0	35	33	2941415.2 0.066597536 0.12225475 1.4254142 0.20820284 0.67753065	2941415.2 0.06659685 0.12225407 1.4254142 0.20820352 0.67753136	0.9999999999993565
80168188_6500	2231.0	35	34	2941348.5 0.12225753 1.4254458 0.20820756 0.67754674 0.06654227	2941349.5 0.12225681 1.425446 0.20820817 0.6775465 0.06654259	0.9999999999995892
80168188_6500	2231.0	36	35	3174420.5 1.320787 0.19292057 0.6277999 0.06165661 0.2968359	3174423.2 1.3207864 0.19292103 0.6277994 0.06165687 0.2968363	0.9999999999998456
80168188_7050	2237.0	40	37	2475082.0 0.805185 0.07907779 0.3807086 0.28973746 0.9452911	2475071.2 0.8051894 0.07907853 0.38070986 0.28973833 0.9452839	0.9999999999420357
80168188_7050	2237.0	41	38	1972400.8 0.099231355 0.47773507 0.36357924 1.1862057 0.3732487	1972388.8 0.099232465 0.47773746 0.36358097 1.1861987 0.37325045	0.9999999999908273
80168188_7050	2237.0	42	39	2207469.5 0.42686206 0.32486248 1.0598892 0.33350223 0.35488418	2207456.8 0.4268641 0.3248639 1.0598826 0.3335037 0.3548858	0.9999999999975728
