ID	BITRATE	START_IDX	CAPTURE_START_IDX	KEY	CAPTURE_KEY	CORRELATION
70103763_7050	1475.0	28	0	256256.0 0.5494506 0.45054945	256239.0 0.54910064 0.45089936	1.0000000000000000
70123542_800	408.0	21	5	276274.0 0.45357868 0.5464213	276297.0 0.44409096 0.55590904	1.0000000000000000
70301367_10000	477.0	44	7	333517.0 0.41067773 0.58932227	333539.0 0.40439647 0.5956035	1.0000000000000000
81056132_15000	498.0	33	8	398021.0 0.49865207 0.5013479	398032.0 0.49909806 0.50090194	1.0000000000000000
80174429_1200	487.0	25	9	316367.0 0.6217052 0.37829483	316383.0 0.63016975 0.36983025	1.0000000000000000
80091741_7050	1917.0	5	20	353887.0 0.44507426 0.55492574	353881.0 0.45436177 0.5456382	1.0000000000000000
80091879_600	304.0	4	21	297855.0 0.6416713 0.35832873	297855.0 0.6482718 0.3517282	1.0000000000000000
14607635_1200	386.0	2	28	274347.0 0.44383574 0.55616426	274362.0 0.45045596 0.54954404	1.0000000000000000
70208599_2000	502.0	29	30	338719.0 0.49466372 0.5053363	338709.0 0.49115908 0.5088409	1.0000000000000000
