ID	BITRATE	START_IDX	CAPTURE_START_IDX	KEY	CAPTURE_KEY	CORRELATION
80163052_20000	418.0	3	3	319065.2 0.44848517 0.6089383 0.48540863 0.33426398 0.62290406	319064.4 0.4484831 0.6089335 0.48541296 0.3342648 0.6229056	0.9999999996033050
80163052_20000	418.0	8	9	347433.2 0.44376877 0.4839146 0.57367 0.451045 0.5476017	347434.0 0.4437591 0.48391637 0.57367444 0.45104393 0.54760617	0.9999999982703058
80163052_20000	418.0	9	10	365266.4 0.4602887 0.545662 0.42902386 0.5208664 0.544159	365269.2 0.46028793 0.5456633 0.42902058 0.52086794 0.5441603	0.9999999999246612
80163052_7050	418.0	11	21	717514.8 1.0101268 0.27720404 0.7671437 0.27729464 0.16823067	717512.4 1.0101261 0.27720496 0.7671422 0.27729416 0.16823263	0.9999999999967943
80163052_6500	412.0	12	22	468500.4 0.42453966 1.1748912 0.42468053 0.25764546 0.21824314	468500.0 0.42454216 1.1748857 0.42467877 0.25764996 0.21824333	0.9999999999834692
80163052_6500	412.0	13	23	472722.8 1.164397 0.42088723 0.25534415 0.21629377 0.44307783	472721.2 1.1643946 0.42088658 0.25534925 0.21629451 0.44307512	0.9999999999775433
80163052_6500	412.0	14	24	332028.4 0.5992349 0.3635442 0.30794653 0.63082856 0.5984458	332028.0 0.5992326 0.36355066 0.30794692 0.6308233 0.5984465	0.9999999997814276
80163052_6500	412.0	15	25	387044.0 0.31186894 0.2641741 0.5411607 0.5133809 0.86941534	387044.0 0.3118741 0.2641741 0.5411555 0.5133809 0.86941534	0.9999999998969188
80163052_6500	412.0	16	26	395104.8 0.2587845 0.5301201 0.50290704 0.85167783 0.35651046	395104.8 0.2587845 0.530115 0.50290704 0.85167783 0.35651553	0.9999999998833402
80163052_7050	418.0	17	27	489873.2 0.42756373 0.40561518 0.68691653 0.2875438 0.6923608	489874.4 0.4275606 0.40561622 0.68691486 0.28754514 0.6923632	0.9999999999201755
80163052_7050	418.0	18	28	452057.2 0.43954617 0.7443793 0.31159773 0.75027895 0.25419793	452058.4 0.43954718 0.74437726 0.3115991 0.7502814 0.25419503	0.9999999999549674
80163052_7050	418.0	19	29	452105.2 0.74430025 0.31156465 0.7501993 0.25417092 0.43976492	452106.0 0.7442989 0.31156632 0.75020236 0.25416827 0.4397641	0.9999999999581274
80163052_7050	418.0	20	30	490340.8 0.2872696 0.6917005 0.23435129 0.40547308 0.88120544	490343.2 0.28727022 0.69170123 0.23434812 0.40547112 0.8812094	0.9999999999846493
80163052_7050	418.0	21	31	513786.0 0.6601367 0.22365732 0.38697046 0.8409941 0.3882414	513788.0 0.660138 0.22365451 0.38696894 0.84099865 0.3882399	0.9999999999983107
80163052_7050	418.0	22	32	455834.4 0.25209156 0.43616715 0.9479122 0.4375997 0.42622936	455835.2 0.25208893 0.4361664 0.94791937 0.43759894 0.4262264	0.9999999999913654
80163052_7050	418.0	23	33	467108.0 0.4256403 0.92503446 0.42703828 0.41594234 0.30634457	467108.8 0.42563957 0.92504144 0.42703754 0.41593948 0.3063419	0.9999999999938901
80163052_6500	412.0	24	34	453902.0 0.9519588 0.4394583 0.42804614 0.3152575 0.3652793	453901.2 0.9519583 0.4394635 0.4280425 0.31525585 0.36527994	0.9999999999179278
80163052_6500	412.0	25	35	343015.2 0.58152235 0.566421 0.41717103 0.48336345 0.4515223	343014.4 0.5815295 0.56641644 0.41716906 0.48336455 0.45152038	0.9999999983597648
80163052_10000	429.0	31	38	301650.0 0.54964364 0.5134394 0.6581535 0.3535654 0.42519808	301649.6 0.5496477 0.5134368 0.6581511 0.35356256 0.42520195	0.9999999995224235
80163052_10000	429.0	32	39	297001.2 0.52147603 0.66845524 0.35909957 0.4318535 0.51911575	297000.0 0.5214747 0.6684545 0.35909763 0.4318586 0.5191145	0.9999999996987351
80163052_10000	429.0	33	40	302301.2 0.6567358 0.35280377 0.42428216 0.51001453 0.55616385	302300.4 0.65673417 0.35280138 0.42428657 0.51001257 0.55616534	0.9999999996992247
80163052_7050	418.0	32	42	322434.0 0.39779302 0.47817537 0.52143383 0.48600954 0.6165882	322434.8 0.39779204 0.47816488 0.5214356 0.48601452 0.6165928	0.9999999973614631
80163052_7050	418.0	33	43	347231.6 0.4440264 0.48419556 0.4513011 0.57255447 0.5479225	347232.8 0.44401622 0.48419675 0.45130527 0.5725582 0.54792345	0.9999999960792192
80163052_15000	420.0	40	44	365230.4 0.46041074 0.42906615 0.54434407 0.5209178 0.54526126	365220.8 0.4603489 0.42907742 0.5443584 0.5209369 0.5452784	0.9999998312313330
80163052_15000	420.0	41	45	377434.4 0.41519266 0.5267432 0.50407434 0.52763075 0.526359	377434.8 0.41519222 0.52674264 0.5040791 0.52763283 0.5263531	0.9999999967194170
80163052_15000	420.0	42	46	457586.4 0.4344775 0.41577938 0.4352096 0.43416062 0.78037286	457586.8 0.43447712 0.4157834 0.43521142 0.43415588 0.78037214	0.9999999997892574
80163052_15000	420.0	43	47	440321.6 0.4320819 0.452274 0.45118386 0.8109709 0.35348937	440322.4 0.43208566 0.45227543 0.4511785 0.8109694 0.35349098	0.9999999998224088
80163052_15000	420.0	44	48	411259.2 0.48423478 0.48306763 0.8682797 0.37846935 0.28594863	411259.6 0.48423672 0.4830623 0.86827886 0.3784714 0.28595078	0.9999999999055257
80163052_15000	420.0	45	49	411287.2 0.48303473 0.86822057 0.3784436 0.28592917 0.48437202	411286.4 0.4830308 0.86822224 0.37844673 0.28593212 0.48436806	0.9999999998673507
80163052_15000	420.0	46	50	527306.0 0.6771931 0.29517776 0.22301851 0.3777996 0.926811	527306.0 0.6771931 0.29517964 0.2230204 0.37779582 0.926811	0.9999999999697627
80163052_20000	418.0	55	51	429816.8 0.36213335 0.27359796 0.4634905 1.1370239 0.26375422	429817.2 0.3621307 0.2736047 0.46348542 1.1370252 0.26375398	0.9999999999251491
80163052_7050	418.0	41	52	447073.2 0.26304194 0.4455937 1.0931364 0.2535737 0.44465426	447074.4 0.26304346 0.44559473 1.0931357 0.253573 0.44465306	0.9999999999946871
80163052_7050	418.0	42	53	490299.6 0.4063087 0.996762 0.23121782 0.4054521 0.4602594	490300.4 0.40631008 0.9967624 0.23121743 0.40545142 0.46025863	0.9999999999955748
80163052_7050	418.0	43	54	464839.6 1.0513562 0.24388199 0.42765936 0.48546854 0.29163393	464840.4 1.0513566 0.24388155 0.42765862 0.4854677 0.29163557	0.9999999999949187
80163052_7050	418.0	44	55	371694.8 0.30499753 0.53482854 0.60712445 0.36471587 0.6883335	371695.2 0.30499724 0.534828 0.6071238 0.3647182 0.68833286	0.9999999999783572
80163052_4200	431.0	43	59	375592.8 0.68118715 0.5287881 0.45389047 0.32976136 0.50637287	375591.2 0.68119276 0.52879566 0.4538818 0.3297548 0.506375	0.9999999992703970
80163052_7050	418.0	52	63	400746.0 0.4745924 0.4731401 0.49786898 0.5587804 0.49561816	400734.4 0.47460362 0.4730889 0.49788088 0.5587916 0.495635	0.9999997177880671
80163052_7050	418.0	53	64	443045.6 0.42796725 0.45033514 0.50543106 0.44829923 0.6679674	443034.8 0.42791897 0.45034385 0.50543886 0.4483124 0.66798586	0.9999999715708480
80163052_7050	418.0	54	65	414446.0 0.48141134 0.54030925 0.47923493 0.7140617 0.28498283	414445.6 0.4814094 0.54030496 0.47923782 0.7140648 0.28498313	0.9999999997960615
80163052_2000	417.0	46	66	414029.2 0.5408532 0.4797198 0.7147805 0.2852625 0.47938406	414030.4 0.54084677 0.4797184 0.7147808 0.2852689 0.47938508	0.9999999996855042
80163052_4800	426.0	53	67	428014.4 0.4640498 0.69142765 0.275944 0.46372038 0.60485816	428013.2 0.46404645 0.6914296 0.27594945 0.46372402 0.60485053	0.9999999995568243
80163052_4800	426.0	54	68	391961.2 0.7550263 0.30132574 0.5063741 0.66049397 0.27677995	391960.4 0.7550278 0.30133146 0.5063777 0.6604851 0.27677795	0.9999999996827349
80163052_4800	426.0	55	69	389715.6 0.30306202 0.5092919 0.66429985 0.2783748 0.74497145	389715.2 0.30306748 0.509295 0.66429025 0.27837253 0.7449748	0.9999999996066307
