ID	BITRATE	START_IDX	CAPTURE_START_IDX	KEY	CAPTURE_KEY	CORRELATION
80168188_1200	607.0	34	1	1245591.0 0.6267033 0.37329668	1245589.0 0.62670434 0.3732957	1.0000000000000000
80091879_1200	357.0	19	4	346318.0 0.43218082 0.5678192	346319.0 0.43325084 0.56674916	1.0000000000000000
80168188_600	614.0	32	7	236285.0 0.53766847 0.4623315	236287.0 0.53766394 0.46233606	1.0000000000000000
80169469_1200	367.0	15	8	267070.0 0.40988505 0.59011495	267061.0 0.4090601 0.5909399	1.0000000000000000
80031611_800	387.0	19	10	354436.0 0.6339791 0.36602095	354431.0 0.6368771 0.36312285	1.0000000000000000
80168188_800	605.0	16	14	419264.0 0.73207337 0.26792666	419265.0 0.73207396 0.267926	1.0000000000000000
80168188_800	605.0	17	15	422649.0 0.26578084 0.7342192	422646.0 0.2657827 0.7342173	1.0000000000000000
80168188_800	605.0	18	16	562110.0 0.55205745 0.44794258	562108.0 0.55205405 0.44794595	0.9999999999999999
80168188_800	605.0	19	17	756621.0 0.33278617 0.66721386	756622.0 0.33278704 0.66721296	1.0000000000000000
80168188_1200	607.0	14	18	700993.0 0.7201627 0.2798373	700996.0 0.72015816 0.2798418	1.0000000000000000
80168188_1200	607.0	15	19	312188.0 0.62835217 0.37164786	312193.0 0.6283549 0.3716451	1.0000000000000000
80009431_800	375.0	21	21	442562.0 0.3457843 0.6542157	442544.0 0.3472423 0.6527577	1.0000000000000000
70208599_6500	877.0	57	28	758180.0 0.73774695 0.26225302	758197.0 0.74075073 0.25924924	1.0000000000000000
14607635_7050	923.0	19	29	457699.0 0.43390745 0.56609255	457723.0 0.4294344 0.5705656	1.0000000000000000
80168188_1200	607.0	23	30	1054457.0 0.24767439 0.7523256	1054455.0 0.24767391 0.7523261	1.0000000000000000
80168188_1200	607.0	24	31	989445.0 0.8017576 0.19824246	989444.0 0.80175734 0.19824265	1.0000000000000000
80168188_800	605.0	32	34	766308.0 0.7053026 0.29469743	766306.0 0.7052992 0.2947008	1.0000000000000000
80168188_600	614.0	24	35	540541.0 0.41777775 0.5822223	540547.0 0.41778237 0.58221763	1.0000000000000000
60026145_5500	1566.0	70	49	837603.0 0.23393899 0.766061	837593.0 0.22492069 0.7750793	1.0000000000000000
80168188_1200	607.0	48	51	566265.0 0.6538193 0.34618068	566264.0 0.65382224 0.34617776	1.0000000000000000
81056132_7050	504.0	45	52	326620.0 0.608343 0.39165697	326617.0 0.600177 0.39982304	1.0000000000000000
