ID	BITRATE	START_IDX	CAPTURE_START_IDX	KEY	CAPTURE_KEY	CORRELATION
80239639_2000	696.0	1	0	344320.0 0.4229554 0.5770446	344330.0 0.4205907 0.5794093	1.0000000000000000
70251894_800	353.0	3	4	505171.0 0.39460105 0.60539895	505195.0 0.39250785 0.60749215	1.0000000000000000
70102778_1200	403.0	46	8	456605.0 0.7108945 0.28910547	456629.0 0.71078926 0.2892107	1.0000000000000000
80169469_20000	2523.0	11	12	1945379.0 0.90789765 0.09210236	1945377.0 0.90789753 0.09210245	1.0000000000000000
80169469_20000	2523.0	12	13	581429.0 0.30816144 0.69183856	581428.0 0.30816197 0.691838	1.0000000000000000
80169469_20000	2523.0	13	14	1392158.0 0.2889435 0.71105653	1392157.0 0.288943 0.711057	1.0000000000000000
80169469_20000	2523.0	14	15	1188716.0 0.8327498 0.16725022	1188718.0 0.8327484 0.16725162	1.0000000000000000
80169469_15000	2603.0	14	16	426617.0 0.4660269 0.5339731	426618.0 0.4660258 0.5339742	1.0000000000000000
80169469_15000	2603.0	15	17	737957.0 0.30869278 0.69130725	737958.0 0.3086937 0.6913063	1.0000000000000000
80169469_15000	2603.0	16	18	930663.0 0.548163 0.45183703	930662.0 0.5481636 0.45183644	1.0000000000000000
80169469_15000	2603.0	17	19	1094371.0 0.3842463 0.6157537	1094370.0 0.38424572 0.61575425	1.0000000000000000
80169469_15000	2603.0	18	20	1482651.0 0.45449874 0.5455013	1482651.0 0.45449874 0.5455013	1.0000000000000000
80169469_15000	2603.0	20	23	963337.0 0.7937793 0.20622067	963335.0 0.7937789 0.2062211	1.0000000000000000
80169469_20000	2523.0	28	30	983553.0 0.7981888 0.2018112	983550.0 0.79819125 0.20180875	1.0000000000000000
80169469_15000	2603.0	28	32	3323914.0 0.6279564 0.3720436	3323911.0 0.6279572 0.37204275	1.0000000000000000
80169469_15000	2603.0	29	33	2410347.0 0.51305515 0.48694482	2410343.0 0.5130544 0.48694563	1.0000000000000000
80169469_20000	2523.0	31	34	1872661.0 0.62675625 0.37324375	1872666.0 0.6267567 0.37324327	1.0000000000000000
80169469_15000	2603.0	31	35	1538957.0 0.45417774 0.54582226	1538957.0 0.45417774 0.54582226	1.0000000000000000
80169469_10000	2540.0	26	36	1497732.0 0.560846 0.439154	1497732.0 0.560846 0.439154	1.0000000000000000
80169469_5500	1373.0	30	37	857100.0 0.76739585 0.23260413	857099.0 0.76739675 0.23260324	0.9999999999999999
80169469_20000	2523.0	35	38	2019541.0 0.09871797 0.901282	2019539.0 0.09871758 0.9012824	1.0000000000000000
80169469_20000	2523.0	36	39	2861289.0 0.63613844 0.36386153	2861288.0 0.6361383 0.36386165	1.0000000000000000
80169469_15000	2603.0	36	40	4351088.0 0.23927578 0.7607242	4351091.0 0.2392763 0.7607237	1.0000000000000000
80169469_15000	2603.0	37	41	4680279.0 0.7072181 0.29278192	4680282.0 0.70721763 0.29278237	1.0000000000000000
80169469_15000	2603.0	40	43	3899116.0 0.20138359 0.7986164	3899118.0 0.20138375 0.79861623	1.0000000000000000
80169469_15000	2603.0	41	44	4381591.0 0.71067744 0.28932253	4381589.0 0.71067804 0.289322	1.0000000000000000
80169469_20000	2523.0	49	52	872665.0 0.7714037 0.22859631	872663.0 0.7714043 0.22859569	1.0000000000000000
80169469_6500	1578.0	49	57	1763236.0 0.8872953 0.11270471	1763235.0 0.8872964 0.11270364	1.0000000000000000
80169469_20000	2523.0	58	60	1967794.0 0.8991012 0.10089877	1967793.0 0.89910066 0.10089933	1.0000000000000000
80081155_1200	381.0	31	61	508408.0 0.38655174 0.61344826	508433.0 0.39051163 0.60948837	1.0000000000000000
80169469_20000	2523.0	64	65	5970668.0 0.8016857 0.19831432	5970669.0 0.8016857 0.1983143	1.0000000000000000
80169469_15000	2603.0	68	71	1103527.0 0.81938183 0.18061815	1103524.0 0.81938136 0.18061863	1.0000000000000000
80169469_20000	2523.0	73	74	2793276.0 0.4224835 0.5775165	2793277.0 0.42248407 0.57751596	1.0000000000000000
80169469_15000	2603.0	73	76	3498904.0 0.74617565 0.25382435	3498904.0 0.74617535 0.25382462	1.0000000000000000
80169469_20000	2523.0	76	77	1087111.0 0.81694144 0.18305859	1087112.0 0.8169425 0.1830575	0.9999999999999999
