ID	BITRATE	START_IDX	CAPTURE_START_IDX	KEY	CAPTURE_KEY	CORRELATION
80232502_4200	1011.0	26	0	631166.0 0.31575686 0.68424314	631165.0 0.31540248 0.68459755	1.0000000000000000
70298735_5500	468.0	27	7	305985.0 0.35833782 0.6416622	305962.0 0.3485727 0.6514273	1.0000000000000000
80163052_6500	412.0	2	8	353484.0 0.5618501 0.43814996	353491.0 0.56383896 0.43616104	1.0000000000000000
80163052_7050	418.0	33	9	322308.0 0.47836232 0.5216377	322307.0 0.47836068 0.5216393	1.0000000000000000
80163052_7050	418.0	34	10	324834.0 0.5175813 0.48241872	324835.0 0.5175797 0.4824203	1.0000000000000000
80163052_3500	457.0	28	11	346964.0 0.45165494 0.5483451	346961.0 0.45165595 0.5483441	1.0000000000000000
80232502_7050	1873.0	0	12	388993.0 0.48930186 0.51069814	389018.0 0.4890622 0.5109378	1.0000000000000000
80163052_20000	418.0	13	13	327025.0 0.6077914 0.39220855	327026.0 0.6077927 0.39220735	1.0000000000000000
80163052_20000	418.0	14	14	485350.0 0.26426703 0.735733	485351.0 0.2642665 0.7357335	0.9999999999999999
80163052_6500	412.0	39	15	512739.0 0.69643426 0.30356574	512741.0 0.6964315 0.30356848	1.0000000000000000
70167075_15000	1087.0	9	17	319594.0 0.38507608 0.61492395	319608.0 0.37767828 0.6223217	1.0000000000000000
80163052_7050	418.0	12	18	749335.0 0.2654327 0.73456734	749336.0 0.26543367 0.73456633	1.0000000000000000
80163052_7050	418.0	13	19	749400.0 0.7345036 0.2654964	749400.0 0.7345036 0.2654964	1.0000000000000000
80081770_1200	522.0	27	20	923752.0 0.2122193 0.7877807	923742.0 0.21538806 0.78461194	1.0000000000000000
80163052_6500	412.0	16	22	311700.0 0.32803017 0.67196983	311698.0 0.32803547 0.6719645	1.0000000000000000
80163052_4200	431.0	14	23	545953.0 0.3836429 0.6163571	545949.0 0.3836439 0.61635613	1.0000000000000000
80163052_7050	418.0	19	24	477362.0 0.70491993 0.29508004	477360.0 0.7049166 0.29508337	1.0000000000000000
80163052_4200	431.0	20	28	575187.0 0.7512235 0.24877648	575189.0 0.7512209 0.2487791	1.0000000000000000
80163052_5500	422.0	0	31	349166.0 0.5564373 0.44356266	349170.0 0.5564367 0.4435633	0.9999999999999999
80163052_7050	418.0	29	32	261528.0 0.59220046 0.40779954	261529.0 0.5922058 0.40779418	1.0000000000000000
80031715_4800	1166.0	1	33	306122.0 0.34971678 0.6502832	306122.0 0.34839052 0.6516095	1.0000000000000000
80000643_1200	826.0	13	34	327722.0 0.59869343 0.4013066	327734.0 0.60863996 0.39136007	1.0000000000000000
80163052_7050	418.0	32	35	282442.0 0.454118 0.545882	282441.0 0.45411962 0.5458804	1.0000000000000000
81076251_1200	463.0	7	37	355225.0 0.55868536 0.44131467	355239.0 0.5588688 0.44113117	1.0000000000000000
80163052_4800	426.0	62	38	324835.0 0.48241723 0.5175828	324835.0 0.4824203 0.5175797	0.9999999999999999
80163052_6500	412.0	39	42	512739.0 0.69643426 0.30356574	512741.0 0.6964315 0.30356848	1.0000000000000000
80163052_4800	426.0	38	43	273250.0 0.5696249 0.43037513	273252.0 0.56962806 0.43037197	1.0000000000000000
70084788_3500	857.0	3	44	316765.0 0.3713068 0.6286932	316745.0 0.3712766 0.62872344	1.0000000000000000
70041162_4800	1143.0	10	45	687898.0 0.28504226 0.7149577	687883.0 0.28950417 0.7104958	1.0000000000000000
80174429_4800	1410.0	74	46	687385.0 0.71489483 0.28510514	687402.0 0.710993 0.289007	1.0000000000000000
80171659_4800	1592.0	6	47	364448.0 0.54047215 0.45952782	364464.0 0.5450854 0.4549146	1.0000000000000000
80163052_6500	412.0	45	49	339031.0 0.3343824 0.6656176	339029.0 0.33438438 0.6656156	0.9999999999999999
81110498_3500	1564.0	49	52	397404.0 0.5000805 0.49991947	397403.0 0.50022775 0.49977228	1.0000000000000000
80191608_2000	608.0	38	53	369077.0 0.5385191 0.46148095	369090.0 0.53810996 0.46189004	1.0000000000000000
80163052_7050	418.0	49	54	294333.0 0.5791977 0.4208023	294334.0 0.57920253 0.42079747	1.0000000000000000
80163052_4800	426.0	48	55	314045.0 0.39438614 0.6056138	314045.0 0.39438614 0.6056138	1.0000000000000000
81056132_6500	498.0	33	57	335088.0 0.4042938 0.5957062	335082.0 0.40456665 0.59543335	1.0000000000000000
80163052_4200	431.0	48	58	389099.0 0.5127692 0.48723075	389099.0 0.5127718 0.48722818	0.9999999999999999
80163052_4800	426.0	50	59	413511.0 0.45847148 0.5415285	413508.0 0.45846754 0.54153246	1.0000000000000000
80163052_3500	457.0	47	60	519869.0 0.43073928 0.5692607	519868.0 0.43074012 0.5692599	1.0000000000000000
80163052_7050	418.0	57	61	414050.0 0.71474457 0.2852554	414051.0 0.7147429 0.28525713	1.0000000000000000
60000870_7050	1413.0	8	63	397122.0 0.5064363 0.49356368	397098.0 0.50017625 0.49982372	1.0000000000000000
80163052_7050	418.0	60	64	306962.0 0.6465882 0.35341182	306964.0 0.6465872 0.35341278	1.0000000000000000
80163052_20000	418.0	77	67	446444.0 0.6503055 0.34969446	446446.0 0.6503093 0.34969068	1.0000000000000000
