ID	BITRATE	START_IDX	CAPTURE_START_IDX	KEY	CAPTURE_KEY	CORRELATION
80168188_6500	2231.0	6	7	625326.8 0.953204 0.35946804 0.667806 0.3136584 0.20586355	625324.8 0.9532054 0.35946918 0.66780496 0.3136594 0.20586102	0.9999999999867109
80168188_6500	2231.0	7	8	465368.4 0.4830259 0.8973471 0.42147037 0.27662385 0.4215327	465366.4 0.483028 0.8973467 0.4214722 0.27662075 0.42153236	0.9999999999615491
80168188_6500	2231.0	8	9	574889.2 0.72639567 0.34117705 0.22392489 0.3412275 0.86727494	574888.4 0.72639316 0.34117752 0.22392173 0.34122625 0.86728144	0.9999999999454087
80168188_6500	2231.0	9	10	605629.2 0.3238599 0.2125591 0.32390776 0.8232546 0.8164187	605629.6 0.32385966 0.21255565 0.3239059 0.82325894 0.8164198	0.9999999999886111
80168188_6500	2231.0	10	11	683468.8 0.18835095 0.2870182 0.72949487 0.72343755 0.57169837	683456.8 0.18835133 0.2870218 0.7295121 0.72345173 0.571663	0.9999999965987681
80168188_6500	2231.0	11	12	700124.8 0.28019005 0.71214014 0.70622694 0.55809766 0.24334519	700112.4 0.2801936 0.71215713 0.7062409 0.55806327 0.24334522	0.9999999960769396
80168188_6500	2231.0	12	13	685735.6 0.72708344 0.7210461 0.56980854 0.24845144 0.23361044	685724.0 0.72710013 0.7210598 0.56977296 0.24845128 0.23361586	0.9999999964031129
80168188_6500	2231.0	13	14	804846.0 0.6143374 0.4854817 0.21168274 0.19903807 0.9894601	804834.0 0.6143478 0.48545042 0.21168216 0.19904229 0.98947734	0.9999999985784747
80168188_6500	2231.0	28	28	3095781.5 0.063494466 0.40867904 1.3592885 0.19465294 0.47388518	3095790.0 0.06349365 0.40867758 1.3592937 0.19465177 0.47388324	0.9999999999965137
80168188_6500	2231.0	29	29	3780715.2 0.33464065 1.1130328 0.15938862 0.38803372 0.5049042	3780725.2 0.3346395 1.1130372 0.15938768 0.38803217 0.5049034	0.9999999999969772
80168188_6500	2231.0	30	30	3353315.5 1.2548953 0.17970364 0.43749088 0.5692572 0.058652997	3353327.2 1.2548993 0.17970242 0.43748876 0.5692558 0.058653686	0.9999999999925473
80168188_5500	2056.0	31	31	1748448.8 0.34464893 0.8390552 1.0917684 0.11249057 0.112037025	1748448.0 0.34464908 0.8390544 1.0917689 0.11249119 0.112036504	0.9999999999990437
80168188_5500	2056.0	32	32	1651249.2 0.8884455 1.1560345 0.11911224 0.118631996 0.21777572	1651246.8 0.8884457 1.1560361 0.11911303 0.11863157 0.21777363	0.9999999999971726
80168188_5500	2056.0	33	33	2741525.2 0.6962916 0.07174254 0.07145329 0.13116859 1.529344	2741535.2 0.69628906 0.07174265 0.07145266 0.13116665 1.529349	0.9999999999949686
