ID	BITRATE	START_IDX	CAPTURE_START_IDX	KEY	CAPTURE_KEY	CORRELATION
80163052_20000	418.0	38	1	512988.0 0.84231013 0.2789461 0.37874374	513006.0 0.84227866 0.2789909 0.37873048	0.9999999967833566
80163052_7050	418.0	33	9	319342.66 0.48280427 0.5264815 0.49071428	319342.66 0.48280114 0.5264815 0.4907174	0.9999999912090678
80163052_20000	418.0	11	11	363817.34 0.43073264 0.522941 0.54632634	363816.66 0.4307307 0.5229392 0.54633015	0.9999999992326976
80163052_20000	418.0	12	12	344853.34 0.55169827 0.57636964 0.37193203	344853.34 0.5516954 0.57637256 0.37193203	0.9999999996665141
80163052_20000	418.0	13	13	456075.34 0.43581176 0.28122985 0.7829583	456076.66 0.4358127 0.28122905 0.78295827	0.9999999999944621
80163052_20000	418.0	14	14	427334.0 0.3001446 0.835618 0.36423734	427335.34 0.30014366 0.8356178 0.36423853	0.9999999999930658
80163052_7050	418.0	12	18	632198.7 0.3146131 0.8706709 0.31471592	632199.3 0.3146144 0.87067 0.31471562	0.9999999999969655
80163052_4200	431.0	13	22	432134.0 0.2366118 0.48468992 0.77869827	432131.34 0.23661324 0.4846906 0.7786961	0.9999999999983187
80163052_20000	418.0	4	31	303880.0 0.6393675 0.509665 0.3509675	303880.0 0.6393675 0.50967157 0.3509609	0.9999999992752210
80163052_6500	412.0	6	34	321282.0 0.62090313 0.39921626 0.4798806	321275.34 0.62087554 0.39922765 0.47989678	0.9999999953499155
80163052_4200	431.0	34	42	420224.66 0.8497526 0.37039712 0.2798503	420227.34 0.84975195 0.3703995 0.27984852	0.9999999999753488
80163052_4200	431.0	44	53	328628.66 0.6043569 0.51875573 0.3768874	328630.0 0.6043605 0.5187566 0.37688282	0.9999999999980946
80163052_4200	431.0	45	54	323016.0 0.5277695 0.3834361 0.58879435	323016.0 0.5277726 0.383433 0.58879435	0.9999999997709025
80163052_4200	431.0	48	58	408684.66 0.48819548 0.4638809 0.5479237	408684.66 0.48819792 0.46387845 0.5479237	0.9999999985259421
80163052_3500	457.0	46	59	472968.0 0.40083686 0.47345275 0.6257104	472965.34 0.40083274 0.4734554 0.6257118	0.9999999996990794
80163052_3500	457.0	47	60	425320.0 0.526493 0.6958079 0.27769914	425319.34 0.5264938 0.69580656 0.27769956	0.9999999999927121
