ID	BITRATE	START_IDX	CAPTURE_START_IDX	KEY	CAPTURE_KEY	CORRELATION
80169469_7050	2037.0	1	0	455685.0 0.4373767 0.5626233	455685.0 0.43737888 0.5626211	1.0000000000000000
80232502_6500	1632.0	32	3	490389.0 0.40640798 0.59359205	490378.0 0.40518335 0.5948166	1.0000000000000000
80169469_7050	2037.0	9	8	918709.0 0.72898924 0.27101073	918707.0 0.7289898 0.27101025	1.0000000000000000
80169469_6500	1578.0	12	10	288509.0 0.59694153 0.40305847	288506.0 0.5969443 0.40305573	1.0000000000000000
80169469_6500	1578.0	13	11	503214.0 0.23108658 0.76891345	503211.0 0.23108397 0.768916	1.0000000000000000
80169469_4800	1367.0	13	12	589703.0 0.6561388 0.34386122	589705.0 0.6561366 0.34386346	1.0000000000000000
80169469_6500	1578.0	18	13	355302.0 0.57071733 0.4292827	355300.0 0.57072335 0.42927667	1.0000000000000000
80169469_4800	1367.0	15	14	299386.0 0.5094527 0.49054733	299383.0 0.5094544 0.49054554	1.0000000000000000
70301367_20000	460.0	67	15	345518.0 0.43310624 0.56689376	345521.0 0.42504218 0.5749578	0.9999999999999999
80169469_10000	2540.0	19	17	485103.0 0.5103143 0.48968568	485099.0 0.51031643 0.48968354	0.9999999999999999
80169469_4200	1007.0	13	18	372116.0 0.6383708 0.36162916	372115.0 0.6383645 0.3616355	1.0000000000000000
80169469_4200	1007.0	17	24	306050.0 0.3514393 0.6485607	306048.0 0.3514416 0.6485584	1.0000000000000000
80169469_7050	2037.0	28	27	1283199.0 0.58105487 0.41894516	1283197.0 0.58105266 0.41894737	1.0000000000000000
60020801_15000	1185.0	20	28	735296.0 0.7325458 0.2674542	735295.0 0.7311242 0.26887575	1.0000000000000000
80217312_3500	933.0	18	29	554630.0 0.35433713 0.6456629	554630.0 0.35645926 0.64354074	1.0000000000000000
80169469_7050	2037.0	31	30	1014663.0 0.35176998 0.64823	1014661.0 0.35176972 0.6482303	1.0000000000000000
80169469_7050	2037.0	34	32	1400920.0 0.66897684 0.3310232	1400922.0 0.66897726 0.3310227	1.0000000000000000
80169469_20000	2523.0	41	37	3899086.0 0.20138514 0.79861486	3899061.0 0.20138694 0.7986131	1.0000000000000000
80144140_20000	592.0	17	39	571129.0 0.6772218 0.32277822	571121.0 0.67491126 0.32508874	1.0000000000000000
80169469_15000	2603.0	46	43	2488891.0 0.36363825 0.6363617	2488891.0 0.36363867 0.63636136	1.0000000000000000
80169469_20000	2523.0	50	47	1772698.0 0.11253355 0.88746643	1772693.0 0.112532176 0.8874678	1.0000000000000000
80169469_7050	2037.0	54	51	3333757.0 0.46929336 0.53070664	3333758.0 0.4692938 0.53070617	1.0000000000000000
80169469_7050	2037.0	55	52	2987979.0 0.59212166 0.40787837	2987978.0 0.5921215 0.40787852	1.0000000000000000
80169469_7050	2037.0	56	53	4917569.0 0.24783221 0.75216776	4917567.0 0.24783231 0.7521677	1.0000000000000000
80169469_10000	2540.0	51	56	2499431.0 0.52695996 0.47304007	2499430.0 0.5269597 0.47304025	1.0000000000000000
80169469_10000	2540.0	54	58	4985812.0 0.96004444 0.03995558	4985809.0 0.9600448 0.039955202	1.0000000000000000
80199806_20000	1719.0	31	61	851290.0 0.76668936 0.23331062	851278.0 0.7664523 0.23354767	1.0000000000000000
80169469_5500	1373.0	67	68	555910.0 0.64145994 0.35854006	555912.0 0.64145947 0.35854056	1.0000000000000000
80169469_10000	2540.0	70	71	3498707.0 0.46107432 0.53892565	3498709.0 0.46107408 0.53892595	1.0000000000000000
80169469_7050	2037.0	74	74	4340097.0 0.60155267 0.3984473	4340097.0 0.6015524 0.39844754	1.0000000000000000
80169469_10000	2540.0	76	75	5760395.0 0.3002051 0.6997949	5760395.0 0.3002053 0.6997947	1.0000000000000000
