ID	BITRATE	START_IDX	CAPTURE_START_IDX	KEY	CAPTURE_KEY	CORRELATION
80171659_7050	2406.0	0	0	429449.0 0.5430261 0.45697394	429448.0 0.54302734 0.45697266	1.0000000000000000
60020801_2000	486.0	46	7	406079.0 0.51725405 0.48274598	406057.0 0.5171392 0.48286077	1.0000000000000000
80091879_800	351.0	8	8	392472.0 0.49895534 0.50104463	392454.0 0.4995974 0.50040257	1.0000000000000000
80171659_7050	2406.0	6	9	428724.0 0.45807093 0.54192907	428726.0 0.45806646 0.54193354	1.0000000000000000
80171659_15000	5464.0	8	11	1804305.0 0.45762828 0.5423717	1804303.0 0.45762825 0.54237175	1.0000000000000000
80171659_15000	5464.0	11	13	1459755.0 0.6337022 0.36629778	1459755.0 0.6337036 0.3662964	1.0000000000000000
80171659_15000	5464.0	12	14	731312.0 0.7311585 0.26884148	731308.0 0.7311598 0.26884022	1.0000000000000000
80171659_15000	5464.0	13	15	1398424.0 0.14059184 0.85940814	1398423.0 0.1405905 0.8594095	1.0000000000000000
80171659_15000	5464.0	14	16	1397669.0 0.8598724 0.1401276	1397672.0 0.85987127 0.14012873	1.0000000000000000
80171659_20000	5573.0	29	26	3788006.0 0.6519871 0.34801292	3788006.0 0.6519871 0.34801292	1.0000000000000000
80171659_20000	5573.0	30	27	1514323.0 0.8705375 0.12946247	1514323.0 0.8705375 0.12946247	1.0000000000000000
80171659_20000	5573.0	31	28	2726649.0 0.07190071 0.9280993	2726654.0 0.07190058 0.9280994	1.0000000000000000
80171659_20000	5573.0	36	32	6684505.0 0.76261353 0.23738647	6684510.0 0.7626137 0.23738629	1.0000000000000000
80171659_20000	5573.0	37	33	1783001.0 0.8899664 0.11003359	1783002.0 0.8899659 0.110034086	1.0000000000000000
80171659_20000	5573.0	41	37	6945614.0 0.47678578 0.5232142	6945617.0 0.47678572 0.5232143	0.9999999999999999
80171659_20000	5573.0	44	40	1983610.0 0.9010017 0.09899829	1983610.0 0.9010022 0.09899779	1.0000000000000000
80239639_2000	696.0	63	44	311836.0 0.63741195 0.36258802	311819.0 0.629333 0.37066695	1.0000000000000000
80171659_15000	5464.0	50	56	6647472.0 0.69338405 0.30661595	6647466.0 0.69338423 0.30661577	1.0000000000000000
