ID	BITRATE	START_IDX	CAPTURE_START_IDX	KEY	CAPTURE_KEY	CORRELATION
80009431_20000	3357.0	61	0	783997.0 0.7499939 0.25000605	784004.0 0.7593609 0.24063908	1.0000000000000000
80174429_6500	2008.0	0	7	258441.0 0.48287618 0.5171238	258436.0 0.48287392 0.5171261	1.0000000000000000
80174429_6500	2008.0	1	8	276671.0 0.48305026 0.5169497	276668.0 0.48304826 0.51695174	1.0000000000000000
80206300_1200	378.0	21	13	392387.0 0.4985996 0.5014004	392362.0 0.49947754 0.5005225	1.0000000000000000
80093106_6500	1519.0	3	26	384589.0 0.5166528 0.48334715	384593.0 0.50989485 0.49010512	0.9999999999999999
80174429_15000	3172.0	20	27	2186547.0 0.08620441 0.9137956	2186549.0 0.08620479 0.91379523	1.0000000000000000
80174429_15000	3172.0	22	30	3015424.0 0.5665777 0.4334223	3015426.0 0.566578 0.433422	1.0000000000000000
80174429_15000	3172.0	25	32	4986097.0 0.50981396 0.490186	4986099.0 0.50981456 0.4901854	1.0000000000000000
80174429_20000	3414.0	28	33	2640006.0 0.925799 0.074200965	2640003.0 0.9257993 0.074200675	1.0000000000000000
80174429_20000	3414.0	29	34	2333914.0 0.0839324 0.9160676	2333913.0 0.083932005 0.916068	1.0000000000000000
80174429_20000	3414.0	30	35	3719998.0 0.57473767 0.42526233	3720001.0 0.5747372 0.42526278	1.0000000000000000
80174429_10000	3278.0	31	42	7147438.0 0.6564281 0.34357193	7147435.0 0.6564323 0.34356773	1.0000000000000000
80174429_20000	3414.0	40	46	4156777.0 0.4214402 0.57855976	4156773.0 0.42144015 0.5785599	1.0000000000000000
80174429_20000	3414.0	45	52	5484033.0 0.96418256 0.035817437	5484033.0 0.96418273 0.035817254	1.0000000000000000
80174429_20000	3414.0	49	56	3680142.0 0.94669664 0.05330338	3680144.0 0.9466961 0.053303894	1.0000000000000000
80174429_20000	3414.0	52	59	1726110.0 0.493607 0.506393	1726109.0 0.49360788 0.5063921	1.0000000000000000
80174429_20000	3414.0	53	60	3092254.0 0.28267083 0.71732914	3092253.0 0.28267026 0.71732974	1.0000000000000000
80174429_15000	3172.0	54	63	4929108.0 0.7367968 0.2632032	4929109.0 0.73679644 0.26320356	1.0000000000000000
80174429_10000	3278.0	52	64	5082923.0 0.25523856 0.7447614	5082926.0 0.25523862 0.7447614	1.0000000000000000
80174429_15000	3172.0	57	66	3505811.0 0.5987476 0.4012524	3505811.0 0.5987482 0.4012518	1.0000000000000000
80174429_15000	3172.0	58	67	1602878.0 0.87761825 0.12238174	1602876.0 0.87761813 0.122381896	1.0000000000000000
80174429_15000	3172.0	59	68	933017.0 0.2102459 0.7897541	933017.0 0.2102459 0.7897541	1.0000000000000000
80174429_20000	3414.0	59	69	1751289.0 0.42075065 0.5792493	1751288.0 0.42074975 0.5792502	1.0000000000000000
80174429_20000	3414.0	62	71	2059225.0 0.6048868 0.3951132	2059224.0 0.6048866 0.3951134	1.0000000000000000
80174429_20000	3414.0	69	76	6793366.0 0.60131264 0.39868733	6793368.0 0.60131276 0.3986872	1.0000000000000000
80174429_20000	3414.0	74	82	722928.0 0.27174214 0.72825783	722929.0 0.27174452 0.72825545	1.0000000000000000
