ID	BITRATE	START_IDX	CAPTURE_START_IDX	KEY	CAPTURE_KEY	CORRELATION
80174429_3500	1124.0	0	0	771457.0 0.2546973 0.74530274	771455.0 0.25469664 0.74530333	1.0000000000000000
70102778_6500	899.0	29	12	912413.0 0.7815923 0.21840768	912414.0 0.7852159 0.21478407	1.0000000000000000
80174429_3500	1124.0	11	13	815675.0 0.240255 0.759745	815675.0 0.24025746 0.75974256	1.0000000000000000
80000643_4800	1986.0	4	15	674096.0 0.7078903 0.29210973	674105.0 0.7090913 0.2909087	1.0000000000000000
80174429_7050	2129.0	20	22	3750688.0 0.6880679 0.31193212	3750689.0 0.688068 0.31193203	1.0000000000000000
80174429_7050	2129.0	21	23	2152274.0 0.5435925 0.4564075	2152274.0 0.5435925 0.4564075	1.0000000000000000
80174429_7050	2129.0	22	24	1178204.0 0.83373845 0.16626152	1178205.0 0.8337378 0.16626224	1.0000000000000000
80174429_7050	2129.0	23	25	945227.0 0.20724122 0.79275876	945228.0 0.20724206 0.7927579	1.0000000000000000
80174429_6500	2008.0	31	27	2467761.0 0.51595193 0.4840481	2467758.0 0.5159521 0.48404786	1.0000000000000000
80174429_7050	2129.0	26	28	1950265.0 0.61248904 0.38751093	1950264.0 0.61248785 0.38751215	1.0000000000000000
80174429_7050	2129.0	27	29	951747.0 0.794065 0.20593499	951749.0 0.7940655 0.20593455	1.0000000000000000
80174429_7050	2129.0	28	30	2273611.0 0.0862056 0.9137944	2273610.0 0.08620564 0.91379434	1.0000000000000000
80174429_7050	2129.0	30	32	4449602.0 0.5548858 0.4451142	4449627.0 0.55488896 0.445111	1.0000000000000000
80174429_7050	2129.0	31	33	2177265.0 0.90966463 0.090335354	2177265.0 0.90966326 0.09033673	1.0000000000000000
80174429_7050	2129.0	32	34	905275.0 0.21726437 0.78273565	905277.0 0.2172672 0.7827328	1.0000000000000000
80216541_5500	2007.0	27	38	679542.0 0.70316476 0.2968352	679553.0 0.7109953 0.28900468	1.0000000000000000
80091879_800	351.0	10	41	393026.0 0.49901786 0.5009821	393037.0 0.4997545 0.5002455	1.0000000000000000
80174429_20000	3414.0	52	48	1726110.0 0.493607 0.506393	1726108.0 0.493607 0.506393	0.9999999999999999
80174429_15000	3172.0	54	51	4929108.0 0.7367968 0.2632032	4929107.0 0.73679656 0.26320344	1.0000000000000000
80174429_10000	3278.0	52	52	5082923.0 0.25523856 0.7447614	5082925.0 0.25523847 0.7447615	1.0000000000000000
80174429_15000	3172.0	58	56	1602878.0 0.87761825 0.12238174	1602878.0 0.87761766 0.122382365	1.0000000000000000
80093106_15000	1769.0	88	58	1161047.0 0.1710594 0.82894063	1161027.0 0.16910201 0.830898	1.0000000000000000
80174429_20000	3414.0	63	61	1972779.0 0.41242683 0.5875732	1972775.0 0.41242564 0.58757436	1.0000000000000000
80174429_20000	3414.0	74	72	722928.0 0.27174214 0.72825783	722924.0 0.27174366 0.72825634	1.0000000000000000
