ID	BITRATE	START_IDX	CAPTURE_START_IDX	KEY	CAPTURE_KEY	CORRELATION
80174429_6500	2008.0	1	0	276671.0 0.48305026 0.5169497	276669.0 0.48305374 0.51694626	1.0000000000000000
80174429_6500	2008.0	2	1	309734.0 0.4617672 0.5382328	309733.0 0.46176222 0.53823775	1.0000000000000000
80174429_4800	1410.0	2	4	916468.0 0.6273738 0.37262622	916464.0 0.62737435 0.37262565	1.0000000000000000
80121840_5500	1204.0	60	6	801380.0 0.2484951 0.7515049	801399.0 0.2445436 0.7554564	1.0000000000000000
80174429_7050	2129.0	7	8	636424.0 0.7685584 0.23144162	636428.0 0.7685551 0.23144488	1.0000000000000000
70308278_1200	536.0	14	9	343355.0 0.4289904 0.5710096	343366.0 0.4289825 0.5710175	1.0000000000000000
80174429_7050	2129.0	9	11	1361567.0 0.85559654 0.14440347	1361565.0 0.8555978 0.14440222	1.0000000000000000
80174429_4800	1410.0	12	15	1652416.0 0.7107266 0.2892734	1652416.0 0.7107272 0.2892728	1.0000000000000000
80174429_4800	1410.0	13	16	1064909.0 0.44886464 0.55113536	1064910.0 0.4488633 0.55113673	1.0000000000000000
80206300_10000	1095.0	68	17	783010.0 0.7484566 0.2515434	783012.0 0.7495556 0.25044444	1.0000000000000000
80174429_4800	1410.0	17	20	1308491.0 0.75541824 0.24458173	1308487.0 0.7554183 0.24458171	1.0000000000000000
80174429_4800	1410.0	18	21	972695.0 0.3290168 0.6709832	972696.0 0.32901543 0.67098457	1.0000000000000000
80174429_5500	1499.0	20	22	849505.0 0.76828504 0.23171493	849509.0 0.7682838 0.2317162	0.9999999999999999
80174429_4800	1410.0	20	23	1367618.0 0.1439342 0.8560658	1367616.0 0.14393295 0.85606706	1.0000000000000000
80174429_4800	1410.0	21	24	2379742.0 0.4919739 0.50802606	2379744.0 0.49197352 0.5080265	1.0000000000000000
80174429_5500	1499.0	23	25	1404863.0 0.8605622 0.1394378	1404862.0 0.8605635 0.13943647	1.0000000000000000
80174429_5500	1499.0	24	26	673118.0 0.2910203 0.7089797	673119.0 0.2910169 0.7089831	1.0000000000000000
80174429_4800	1410.0	23	27	851976.0 0.5601437 0.4398563	851979.0 0.56014293 0.4398571	1.0000000000000000
80191608_4200	1216.0	27	31	674469.0 0.70544386 0.29455617	674450.0 0.70939434 0.29060566	1.0000000000000000
80174429_5500	1499.0	31	34	957584.0 0.7946029 0.20539713	957586.0 0.7946012 0.20539878	1.0000000000000000
80991158_10000	1572.0	2	39	553333.0 0.64038473 0.35961527	553353.0 0.6450295 0.3549705	1.0000000000000000
80163052_7050	418.0	1	40	392823.0 0.50540066 0.49459934	392817.0 0.50003946 0.49996054	1.0000000000000000
80174429_5500	1499.0	40	42	4517002.0 0.62017083 0.37982914	4517000.0 0.6201709 0.37982908	1.0000000000000000
80174429_5500	1499.0	43	45	3681541.0 0.40932098 0.590679	3681546.0 0.40932125 0.59067875	1.0000000000000000
80174429_5500	1499.0	44	46	2620433.0 0.8298663 0.17013371	2620433.0 0.82986706 0.17013295	1.0000000000000000
80174429_4800	1410.0	50	50	2865752.0 0.4150422 0.5849578	2865758.0 0.41504273 0.5849573	1.0000000000000000
80174429_4800	1410.0	51	51	2342374.0 0.7156603 0.28433973	2342374.0 0.7156611 0.2843389	1.0000000000000000
80174429_4800	1410.0	52	52	2626807.0 0.2535512 0.7464488	2626806.0 0.2535505 0.7464495	1.0000000000000000
80135164_6500	2031.0	11	55	577396.0 0.33920047 0.6607995	577372.0 0.33975324 0.6602468	1.0000000000000000
80174429_4800	1410.0	56	57	896710.0 0.7810519 0.21894816	896705.0 0.7810528 0.21894714	1.0000000000000000
80174429_4800	1410.0	57	58	678367.0 0.28942004 0.71058	678365.0 0.28941795 0.7105821	1.0000000000000000
80174429_4200	1261.0	54	63	2310904.0 0.12148709 0.8785129	2310903.0 0.12148671 0.8785133	1.0000000000000000
80174429_4800	1410.0	63	64	3302305.0 0.6147703 0.3852297	3302307.0 0.61476994 0.3852301	1.0000000000000000
60004481_6500	881.0	26	65	1861734.0 0.6832426 0.31675738	1861723.0 0.68331754 0.31668246	1.0000000000000000
80174429_4800	1410.0	66	67	3636533.0 0.5066328 0.49336717	3636533.0 0.5066334 0.49336663	1.0000000000000000
80174429_3500	1124.0	65	68	1990533.0 0.9013395 0.09866051	1990530.0 0.9013398 0.098660156	1.0000000000000000
80029196_6500	1298.0	46	69	660369.0 0.30068645 0.6993136	660377.0 0.29738468 0.7026153	1.0000000000000000
80052541_3500	937.0	24	70	728336.0 0.63497204 0.36502796	728341.0 0.6370519 0.36294812	1.0000000000000000
80031611_7050	2056.0	56	71	460802.0 0.56868243 0.43131757	460802.0 0.5736737 0.42632627	1.0000000000000000
80183328_6500	1545.0	85	72	599897.0 0.3277279 0.6722721	599880.0 0.3274855 0.6725145	1.0000000000000000
80174429_4200	1261.0	62	73	637407.0 0.6329221 0.36707786	637406.0 0.6329216 0.36707845	1.0000000000000000
