ID	BITRATE	START_IDX	CAPTURE_START_IDX	KEY	CAPTURE_KEY	CORRELATION
80174429_15000	3172.0	3	3	887382.0 0.5110843 0.22153932 0.7673764	887377.3 0.51108134 0.22154048 0.7673782	0.9999999999560174
80174429_20000	3414.0	29	31	2610592.8 0.07503698 0.8189799 0.6059831	2610611.2 0.075035684 0.81898445 0.6059799	0.9999999999613062
80174429_20000	3414.0	33	35	3352007.2 0.25780612 0.802376 0.43981797	3352026.0 0.2578044 0.8023804 0.4398152	0.9999999999800135
80174429_15000	3172.0	44	48	9356836.0 0.56511295 0.5625411 0.37234595	9356835.0 0.56510687 0.56254715 0.3723459	0.9999999985085358
80174429_10000	3278.0	40	49	5962708.5 0.88275874 0.58429974 0.032941572	5962710.0 0.8827632 0.58429456 0.032942235	0.9999999999398056
80174429_10000	3278.0	41	50	4618272.0 0.7543967 0.042531274 0.7030721	4618252.5 0.75439334 0.04253232 0.7030744	0.9999999999759851
80174429_10000	3278.0	42	51	5373774.0 0.036551777 0.60422677 0.85922146	5373773.5 0.036552526 0.60422623 0.85922116	0.9999999999997461
80174429_20000	3414.0	52	55	2629516.0 0.3240216 0.33241478 0.8435636	2629534.0 0.33241174 0.32403004 0.8435582	0.9996027403142667
80174429_15000	3172.0	52	56	4467958.0 0.19069561 0.4964608 0.81284356	4467974.0 0.1907012 0.4964588 0.81284	0.9999999999836562
80174429_20000	3414.0	54	57	4764829.5 0.46552852 0.7621935 0.27227795	4764846.0 0.46552712 0.7621963 0.27227658	0.9999999999923125
80174429_10000	3278.0	51	58	5809780.5 0.6251093 0.22330585 0.65158486	5809800.0 0.6251072 0.22330476 0.651588	0.9999999999427541
80174429_15000	3172.0	62	67	2015945.4 0.47853133 0.6178729 0.40359575	2015946.6 0.47853202 0.61787254 0.4035955	0.9999999999865324
80174429_20000	3414.0	62	68	2145584.8 0.5805401 0.3792099 0.54024994	2145585.2 0.58053994 0.37920982 0.54025024	0.9999999999971513
80174429_20000	3414.0	69	73	7060730.0 0.5785431 0.38359052 0.53786635	7060750.5 0.57854575 0.38358924 0.53786504	0.9999999998683659
80174429_20000	3414.0	70	74	6733409.5 0.4022374 0.56401277 0.5337498	6733391.5 0.4022383 0.56401455 0.5337471	0.9999999996190515
80174429_20000	3414.0	71	75	5058714.5 0.75073004 0.7104485 0.038821522	5058696.5 0.75073314 0.71044546 0.038821463	0.9999999999712876
