ID	BITRATE	START_IDX	CAPTURE_START_IDX	KEY	CAPTURE_KEY	CORRELATION
80171659_20000	5573.0	5	5	377461.0 0.5563118 0.4436882	377458.0 0.5563188 0.44368115	1.0000000000000000
80171659_6500	2241.0	9	8	424579.0 0.56316495 0.43683508	424580.0 0.56316596 0.43683404	1.0000000000000000
80171659_6500	2241.0	10	9	381537.0 0.48611537 0.5138846	381534.0 0.48611918 0.5138808	1.0000000000000000
80171659_5500	1576.0	9	10	364561.0 0.53781396 0.46218604	364558.0 0.53781015 0.46218982	1.0000000000000000
80171659_5500	1576.0	10	11	294873.0 0.5714155 0.42858452	294869.0 0.57142323 0.42857677	1.0000000000000000
80171659_5500	1576.0	11	12	322982.0 0.39128497 0.60871506	322980.0 0.391275 0.608725	1.0000000000000000
80171659_5500	1576.0	13	14	803811.0 0.24365553 0.75634444	803813.0 0.24365617 0.75634384	1.0000000000000000
60000870_10000	2284.0	56	19	2708872.0 0.2389083 0.7610917	2708875.0 0.2394828 0.7605172	1.0000000000000000
80198592_3500	804.0	17	21	1321415.0 0.15050836 0.84949166	1321419.0 0.14838973 0.8516103	1.0000000000000000
80171659_4800	1592.0	19	23	1189524.0 0.14381047 0.85618955	1189520.0 0.14381011 0.8561899	1.0000000000000000
80171659_5500	1576.0	22	26	1047573.0 0.43821004 0.56179	1047573.0 0.43821004 0.56179	1.0000000000000000
80171659_7050	2406.0	26	29	1537163.0 0.8066464 0.1933536	1537165.0 0.806646 0.193354	1.0000000000000000
80171659_7050	2406.0	27	30	1179157.0 0.25205803 0.747942	1179157.0 0.2520589 0.74794114	1.0000000000000000
80171659_4200	1587.0	42	48	2941573.0 0.53852546 0.46147454	2941574.0 0.53852564 0.46147436	0.9999999999999999
80171659_6500	2241.0	50	49	3065665.0 0.4427943 0.5572057	3065666.0 0.4427948 0.5572052	1.0000000000000000
80171659_6500	2241.0	51	50	2755013.0 0.6200355 0.37996444	2755011.0 0.62003565 0.37996435	1.0000000000000000
80171659_4200	1587.0	50	54	1711829.0 0.49183828 0.5081617	1711828.0 0.49183854 0.5081614	1.0000000000000000
80171659_5500	1576.0	53	58	2875890.0 0.7244217 0.27557835	2875891.0 0.72442174 0.27557826	0.9999999999999999
80171659_4200	1587.0	55	59	989223.0 0.8011682 0.19883181	989222.0 0.80116796 0.198832	1.0000000000000000
80171659_4200	1587.0	56	60	1544628.0 0.12733746 0.87266254	1544625.0 0.12733771 0.8726623	1.0000000000000000
80171659_4200	1587.0	57	61	2712347.0 0.49696407 0.5030359	2712345.0 0.49696332 0.5030367	1.0000000000000000
80171659_7050	2406.0	62	63	1920885.0 0.102163844 0.89783615	1920886.0 0.102164835 0.8978352	1.0000000000000000
80171659_4800	1592.0	57	64	2075772.0 0.8308422 0.16915779	2075773.0 0.83084184 0.16915819	1.0000000000000000
80171659_4800	1592.0	58	65	547205.0 0.64168453 0.35831544	547210.0 0.64168054 0.35831946	1.0000000000000000
80171659_7050	2406.0	65	66	1139208.0 0.17211695 0.82788306	1139208.0 0.17211607 0.82788396	1.0000000000000000
