ID	BITRATE	START_IDX	CAPTURE_START_IDX	KEY	CAPTURE_KEY	CORRELATION
80171659_4200	1587.0	0	1	429447.0 0.45697373 0.54302627	429447.0 0.45697373 0.54302627	1.0000000000000000
70243464_20000	3948.0	1	3	323963.0 0.39335355 0.6066464	323954.0 0.39474124 0.60525876	1.0000000000000000
70052701_2000	505.0	3	4	302135.0 0.64994454 0.35005543	302125.0 0.6489897 0.35101035	1.0000000000000000
80171659_3500	1140.0	7	6	317104.0 0.38169813 0.61830187	317103.0 0.38169932 0.6183007	1.0000000000000000
80171659_3500	1140.0	8	7	300730.0 0.65196687 0.34803313	300728.0 0.6519679 0.34803212	1.0000000000000000
80018689_2000	575.0	46	8	239190.0 0.43837953 0.5616205	239193.0 0.43756714 0.5624328	1.0000000000000000
70208599_3500	706.0	0	9	331150.0 0.39913332 0.6008667	331135.0 0.40626934 0.5937306	1.0000000000000000
80171659_2000	729.0	10	10	576444.0 0.34106869 0.6589313	576440.0 0.34106758 0.6589324	1.0000000000000000
70264803_1200	407.0	12	15	391956.0 0.5064063 0.49359366	391938.0 0.50029594 0.49970403	1.0000000000000000
80206300_10000	1095.0	1	16	392655.0 0.49942315 0.50057685	392645.0 0.49880427 0.5011957	1.0000000000000000
896970_1200	446.0	8	17	308987.0 0.6427099 0.35729012	309006.0 0.63685495 0.36314505	1.0000000000000000
60004481_15000	846.0	9	21	402788.0 0.5051491 0.4948509	402776.0 0.51325554 0.4867445	1.0000000000000000
80171659_2000	729.0	25	24	752846.0 0.8210617 0.17893833	752847.0 0.8210632 0.17893675	1.0000000000000000
80171659_2000	729.0	26	25	488366.0 0.27584434 0.72415566	488367.0 0.27584174 0.7241583	1.0000000000000000
70123920_10000	1374.0	59	32	783636.0 0.2512378 0.7487622	783645.0 0.25058922 0.74941075	1.0000000000000000
81074663_6500	1946.0	71	44	653639.0 0.30464062 0.69535935	653634.0 0.30029345 0.69970655	1.0000000000000000
80171659_4200	1587.0	58	54	3089048.0 0.44169205 0.55830795	3089048.0 0.4416927 0.5583073	1.0000000000000000
80171659_4800	1592.0	57	55	2075772.0 0.8308422 0.16915779	2075773.0 0.8308413 0.16915867	1.0000000000000000
