ID	BITRATE	START_IDX	CAPTURE_START_IDX	KEY	CAPTURE_KEY	CORRELATION
70102778_4800	838.0	63	5	988529.3 0.6028602 0.20193736 0.69520247	988552.0 0.61243516 0.19872399 0.68884087	0.9995004736887808
80174429_7050	2129.0	20	22	3155334.8 0.81789356 0.37078792 0.3113185	3155335.2 0.81789374 0.37078786 0.31131843	0.9999999999999974
80174429_7050	2129.0	21	23	1565442.6 0.7473669 0.6274992 0.12513393	1565443.4 0.74736655 0.6274989 0.12513451	0.9999999999999795
80174429_7050	2129.0	22	24	1285027.4 0.7644304 0.15244034 0.5831292	1285028.0 0.76443005 0.15244104 0.5831289	0.9999999999999151
80174429_6500	2008.0	31	27	2149007.2 0.592481 0.555845 0.35167402	2149006.0 0.5924809 0.5558444 0.35167468	0.9999999999968601
80174429_7050	2129.0	26	28	1430842.0 0.83483434 0.52818483 0.13698088	1430841.4 0.8348326 0.52818644 0.13698094	0.9999999999910243
80174429_7050	2129.0	27	29	2019573.4 0.3742122 0.09704921 1.0287385	2019574.0 0.37421307 0.09704918 1.0287378	0.9999999999991065
80174429_7050	2129.0	28	30	3161754.8 0.06199026 0.6571076 0.78090215	3161772.8 0.061989907 0.65710354 0.78090656	0.9999999999422898
80174429_7050	2129.0	29	31	4351476.5 0.47745013 0.5673984 0.4551515	4351492.5 0.47744814 0.5674028 0.4551491	0.9999999999615582
80174429_7050	2129.0	30	32	3097524.0 0.79709506 0.6394078 0.06349717	3097542.8 0.79709923 0.639403 0.06349775	0.9999999999309788
80174429_7050	2129.0	31	33	1923904.0 1.0294594 0.10223171 0.36830893	1923903.4 1.0294582 0.102233306 0.3683085	0.9999999999990331
80174429_20000	3414.0	50	46	3776965.2 0.051936936 1.2224798 0.22558323	3776946.0 0.05193773 1.2224782 0.2255841	0.9999999999999233
80174429_20000	3414.0	51	47	4228916.0 1.0918316 0.2014748 0.20669363	4228894.5 1.09183 0.20147559 0.20669444	0.9999999999999992
80174429_10000	3278.0	51	51	5809780.5 0.6251093 0.22330585 0.65158486	5809782.5 0.6251093 0.22330578 0.651585	0.9999999999999475
