ID	BITRATE	START_IDX	CAPTURE_START_IDX	KEY	CAPTURE_KEY	CORRELATION
80200961_7050	1539.0	5	0	466444.0 0.5735136 0.42648634	466460.0 0.5797046 0.42029542	1.0000000000000000
80184100_3500	769.0	2	1	565921.0 0.34642646 0.6535736	565918.0 0.34643003 0.65356994	1.0000000000000000
80184100_3500	769.0	3	2	477283.0 0.7749511 0.22504887	477278.0 0.77495086 0.22504914	1.0000000000000000
80184100_20000	2098.0	25	7	303959.0 0.35395563 0.6460444	303936.0 0.35397914 0.6460209	1.0000000000000000
60000870_3500	760.0	36	8	408689.0 0.4794159 0.5205841	408691.0 0.48043388 0.5195661	1.0000000000000000
80174429_800	353.0	5	11	304245.0 0.3550691 0.6449309	304247.0 0.35362387 0.64637613	1.0000000000000000
80163052_2000	417.0	34	12	304270.0 0.65473425 0.34526572	304246.0 0.6463783 0.35362175	1.0000000000000000
80184100_7050	1739.0	11	13	473602.0 0.22718443 0.7728156	473596.0 0.22717252 0.77282745	1.0000000000000000
80091741_3500	903.0	30	15	496423.0 0.39541078 0.6045892	496441.0 0.39513254 0.60486746	1.0000000000000000
80184100_7050	1739.0	15	17	493002.0 0.78175545 0.21824455	492995.0 0.78176856 0.21823142	1.0000000000000000
80184100_7050	1739.0	16	18	548200.0 0.19626962 0.80373037	548191.0 0.19625823 0.80374175	1.0000000000000000
80184100_7050	1739.0	17	19	548198.0 0.80373335 0.19626668	548190.0 0.80374324 0.19625677	1.0000000000000000
80184100_6500	1554.0	18	20	303821.0 0.3541131 0.6458869	303817.0 0.35411447 0.6458855	1.0000000000000000
80184100_7050	1739.0	22	25	584546.0 0.5271048 0.4728952	584549.0 0.5271038 0.4728962	0.9999999999999999
80184100_7050	1739.0	23	26	384024.0 0.7198222 0.2801778	384019.0 0.7198368 0.28016323	1.0000000000000000
80184100_7050	1739.0	25	28	215189.0 0.49999768 0.5000023	215175.0 0.49999768 0.5000023	1.0000000000000000
80184100_7050	1739.0	26	29	549642.0 0.19575469 0.8042453	549635.0 0.19574445 0.80425555	1.0000000000000000
80184100_7050	1739.0	27	30	549641.0 0.8042468 0.19575323	549636.0 0.8042541 0.19574592	1.0000000000000000
80184100_4200	809.0	27	32	304138.0 0.35374072 0.64625925	304139.0 0.35374615 0.6462538	0.9999999999999999
80184100_10000	2013.0	34	35	1481981.0 0.57074076 0.4292592	1481983.0 0.5707407 0.4292593	1.0000000000000000
80184100_7050	1739.0	35	36	743750.0 0.85533446 0.14466554	743743.0 0.8553425 0.1446575	1.0000000000000000
80184100_5500	1246.0	36	37	303431.0 0.35457155 0.6454285	303431.0 0.35457155 0.6454285	1.0000000000000000
80184100_7050	1739.0	39	41	1758664.0 0.39828244 0.60171753	1758666.0 0.39828312 0.6017169	1.0000000000000000
80184100_7050	1739.0	40	42	2031481.0 0.52091014 0.4790899	2031482.0 0.52090985 0.47909015	1.0000000000000000
80993095_2000	497.0	9	44	304400.0 0.6374737 0.36252627	304401.0 0.64655507 0.35344496	1.0000000000000000
80184100_20000	2098.0	54	47	2811321.0 0.53336173 0.46663827	2811325.0 0.5333617 0.46663833	1.0000000000000000
80184100_20000	2098.0	55	48	2499237.0 0.5249082 0.4750918	2499238.0 0.5249088 0.47509122	1.0000000000000000
80184100_15000	1991.0	51	49	1383402.0 0.8582957 0.14170429	1383401.0 0.8582949 0.14170511	1.0000000000000000
80184100_15000	1991.0	52	50	1827232.0 0.10728468 0.89271533	1827233.0 0.10728517 0.89271486	1.0000000000000000
80184100_20000	2098.0	57	51	2776350.0 0.587534 0.41246602	2776346.0 0.5875341 0.41246587	1.0000000000000000
80184100_20000	2098.0	58	52	3065551.0 0.37355438 0.6264456	3065547.0 0.3735542 0.6264458	1.0000000000000000
80184100_10000	2013.0	51	53	2116386.0 0.90739495 0.09260503	2116389.0 0.9073942 0.09260585	1.0000000000000000
80184100_10000	2013.0	54	56	4827398.0 0.52090424 0.4790958	4827401.0 0.5209041 0.4790959	1.0000000000000000
80184100_10000	2013.0	55	57	3684825.0 0.6276515 0.3723485	3684824.0 0.6276522 0.37234777	1.0000000000000000
80184100_10000	2013.0	56	58	3034501.0 0.4521465 0.5478535	3034497.0 0.4521461 0.5478539	1.0000000000000000
80184100_10000	2013.0	58	61	3261276.0 0.4913494 0.5086506	3261275.0 0.49134985 0.5086501	1.0000000000000000
80184100_10000	2013.0	59	62	3101607.0 0.53483564 0.46516436	3101606.0 0.53483516 0.4651648	1.0000000000000000
80184100_10000	2013.0	60	63	3363402.0 0.42895764 0.57104236	3363402.0 0.42895794 0.57104206	1.0000000000000000
80184100_7050	1739.0	62	64	3531113.0 0.5439209 0.45607916	3531114.0 0.54392016 0.45607987	1.0000000000000000
80184100_7050	1739.0	63	65	3343640.0 0.48165083 0.5183492	3343641.0 0.48165157 0.5183484	1.0000000000000000
80184100_7050	1739.0	64	66	3431911.0 0.50501686 0.4949831	3431909.0 0.5050166 0.4949834	1.0000000000000000
80184100_7050	1739.0	69	72	3946611.0 0.3904603 0.6095397	3946612.0 0.39046046 0.6095395	1.0000000000000000
80184100_7050	1739.0	84	89	3648011.0 0.3894865 0.6105135	3648011.0 0.3894865 0.6105135	1.0000000000000000
80184100_7050	1739.0	91	98	4900285.0 0.47898418 0.5210158	4900287.0 0.47898418 0.5210158	1.0000000000000000
