ID	BITRATE	START_IDX	CAPTURE_START_IDX	KEY	CAPTURE_KEY	CORRELATION
60033314_2000	435.0	3	0	363954.0 0.4594619 0.5405381	363931.0 0.46082363 0.5391764	1.0000000000000000
80121387_7050	2274.0	9	1	454491.0 0.43727598 0.562724	454512.0 0.43172237 0.5682776	1.0000000000000000
80991158_3500	905.0	73	9	304293.0 0.6529661 0.34703395	304306.0 0.6464447 0.3535553	1.0000000000000000
70308278_10000	2309.0	19	11	429672.0 0.42872936 0.57127064	429655.0 0.42078876 0.57921124	1.0000000000000000
80184100_6500	1554.0	11	12	444791.0 0.5595032 0.44049677	444791.0 0.559501 0.440499	1.0000000000000000
80184100_4200	809.0	10	13	455036.0 0.43057913 0.5694209	455037.0 0.43058038 0.5694196	1.0000000000000000
80991158_4200	1213.0	1	14	455255.0 0.5629592 0.43704078	455270.0 0.5691282 0.43087178	0.9999999999999999
80093138_7050	2102.0	4	15	507534.0 0.39157572 0.60842425	507549.0 0.38649076 0.61350924	1.0000000000000000
80121387_4800	1522.0	20	17	503833.0 0.39419013 0.60580987	503829.0 0.38948137 0.61051863	1.0000000000000000
80184100_4800	1096.0	21	18	415185.0 0.7408673 0.25913268	415186.0 0.7408655 0.25913447	1.0000000000000000
80184100_4800	1096.0	26	21	433244.0 0.24832888 0.75167114	433239.0 0.24832483 0.7516752	1.0000000000000000
80184100_7050	1739.0	23	23	384024.0 0.7198222 0.2801778	384017.0 0.7198405 0.28015947	1.0000000000000000
80184100_7050	1739.0	25	24	215189.0 0.49999768 0.5000023	215174.0 0.49999535 0.50000465	1.0000000000000000
80184100_5500	1246.0	27	26	617364.0 0.17426673 0.8257333	617364.0 0.1742651 0.8257349	1.0000000000000000
80184100_5500	1246.0	28	27	706330.0 0.7217278 0.27827218	706331.0 0.7217282 0.2782718	1.0000000000000000
80184100_15000	1991.0	35	28	304138.0 0.64625925 0.35374072	304139.0 0.64625716 0.35374287	1.0000000000000000
80184100_7050	1739.0	25	35	215189.0 0.49999768 0.5000023	215175.0 0.49999768 0.5000023	1.0000000000000000
80184100_4800	1096.0	35	36	577381.0 0.1863345 0.8136655	577383.0 0.18633732 0.8136627	1.0000000000000000
80184100_5500	1246.0	41	41	559979.0 0.80787313 0.19212684	559978.0 0.80787104 0.19212897	1.0000000000000000
80184100_6500	1554.0	46	47	1377177.0 0.50924754 0.49075246	1377178.0 0.5092472 0.49075282	1.0000000000000000
80184100_6500	1554.0	47	48	1265268.0 0.534158 0.465842	1265267.0 0.5341592 0.46584082	1.0000000000000000
80096067_4800	1064.0	48	50	743408.0 0.7328398 0.26716015	743396.0 0.73629934 0.26370063	1.0000000000000000
80184100_6500	1554.0	50	51	971245.0 0.20183888 0.79816115	971245.0 0.20183785 0.79816216	1.0000000000000000
80184100_6500	1554.0	51	52	1260076.0 0.6152089 0.38479108	1260079.0 0.61520827 0.38479176	1.0000000000000000
80184100_5500	1246.0	54	55	1206813.0 0.16240296 0.8375971	1206811.0 0.16240239 0.8375976	1.0000000000000000
80184100_5500	1246.0	55	56	1979233.0 0.51071453 0.4892855	1979233.0 0.510714 0.489286	1.0000000000000000
80184100_5500	1246.0	56	57	1880985.0 0.514842 0.48515806	1880987.0 0.5148419 0.48515806	0.9999999999999999
80184100_5500	1246.0	57	58	1615204.0 0.5649906 0.43500945	1615205.0 0.5649908 0.43500918	1.0000000000000000
80184100_5500	1246.0	58	59	1925875.0 0.36483625 0.6351638	1925874.0 0.36483642 0.63516355	1.0000000000000000
80184100_5500	1246.0	60	62	2186058.0 0.53041 0.46959	2186058.0 0.53041 0.46959	1.0000000000000000
80184100_5500	1246.0	61	63	1995980.0 0.5143093 0.48569074	1995981.0 0.514309 0.485691	1.0000000000000000
80184100_5500	1246.0	62	64	2242800.0 0.43224052 0.5677595	2242801.0 0.43224075 0.5677592	1.0000000000000000
80184100_5500	1246.0	70	71	2229905.0 0.51345503 0.48654494	2229905.0 0.5134555 0.4865445	0.9999999999999999
80184100_5500	1246.0	71	72	2886016.0 0.3759331 0.6240669	2886014.0 0.37593302 0.62406695	1.0000000000000000
80184100_5500	1246.0	72	73	3342820.0 0.5387867 0.4612133	3342820.0 0.5387864 0.4612136	1.0000000000000000
80184100_5500	1246.0	75	75	3184911.0 0.4956123 0.50438774	3184914.0 0.49561274 0.50438726	1.0000000000000000
80184100_7050	1739.0	74	76	2922467.0 0.5496825 0.4503175	2922469.0 0.5496825 0.45031753	1.0000000000000000
80184100_7050	1739.0	75	77	1511998.0 0.8703967 0.12960334	1511998.0 0.8703973 0.12960269	1.0000000000000000
80184100_5500	1246.0	82	81	2332811.0 0.5460117 0.45398834	2332814.0 0.546011 0.45398906	1.0000000000000000
80184100_5500	1246.0	89	88	2863916.0 0.54216534 0.45783466	2863916.0 0.54216534 0.45783466	1.0000000000000000
80184100_5500	1246.0	92	91	2054923.0 0.5570676 0.4429324	2054923.0 0.5570671 0.4429329	1.0000000000000000
80184100_6500	1554.0	86	94	3111719.0 0.48893908 0.51106095	3111716.0 0.48893923 0.5110608	1.0000000000000000
