ID	BITRATE	START_IDX	CAPTURE_START_IDX	KEY	CAPTURE_KEY	CORRELATION
80183328_5500	1400.0	0	0	904153.0 0.21738909 0.7826109	904156.0 0.21739058 0.7826094	1.0000000000000000
80183328_5500	1400.0	1	1	1220354.0 0.5798318 0.42016825	1220355.0 0.5798321 0.4201679	1.0000000000000000
80183328_5500	1400.0	2	2	708886.0 0.72332364 0.27667636	708885.0 0.72332466 0.27667534	0.9999999999999999
80168188_15000	4442.0	62	3	392126.0 0.5000867 0.4999133	392139.0 0.5001568 0.49984318	1.0000000000000000
70301367_6500	456.0	44	4	516147.0 0.38080624 0.61919373	516151.0 0.37974933 0.62025064	1.0000000000000000
80183328_6500	1545.0	6	7	416558.0 0.5287619 0.4712381	416558.0 0.5287619 0.4712381	1.0000000000000000
70213513_15000	699.0	8	8	388225.0 0.512051 0.48794898	388205.0 0.5056555 0.49434447	1.0000000000000000
80183328_4200	1096.0	10	12	221208.0 0.5461421 0.4538579	221208.0 0.5461376 0.45386243	1.0000000000000000
80183328_5500	1400.0	15	13	237437.0 0.4228406 0.5771594	237438.0 0.4228388 0.5771612	1.0000000000000000
80183328_4200	1096.0	13	14	311002.0 0.44064024 0.5593597	311000.0 0.44064307 0.5593569	1.0000000000000000
80183328_5500	1400.0	56	16	1401124.0 0.598366 0.40163398	1401130.0 0.6075382 0.3924618	1.0000000000000000
80183328_7050	1906.0	22	17	746600.0 0.7365242 0.26347575	746603.0 0.7365226 0.26347739	1.0000000000000000
80183328_3500	934.0	14	18	1044795.0 0.18827808 0.8117219	1044801.0 0.18827796 0.81172204	1.0000000000000000
80183328_3500	934.0	17	21	779984.0 0.28835976 0.71164024	779984.0 0.28836104 0.7116389	1.0000000000000000
80183328_3500	934.0	18	22	706787.0 0.78533983 0.21466014	706785.0 0.78534067 0.21465933	1.0000000000000000
80029196_3500	1318.0	1	28	512192.0 0.38778818 0.6122118	512178.0 0.38410866 0.61589134	1.0000000000000000
80183328_6500	1545.0	27	29	918101.0 0.34358528 0.6564147	918101.0 0.34358528 0.6564147	1.0000000000000000
80183328_6500	1545.0	33	35	1182662.0 0.8436865 0.15631346	1182660.0 0.84368795 0.15631205	1.0000000000000000
80239639_4200	1155.0	2	42	766870.0 0.7404215 0.25957856	766883.0 0.7438879 0.25611207	1.0000000000000000
80183328_20000	1991.0	52	45	1577510.0 0.53890115 0.46109882	1577512.0 0.53889984 0.46110013	1.0000000000000000
80183328_4200	1096.0	35	47	1726607.0 0.57456213 0.42543787	1726609.0 0.5745615 0.42543852	1.0000000000000000
80183328_6500	1545.0	46	48	1824844.0 0.40253633 0.59746367	1824844.0 0.40253633 0.59746367	1.0000000000000000
80198592_4200	1104.0	42	50	746295.0 0.25954348 0.7404565	746277.0 0.2631275 0.7368725	1.0000000000000000
80183328_6500	1545.0	49	51	1003589.0 0.5479474 0.4520526	1003584.0 0.54794717 0.45205283	1.0000000000000000
80183328_10000	1926.0	47	52	2485607.0 0.18252121 0.8174788	2485604.0 0.18252023 0.8174798	1.0000000000000000
80183328_20000	1991.0	10	53	2707026.0 0.75061303 0.24938697	2707030.0 0.7506127 0.24938734	1.0000000000000000
80183328_5500	1400.0	51	54	1179365.0 0.5724241 0.42757586	1179368.0 0.5724244 0.42757562	1.0000000000000000
80183328_5500	1400.0	52	55	695113.0 0.72544754 0.2745525	695113.0 0.72544897 0.27455103	1.0000000000000000
70039177_20000	783.0	80	56	386763.0 0.49294272 0.5070573	386745.0 0.4934621 0.5065379	1.0000000000000000
70308278_5500	1352.0	37	57	629486.0 0.31154147 0.6884585	629463.0 0.31121925 0.6887807	1.0000000000000000
80183328_5500	1400.0	54	58	851003.0 0.5094718 0.49052823	851002.0 0.50947237 0.49052763	0.9999999999999999
80183328_6500	1545.0	57	61	1329574.0 0.42324308 0.5767569	1329580.0 0.42324492 0.57675505	1.0000000000000000
80183328_5500	1400.0	58	62	1421766.0 0.5393595 0.4606405	1421766.0 0.5393588 0.4606412	1.0000000000000000
80183328_7050	1906.0	58	63	2071894.0 0.3160982 0.6839018	2071896.0 0.31609887 0.68390113	1.0000000000000000
80183328_7050	1906.0	59	64	1612967.0 0.8784879 0.12151209	1612966.0 0.8784884 0.12151155	1.0000000000000000
80183328_5500	1400.0	63	68	1133950.0 0.47047135 0.5295286	1133952.0 0.47047052 0.52952945	1.0000000000000000
80183328_7050	1906.0	67	71	4920810.0 0.7303871 0.26961294	4920815.0 0.7303863 0.26961368	1.0000000000000000
80183328_5500	1400.0	67	72	3777110.0 0.35125214 0.64874786	3777109.0 0.3512525 0.6487475	1.0000000000000000
80183328_15000	1952.0	70	74	4616109.0 0.26898238 0.7310176	4616110.0 0.26898232 0.73101765	1.0000000000000000
80183328_5500	1400.0	70	75	3571181.0 0.94491345 0.05508654	3571181.0 0.94491374 0.05508626	1.0000000000000000
80163052_7050	418.0	1	76	392823.0 0.50540066 0.49459934	392804.0 0.5008172 0.4991828	1.0000000000000000
80183328_6500	1545.0	72	78	4488406.0 0.43811053 0.56188947	4488406.0 0.43811032 0.56188965	1.0000000000000000
80183328_10000	1926.0	72	80	1252752.0 0.8435013 0.15649866	1252756.0 0.84350026 0.15649974	1.0000000000000000
