ID	BITRATE	START_IDX	CAPTURE_START_IDX	KEY	CAPTURE_KEY	CORRELATION
80184100_4200	809.0	9	10	469265.34 0.53032255 0.41752285 0.55215454	469284.0 0.53030145 0.4175041 0.5521944	0.9999999267590132
80184100_4800	1096.0	16	13	518294.0 0.60078835 0.20757909 0.69163257	518299.34 0.60078406 0.20758854 0.6916273	0.9999999999926965
80184100_6500	1554.0	31	29	704496.0 0.67902726 0.5183507 0.30262202	704498.7 0.6790204 0.5183459 0.30263364	0.9999999998411376
80184100_6500	1554.0	32	30	457306.0 0.7985375 0.46619987 0.2352626	457315.34 0.7985168 0.46621004 0.23527311	0.9999999996816055
80184100_4200	809.0	59	52	908003.3 0.5642171 0.50952345 0.42625946	908000.7 0.56421876 0.50952166 0.42625958	0.9999999997200765
80184100_4200	809.0	60	53	1172550.0 0.39456654 0.33008826 0.7753452	1172547.4 0.39456487 0.33008817 0.77534693	0.9999999999917557
80184100_4800	1096.0	59	58	1419794.0 0.45991954 0.45010686 0.5899736	1419797.4 0.45992127 0.45010647 0.5899722	0.9999999998974163
80184100_5500	1246.0	87	81	2107310.8 0.05105417 0.7121223 0.73682344	2107316.0 0.051057838 0.712121 0.7368212	0.9999999999994588
80184100_4800	1096.0	90	85	2244082.8 0.5842922 0.51011086 0.40559688	2244083.2 0.58429205 0.5101112 0.4055968	0.9999999999959327
