ID	BITRATE	START_IDX	CAPTURE_START_IDX	KEY	CAPTURE_KEY	CORRELATION
80183328_5500	1400.0	0	0	944604.7 0.20807964 0.74909645 0.5428239	944606.7 0.20808132 0.7490959 0.5428228	0.9999999999953079
80183328_5500	1400.0	1	1	944324.0 0.7493191 0.54298526 0.20769566	944324.0 0.74932015 0.54298526 0.2076946	0.9999999999998608
80183328_7050	1906.0	21	16	1065227.4 0.79911673 0.51621747 0.18466574	1065228.6 0.7991148 0.5162178 0.1846674	0.9999999999994066
80183328_3500	934.0	17	21	621135.3 0.36210468 0.8936346 0.24426079	621134.7 0.36210665 0.8936339 0.24425942	0.9999999999872825
80183328_6500	1545.0	49	51	2023660.6 0.2717422 0.22418532 1.0040725	2023676.6 0.27173856 0.22418256 1.0040789	0.9999999999985848
80183328_7050	1906.0	50	52	2107115.2 0.21530621 0.9643037 0.32039016	2107135.2 0.21530321 0.9643097 0.32038713	0.9999999999985061
80183328_20000	1991.0	60	53	2140843.2 0.949112 0.31534162 0.23554644	2140866.0 0.9491164 0.3153392 0.2355444	0.9999999999989017
80183328_5500	1400.0	51	54	913473.3 0.739044 0.55203366 0.20892236	913474.7 0.7390451 0.5520339 0.20892096	0.9999999999999909
80183328_5500	1400.0	57	61	1323003.4 0.42534962 0.57962286 0.49502745	1323002.6 0.42534912 0.57962245 0.4950285	0.9999999999363843
80183328_5500	1400.0	58	62	1892492.0 0.40520278 0.34606382 0.7487334	1892492.0 0.40520224 0.34606433 0.7487334	0.9999999999971015
80183328_7050	1906.0	58	63	1511926.0 0.43317068 0.9371967 0.12963267	1511926.6 0.4331718 0.93719625 0.12963195	0.9999999999970434
80183328_5500	1400.0	66	71	4914136.5 0.73137873 0.2699799 0.49864143	4914136.5 0.731379 0.26998007 0.498641	0.9999999999988329
80183328_5500	1400.0	73	78	3696757.2 0.5319305 0.6822249 0.28584456	3696737.2 0.5319331 0.6822202 0.28584665	0.9999999999086374
