ID	BITRATE	START_IDX	CAPTURE_START_IDX	KEY	CAPTURE_KEY	CORRELATION
80183328_7050	1906.0	17	15	391832.0 0.4284183 0.57211256 0.49946916	391849.34 0.42839935 0.57215613 0.4994445	0.9999999567382963
80183328_15000	1952.0	17	16	423362.66 0.52950346 0.4622727 0.50822383	423378.66 0.5295472 0.4622505 0.50820225	0.9999997334712718
80183328_10000	1926.0	16	17	841409.3 0.23259547 0.2557186 1.011686	841406.0 0.2325952 0.25571722 1.0116876	0.9999999999991290
80183328_6500	1545.0	17	18	1077529.4 0.19968179 0.7899924 0.5103258	1077527.4 0.19968124 0.7899938 0.51032484	0.9999999999961687
80183328_7050	1906.0	21	19	1065227.4 0.79911673 0.51621747 0.18466574	1065228.0 0.7991153 0.5162172 0.18466751	0.9999999999997747
80183328_20000	1991.0	30	24	2010422.0 0.28019738 1.0028974 0.2169052	2010441.4 0.28019518 1.0029017 0.21690312	0.9999999999997243
80183328_10000	1926.0	24	26	611491.3 0.71313035 0.46646288 0.32040685	611488.7 0.7131301 0.46646324 0.3204066	0.9999999999984689
80183328_7050	1906.0	29	30	1347554.0 0.3756139 0.34535387 0.77903223	1347551.4 0.37561387 0.34535307 0.779033	0.9999999999989134
80183328_7050	1906.0	30	31	2052392.0 0.22675152 0.5114949 0.7617536	2052390.0 0.22675076 0.5114949 0.76175433	0.9999999999999977
80183328_15000	1952.0	32	34	3960768.0 0.61348933 0.049670164 0.8368405	3960752.0 0.6134921 0.049671374 0.8368365	0.9999999999741205
80183328_15000	1952.0	33	35	3361247.2 0.058529463 0.9861015 0.45536906	3361232.8 0.058530908 0.98609716 0.45537192	0.9999999999883595
80183328_6500	1545.0	37	41	3101900.0 0.2677156 1.1690415 0.06324285	3101920.0 0.2677142 1.169044 0.0632418	0.9999999999995748
80183328_6500	1545.0	38	42	3283823.2 1.1042769 0.05973921 0.335984	3283844.8 1.104279 0.059738208 0.33598268	0.9999999999993173
80183328_6500	1545.0	39	43	1123840.6 0.17455588 0.9817335 0.34371066	1123841.4 0.17455399 0.9817355 0.34371042	0.9999999999994064
80183328_6500	1545.0	40	44	1255323.4 0.8789066 0.30771035 0.31338298	1255326.6 0.8789067 0.30770954 0.3133838	0.9999999999971123
80183328_7050	1906.0	43	45	1086528.0 0.3555113 0.36206982 0.78241885	1086530.6 0.35551322 0.36206895 0.7824179	0.9999999999841575
80183328_7050	1906.0	44	46	959949.3 0.40981227 0.8855884 0.20459935	959951.3 0.4098114 0.88558763 0.204601	0.9999999999959374
80183328_6500	1545.0	49	52	2023660.6 0.2717422 0.22418532 1.0040725	2023660.6 0.2717422 0.22418532 1.0040725	1.0000000000000000
80183328_7050	1906.0	50	53	2107115.2 0.21530621 0.9643037 0.32039016	2107117.2 0.215306 0.9643042 0.32038987	0.9999999999999655
80183328_20000	1991.0	60	54	2140843.2 0.949112 0.31534162 0.23554644	2140846.8 0.9491114 0.31534204 0.23554651	0.9999999999998438
80183328_20000	1991.0	61	55	917156.0 0.73607653 0.549817 0.21410644	917156.7 0.73607814 0.54981774 0.21410409	0.9999999999994966
80183328_20000	1991.0	62	56	756132.7 0.6669041 0.2597018 0.57339406	756132.0 0.66690606 0.25969937 0.5733946	0.9999999999994350
80183328_5500	1400.0	54	58	1126258.6 0.38495776 0.370644 0.7443983	1126260.0 0.38495728 0.37064356 0.7443992	0.9999999999999867
80183328_5500	1400.0	55	59	1212376.6 0.34431627 0.6915219 0.46416187	1212377.4 0.34431607 0.69152313 0.46416077	0.9999999999899055
80183328_5500	1400.0	56	60	1445311.4 0.5800722 0.38935485 0.5305729	1445310.6 0.5800739 0.38935438 0.53057176	0.9999999999215173
80183328_6500	1545.0	57	61	1831030.6 0.3073313 0.41880295 0.7738658	1831035.4 0.30733323 0.41880184 0.7738649	0.9999999999859156
80183328_7050	1906.0	60	65	1031034.0 0.19009557 0.7924724 0.51743203	1031036.7 0.19009605 0.7924723 0.5174316	0.9999999999994922
80183328_7050	1906.0	61	66	1226310.6 0.6662798 0.4350366 0.39868367	1226312.6 0.6662803 0.4350367 0.398683	0.9999999999976289
80183328_7050	1906.0	62	67	1081906.0 0.49310198 0.45189694 0.5550011	1081907.4 0.49310228 0.45189637 0.5550013	0.9999999999811982
80183328_5500	1400.0	66	71	4914136.5 0.73137873 0.2699799 0.49864143	4914138.0 0.7313789 0.2699798 0.49864125	0.9999999999998727
80183328_20000	1991.0	76	72	2648811.2 0.50087297 0.9251006 0.07402641	2648794.0 0.50087625 0.9250972 0.07402652	0.9999999999777039
80183328_6500	1545.0	67	73	4013952.8 0.61046857 0.0488501 0.8406813	4013954.0 0.6104684 0.048849836 0.8406818	0.9999999999998013
80183328_5500	1400.0	72	76	3820059.2 0.3250345 0.51476115 0.6602044	3820038.0 0.32503656 0.5147635 0.6602	0.9999999999081718
80183328_5500	1400.0	73	77	3696757.2 0.5319305 0.6822249 0.28584456	3696736.0 0.531933 0.68222046 0.2858465	0.9999999999150093
80183328_7050	1906.0	77	81	2552767.2 1.0293014 0.25119448 0.21950415	2552766.0 1.029302 0.2511934 0.21950465	0.9999999999985136
80183328_7050	1906.0	78	82	981612.0 0.653253 0.5708396 0.2759074	981612.0 0.65325 0.5708406 0.27590942	0.9999999999663917
80183328_4800	1161.0	72	84	839678.7 0.3225448 0.9438599 0.23359531	839680.0 0.3225467 0.9438584 0.23359494	0.9999999999946814
80183328_4800	1161.0	73	85	908505.3 0.8723548 0.21589857 0.41174662	908504.7 0.87235546 0.21589872 0.41174582	0.9999999999983137
