ID	BITRATE	START_IDX	CAPTURE_START_IDX	KEY	CAPTURE_KEY	CORRELATION
80183328_10000	1926.0	14	15	661661.6 0.2537052 0.33880308 0.2957826 0.32518736 1.2865217	661670.4 0.25370336 0.3388379 0.29577717 0.32518005 1.2865016	0.9999999991907740
80183328_10000	1926.0	15	16	814470.8 0.27523762 0.24028854 0.26417643 1.0451473 0.67515004	814478.8 0.27526683 0.24028495 0.2641714 1.0451347 0.67514217	0.9999999992110143
80183328_10000	1926.0	16	17	803487.2 0.24357326 0.26778772 1.0594344 0.6843793 0.2448253	803484.4 0.24357288 0.26778618 1.0594356 0.6843805 0.24482492	0.9999999999985456
80183328_6500	1545.0	37	41	2456975.2 0.33798754 1.4759 0.0798433 0.44905296 0.15721607	2456988.5 0.3379861 1.4759047 0.07984205 0.44905177 0.15721522	0.9999999999990672
80183328_6500	1545.0	38	42	2282163.2 1.5889529 0.08595923 0.48345008 0.16925871 0.17237899	2282176.8 1.5889571 0.08595785 0.48344854 0.1692577 0.17237885	0.9999999999989252
80183328_10000	1926.0	46	52	1685966.0 0.32617146 0.26908964 1.2052028 0.40042147 0.29911458	1685943.6 0.32617578 0.26909262 1.2052016 0.40042797 0.29910195	0.9999999998171575
80183328_20000	1991.0	59	53	1544523.6 0.29373133 1.3155513 0.43709075 0.32648772 0.12713888	1544524.8 0.29373112 1.3155516 0.43709174 0.32648814 0.1271375	0.9999999999985008
80183328_20000	1991.0	60	54	1536478.4 1.3224397 0.43937942 0.32819727 0.12780459 0.28217906	1536479.6 1.3224399 0.43938038 0.32819766 0.12780319 0.28217882	0.9999999999985116
80183328_5500	1400.0	54	58	1207588.0 0.35903138 0.34568164 0.6942641 0.46600246 0.6350204	1207587.6 0.3590315 0.34568176 0.69426596 0.4660018 0.63501894	0.9999999999708546
80183328_7050	1906.0	60	65	1054368.0 0.1858886 0.77493435 0.50598085 0.46369958 0.56949663	1054370.0 0.1858892 0.77493477 0.50598085 0.46369871 0.56949645	0.9999999999963528
