ID	BITRATE	START_IDX	CAPTURE_START_IDX	KEY	CAPTURE_KEY	CORRELATION
80183328_20000	1991.0	25	19	2112654.8 1.0097883 0.3971004 0.093111284	2112654.8 1.0097883 0.3970999 0.09311176	0.9999999999995406
80183328_20000	1991.0	26	20	2610926.0 0.3213174 0.07534185 1.1033407	2610926.8 0.32131693 0.075342216 1.1033407	0.9999999999996888
80183328_20000	1991.0	27	21	3034618.8 0.064822644 0.94929254 0.48588476	3034620.0 0.06482294 0.9492925 0.48588455	0.9999999999999076
80183328_20000	1991.0	28	22	3279020.8 0.878537 0.4496693 0.17179367	3279022.0 0.87853694 0.44966915 0.17179391	0.9999999999998795
80183328_20000	1991.0	29	23	2702691.2 0.54555804 0.20842743 0.74601454	2702691.2 0.54555804 0.2084278 0.7460142	0.9999999999999803
80183328_20000	1991.0	30	24	2010422.0 0.28019738 1.0028974 0.2169052	2010422.6 0.2801978 1.0028965 0.21690564	0.9999999999999956
80183328_10000	1926.0	33	36	4618501.5 0.7176577 0.45093393 0.33140835	4618519.5 0.71766114 0.45093194 0.33140686	0.9999999999835745
80183328_6500	1545.0	49	53	2023660.6 0.2717422 0.22418532 1.0040725	2023660.6 0.2717422 0.22418532 1.0040725	1.0000000000000000
80183328_7050	1906.0	50	54	2107115.2 0.21530621 0.9643037 0.32039016	2107116.0 0.21530613 0.96430475 0.3203891	0.9999999999988589
80183328_20000	1991.0	60	55	2140843.2 0.949112 0.31534162 0.23554644	2140845.2 0.94911206 0.31534132 0.23554668	0.9999999999997551
80183328_5500	1400.0	54	59	1126258.6 0.38495776 0.370644 0.7443983	1126261.4 0.3849586 0.37064397 0.74439734	0.9999999999977187
80183328_5500	1400.0	55	60	1212376.6 0.34431627 0.6915219 0.46416187	1212377.4 0.34431687 0.6915223 0.46416077	0.9999999999858682
80183328_15000	1952.0	57	61	1370695.4 0.6116487 0.41055 0.47780126	1370698.6 0.6116487 0.4105483 0.47780305	0.9999999998695548
80183328_15000	1952.0	58	62	1323001.4 0.42535028 0.49502593 0.57962376	1323002.6 0.42534912 0.4950285 0.57962245	0.9999999996024036
80183328_20000	1991.0	68	63	1892490.6 0.34606302 0.40520254 0.7487345	1892492.6 0.34606424 0.40520212 0.7487337	0.9999999999944713
80183328_20000	1991.0	69	64	2000588.0 0.38330832 0.70827824 0.40841344	2000588.0 0.38330832 0.70827824 0.40841344	1.0000000000000000
80183328_5500	1400.0	66	72	4914136.5 0.73137873 0.2699799 0.49864143	4914137.5 0.7313788 0.26998004 0.4986411	0.9999999999994814
80183328_20000	1991.0	76	73	2648811.2 0.50087297 0.9251006 0.07402641	2648794.8 0.5008765 0.9250966 0.074026875	0.9999999999741408
80183328_6500	1545.0	67	74	4013952.8 0.61046857 0.0488501 0.8406813	4013954.0 0.61046815 0.048850086 0.8406818	0.9999999999994237
