ID	BITRATE	START_IDX	CAPTURE_START_IDX	KEY	CAPTURE_KEY	CORRELATION
80198592_4200	1104.0	0	0	283916.66 0.43580043 0.48113766 0.58306193	283920.66 0.43579078 0.4811309 0.5830784	0.9999999992588566
80198592_4200	1104.0	1	1	333938.0 0.40906695 0.49572375 0.5952093	333943.34 0.40906042 0.49573678 0.59520274	0.9999999926561779
80198592_4200	1104.0	2	2	322662.0 0.5130477 0.61600995 0.37094235	322666.66 0.513062 0.61600417 0.3709339	0.9999999950954007
80198592_4200	1104.0	3	3	345151.34 0.575872 0.34677252 0.57735544	345150.66 0.57587606 0.34677032 0.57735366	0.9999999997601294
80198592_6500	1634.0	12	9	383133.34 0.48390204 0.28491908 0.7311789	383134.0 0.48389858 0.2849186 0.7311828	0.9999999999190197
80198592_6500	1634.0	13	10	392072.66 0.2784229 0.7145079 0.5070693	392072.66 0.2784229 0.714513 0.50706416	0.9999999997883836
80198592_6500	1634.0	14	11	493608.66 0.5675326 0.4027644 0.529703	493609.34 0.5675359 0.4027598 0.52970433	0.9999999999994426
80198592_4800	1174.0	14	18	1504693.4 1.1664343 0.20120113 0.13236451	1504693.4 1.1664343 0.20120113 0.13236451	1.0000000000000000
80198592_7050	1819.0	18	19	785327.3 0.38549915 0.25361273 0.8608882	785328.0 0.3855026 0.25361124 0.86088616	0.9999999999617055
80198592_6500	1634.0	24	20	856008.7 0.23266937 0.78980273 0.47752786	856010.0 0.23267017 0.78980154 0.4775283	0.9999999999994392
80198592_6500	1634.0	28	23	2127512.0 0.37925285 0.67946833 0.44127882	2127512.0 0.37925333 0.67946833 0.44127837	0.9999999999957706
80198592_7050	1819.0	24	24	2324083.2 0.6219997 0.40395498 0.47404543	2324083.2 0.6219988 0.40395498 0.47404626	0.9999999999833151
80198592_7050	1819.0	29	30	604084.7 0.32917902 0.770339 0.40048194	604086.0 0.3291783 0.7703406 0.40048105	0.9999999999992618
80198592_7050	1819.0	30	31	700542.7 0.6642707 0.34533942 0.49038982	700545.3 0.6642711 0.3453381 0.49039084	0.9999999999842075
80198592_7050	1819.0	31	32	508236.0 0.4760092 0.67594385 0.34804696	508237.34 0.4760079 0.675946 0.34804606	0.9999999999858354
80198592_7050	1819.0	32	33	822716.7 0.4175666 0.21500719 0.8674262	822720.0 0.41756734 0.21500632 0.86742634	0.9999999999975939
80198592_7050	1819.0	33	34	1042040.7 0.16975345 0.68485427 0.64539224	1042043.3 0.16975302 0.6848554 0.6453916	0.9999999999952769
80198592_7050	1819.0	34	35	1555802.6 0.45869958 0.43226883 0.6090316	1555803.4 0.45870128 0.43226928 0.6090294	0.9999999999560650
80198592_6500	1634.0	39	36	1427493.4 0.47112232 0.6637747 0.36510292	1427491.4 0.47112438 0.6637728 0.36510274	0.9999999999426600
80198592_6500	1634.0	40	37	1362027.4 0.6956791 0.38265163 0.42166921	1362023.4 0.69567823 0.382652 0.42166972	0.9999999999996365
80198592_15000	1964.0	62	56	1515546.0 0.13165288 0.5521852 0.816162	1515545.4 0.13165294 0.55218405 0.81616294	0.9999999999959100
80198592_7050	1819.0	57	60	1122948.0 0.75927204 0.56409466 0.17663328	1122948.0 0.75927293 0.56409466 0.1766324	0.9999999999998421
80198592_7050	1819.0	61	64	1778673.4 0.4853415 0.736274 0.27838445	1778671.4 0.4853415 0.7362743 0.2783842	1.0000000000000000
80198592_7050	1819.0	62	65	1625303.4 0.80575174 0.30465388 0.38959435	1625302.0 0.8057518 0.30465353 0.38959467	0.9999999999992342
80198592_7050	1819.0	63	66	1598433.4 0.30977517 0.3961435 0.7940813	1598431.4 0.30977497 0.396144 0.79408103	0.9999999999988072
80198592_15000	1964.0	76	71	820333.3 0.24300244 0.7172109 0.5397867	820330.0 0.24300465 0.7172089 0.5397864	0.9999999999999294
80198592_6500	1634.0	72	72	1595670.6 0.3687177 0.277504 0.8537783	1595668.0 0.3687158 0.27750322 0.853781	0.9999999999959073
