ID	BITRATE	START_IDX	CAPTURE_START_IDX	KEY	CAPTURE_KEY	CORRELATION
80009431_5500	1623.0	66	5	1345815.0 0.8488366 0.15116341	1345840.0 0.8523405 0.14765945	1.0000000000000000
80192445_15000	2750.0	4	6	2470391.0 0.08043828 0.91956174	2470373.0 0.080443725 0.91955626	1.0000000000000000
80192445_4800	1856.0	36	7	2546979.0 0.891899 0.10810101	2546977.0 0.8918993 0.108100705	0.9999999999999999
70130445_5500	726.0	5	9	389588.0 0.5158013 0.4841987	389608.0 0.5110547 0.4889453	1.0000000000000000
80109295_5500	1594.0	46	10	2551188.0 0.07798053 0.9220195	2551196.0 0.07466968 0.92533034	1.0000000000000000
80192445_20000	2738.0	16	16	2310156.0 0.3342008 0.6657992	2310159.0 0.33420125 0.6657988	1.0000000000000000
80192445_15000	2750.0	17	17	2725917.0 0.5642508 0.43574914	2725917.0 0.5642508 0.43574914	1.0000000000000000
80192445_20000	2738.0	18	18	1386305.0 0.85682225 0.14317773	1386304.0 0.8568222 0.14317784	1.0000000000000000
80192445_20000	2738.0	19	19	894400.0 0.22192308 0.77807695	894400.0 0.22192308 0.77807695	1.0000000000000000
80192445_10000	2658.0	16	20	2624481.0 0.26516175 0.73483825	2624480.0 0.26516187 0.7348381	1.0000000000000000
80192445_10000	2658.0	17	21	2677846.0 0.72019416 0.27980587	2677844.0 0.7201943 0.2798057	1.0000000000000000
80192445_10000	2658.0	20	24	3453500.0 0.41927725 0.58072275	3453499.0 0.41927737 0.58072263	1.0000000000000000
80192445_6500	2303.0	26	29	2888022.0 0.93116117 0.06883881	2888024.0 0.93116057 0.06883945	1.0000000000000000
80192445_15000	2750.0	32	31	6860194.0 0.77476454 0.22523546	6860191.0 0.7747646 0.22523542	1.0000000000000000
80192445_7050	2280.0	31	32	3160918.0 0.48883206 0.51116794	3160921.0 0.48883158 0.5111684	1.0000000000000000
80192445_15000	2750.0	38	36	3337739.0 0.48253414 0.5174659	3337741.0 0.48253384 0.5174661	1.0000000000000000
80192445_7050	2280.0	37	37	3170153.0 0.544822 0.45517802	3170150.0 0.54482216 0.45517784	1.0000000000000000
80192445_20000	2738.0	44	42	854852.0 0.25034976 0.74965024	854853.0 0.25034714 0.74965286	1.0000000000000000
80192445_15000	2750.0	50	48	3200107.0 0.062004488 0.9379955	3200106.0 0.06200482 0.9379952	1.0000000000000000
80202920_15000	3217.0	63	50	2397456.0 0.91690356 0.083096415	2397442.0 0.9169548 0.08304518	1.0000000000000000
81074663_20000	3233.0	0	51	433633.0 0.45987737 0.5401226	433650.0 0.4591168 0.5408832	1.0000000000000000
80192445_15000	2750.0	53	52	433170.0 0.54148024 0.45851976	433174.0 0.54147756 0.45852244	1.0000000000000000
80192445_15000	2750.0	54	53	1903964.0 0.10431762 0.8956824	1903966.0 0.10431909 0.8956809	1.0000000000000000
80192445_6500	2303.0	55	59	5298114.0 0.4624153 0.5375847	5298112.0 0.46241528 0.5375847	1.0000000000000000
80192445_6500	2303.0	56	60	3962751.0 0.71873933 0.28126067	3962752.0 0.7187389 0.28126112	1.0000000000000000
80192445_10000	2658.0	55	62	866030.0 0.23007055 0.76992947	866033.0 0.23006976 0.76993024	1.0000000000000000
80192445_5500	1976.0	56	63	1585243.0 0.42062005 0.5793799	1585243.0 0.42062005 0.5793799	1.0000000000000000
