ID	BITRATE	START_IDX	CAPTURE_START_IDX	KEY	CAPTURE_KEY	CORRELATION
80192445_15000	2750.0	3	0	319802.0 0.37863427 0.6213657	319825.0 0.377841 0.622159	1.0000000000000000
80199806_10000	1827.0	1	1	640461.0 0.31068248 0.6893175	640464.0 0.3106841 0.68931586	1.0000000000000000
80199806_6500	1765.0	0	4	573822.0 0.65379333 0.34620667	573846.0 0.6537695 0.3462305	1.0000000000000000
80183328_7050	1906.0	8	5	356469.0 0.5499917 0.45000827	356474.0 0.55735624 0.4426438	1.0000000000000000
80199806_4800	1396.0	4	6	322207.0 0.48971623 0.51028377	322207.0 0.48971933 0.51028067	1.0000000000000000
80174429_6500	2008.0	3	7	363109.0 0.4591156 0.54088444	363114.0 0.45279443 0.54720557	1.0000000000000000
80199806_6500	1765.0	6	8	726718.0 0.27340728 0.7265927	726726.0 0.2734153 0.72658473	1.0000000000000000
80199806_6500	1765.0	7	9	721196.0 0.73215604 0.26784396	721196.0 0.73215604 0.26784396	1.0000000000000000
80199806_6500	1765.0	8	10	2196427.0 0.08794647 0.9120535	2196430.0 0.08794635 0.91205364	0.9999999999999999
80199806_4800	1396.0	11	11	2202130.0 0.9096929 0.09030711	2202131.0 0.90969247 0.09030753	1.0000000000000000
80993095_6500	1358.0	12	12	397587.0 0.50010943 0.4998906	397591.0 0.50018483 0.49981514	1.0000000000000000
80052541_3500	937.0	60	13	397259.0 0.5061861 0.49381387	397254.0 0.50023913 0.49976087	1.0000000000000000
80199806_7050	1675.0	16	19	1056319.0 0.52588093 0.4741191	1056320.0 0.5258804 0.47411957	1.0000000000000000
80199806_5500	1475.0	14	20	959538.0 0.52194077 0.47805923	959536.0 0.52194184 0.47805816	1.0000000000000000
81110498_1200	557.0	25	21	657430.0 0.69780964 0.30219033	657413.0 0.69775623 0.3022438	1.0000000000000000
80199806_5500	1475.0	16	23	657563.0 0.52997357 0.47002643	657566.0 0.52997416 0.4700258	1.0000000000000000
80018689_15000	1525.0	17	26	1039666.0 0.4478044 0.5521956	1039649.0 0.44196838 0.5580316	1.0000000000000000
80169469_20000	2523.0	7	30	584877.0 0.66046536 0.33953464	584862.0 0.6597573 0.34024265	1.0000000000000000
80199806_5500	1475.0	28	33	1059778.0 0.37376034 0.62623966	1059780.0 0.37376058 0.6262394	1.0000000000000000
80199806_4200	1016.0	33	34	1005282.0 0.66018885 0.33981112	1005278.0 0.66019154 0.3398085	1.0000000000000000
80199806_4200	1016.0	34	35	583784.0 0.5851582 0.4148418	583781.0 0.58515435 0.41484565	1.0000000000000000
80128722_7050	2181.0	41	37	689843.0 0.28807133 0.71192867	689825.0 0.28763092 0.7123691	1.0000000000000000
80199806_4800	1396.0	34	38	959047.0 0.51239514 0.4876049	959047.0 0.5123941 0.48760593	1.0000000000000000
80199806_5500	1475.0	34	39	938212.0 0.4984332 0.5015668	938212.0 0.49843425 0.50156575	1.0000000000000000
80199806_5500	1475.0	35	40	1012284.0 0.4648656 0.53513443	1012283.0 0.46486506 0.5351349	1.0000000000000000
80199806_3500	1039.0	38	41	882721.0 0.6136809 0.38631913	882719.0 0.61368114 0.38631886	1.0000000000000000
70251894_4800	916.0	8	42	539761.0 0.6322132 0.36778685	539763.0 0.63177913 0.36822087	1.0000000000000000
70297757_6500	770.0	34	43	550598.0 0.3561219 0.6438781	550598.0 0.3609748 0.6390252	1.0000000000000000
80199806_6500	1765.0	43	45	3832936.0 0.70131904 0.29868096	3832935.0 0.701319 0.29868105	1.0000000000000000
14607635_4800	990.0	60	48	878575.0 0.22651795 0.7734821	878563.0 0.22659388 0.77340615	1.0000000000000000
80199806_5500	1475.0	49	52	1328039.0 0.14938568 0.8506143	1328037.0 0.14938514 0.85061485	1.0000000000000000
80199806_6500	1765.0	50	54	1850138.0 0.2774593 0.7225407	1850135.0 0.27745974 0.72254026	1.0000000000000000
80199806_6500	1765.0	51	55	1535455.0 0.8706214 0.12937859	1535453.0 0.8706206 0.1293794	1.0000000000000000
80199806_6500	1765.0	52	56	2585947.0 0.076820984 0.92317903	2585948.0 0.07682134 0.9231787	1.0000000000000000
80199806_6500	1765.0	53	57	2672826.0 0.8931715 0.1068285	2672826.0 0.8931715 0.1068285	1.0000000000000000
70220028_6500	1001.0	68	59	771316.0 0.7394194 0.26058063	771308.0 0.74209654 0.25790346	1.0000000000000000
328438_10000	1152.0	80	63	950208.0 0.7997133 0.20028667	950232.0 0.79091316 0.20908684	1.0000000000000000
80199806_4800	1396.0	71	73	2516389.0 0.7931393 0.2068607	2516390.0 0.7931394 0.20686062	1.0000000000000000
80134721_15000	3219.0	41	75	3523304.0 0.94359726 0.05640274	3523294.0 0.94357044 0.05642958	1.0000000000000000
80199806_4800	1396.0	73	78	1396361.0 0.7319053 0.26809472	1396363.0 0.73190427 0.26809576	1.0000000000000000
