ID	BITRATE	START_IDX	CAPTURE_START_IDX	KEY	CAPTURE_KEY	CORRELATION
80191608_10000	1907.0	10	9	2549745.2 0.07789288 1.0190018 0.40310538	2549766.0 0.07789303 1.0190045 0.4031025	0.9999999999891582
80191608_20000	1902.0	20	14	3949238.8 1.1381937 0.31147218 0.050334003	3949240.0 1.1381937 0.3114721 0.05033424	0.9999999999999696
80191608_7050	1808.0	22	21	3023174.8 0.71671015 0.7175199 0.06576993	3023176.0 0.71671015 0.7175196 0.06577024	0.9999999999999034
80191608_7050	1808.0	23	22	1711180.6 1.2676557 0.11619697 0.116147295	1711180.0 1.2676562 0.11619759 0.11614617	0.9999999999991307
80191608_7050	1808.0	24	23	594766.7 0.33430588 0.33416295 0.8315311	594766.0 0.33430794 0.33416 0.83153206	0.9999999999614250
80191608_10000	1907.0	29	29	1046319.3 0.18987416 0.81276625 0.49735963	1046316.7 0.18987368 0.8127673 0.49735898	0.9999999999984307
80191608_15000	1938.0	31	30	1401453.4 0.6068079 0.37132666 0.52186537	1401450.0 0.60680866 0.37132612 0.5218652	0.9999999999976229
80191608_20000	1902.0	38	31	1393857.4 0.37334955 0.52472657 0.6019238	1393839.4 0.37335363 0.5247147 0.60193163	0.9999999959630947
80191608_20000	1902.0	39	32	1694834.0 0.43154314 0.4950314 0.5734255	1694818.6 0.43153173 0.49503586 0.57343245	0.9999999980593310
80191608_7050	1808.0	38	36	2036756.0 0.38968438 0.43438977 0.67592585	2036754.6 0.38968366 0.43439057 0.6759258	0.9999999999881630
80191608_7050	1808.0	39	37	2103114.0 0.4206838 0.65459883 0.42471734	2103113.2 0.42068443 0.6545986 0.424717	0.9999999999938057
80191608_5500	1648.0	32	38	2201241.2 0.6254176 0.40578425 0.46879822	2201240.0 0.62541795 0.405784 0.46879804	0.9999999999997913
80191608_6500	1700.0	40	43	1882984.6 0.82475764 0.10555423 0.56968814	1882982.0 0.8247583 0.10555332 0.5696884	0.9999999999999567
80191608_20000	1902.0	54	47	1166487.4 0.74388033 0.5858786 0.17024101	1166489.4 0.743879 0.58587843 0.17024244	0.9999999999997363
80191608_20000	1902.0	55	48	861438.7 0.79334724 0.23052599 0.47612676	861442.0 0.79334533 0.23052742 0.47612724	0.9999999999994656
80191608_20000	1902.0	56	49	766207.3 0.2591779 0.5353042 0.70551795	766208.7 0.25918004 0.53530586 0.7055141	0.9999999999663685
80191608_20000	1902.0	57	50	935027.3 0.43865457 0.578136 0.4832094	935028.0 0.4386564 0.57813346 0.48321012	0.9999999999972233
80191608_20000	1902.0	59	52	1707722.0 0.26457116 0.61358404 0.62184477	1707720.6 0.26457196 0.6218441 0.613584	0.9991796158610723
80191608_20000	1902.0	60	53	1981096.6 0.52891463 0.5360354 0.43504995	1981096.0 0.5360346 0.5289143 0.4350511	0.9920191651039021
80191608_20000	1902.0	62	55	1821245.4 0.47323442 0.109157175 0.9176084	1821246.0 0.47323537 0.109156586 0.9176081	0.9999999999980139
80191608_20000	1902.0	63	56	1997983.4 0.09950133 0.8364384 0.5640603	1997982.0 0.099500895 0.83643895 0.56406015	0.9999999999998831
80191608_5500	1648.0	49	57	2218748.0 0.75321305 0.5079356 0.23885137	2218747.2 0.75321335 0.5079362 0.23885055	0.9999999999980490
80191608_20000	1902.0	78	70	1276326.6 0.4315165 0.15566234 0.9128212	1276325.4 0.43151456 0.15566328 0.91282207	0.9999999999910109
