ID	BITRATE	START_IDX	CAPTURE_START_IDX	KEY	CAPTURE_KEY	CORRELATION
80198592_4200	1104.0	0	0	297730.8 0.4155801 0.4588138 0.55600893 0.667593 0.40200406	297733.2 0.41557342 0.45881012 0.556028 0.66759104 0.4019975	0.9999999961708609
80198592_4200	1104.0	1	1	327948.4 0.4165381 0.50477755 0.6060801 0.3649629 0.60764134	327950.8 0.41653502 0.5047952 0.6060787 0.36495715 0.6076338	0.9999999957228226
80198592_6500	1634.0	12	9	413989.6 0.44783494 0.26368296 0.6766813 0.48022464 0.63157624	413989.6 0.44783252 0.26368296 0.6766861 0.4802198 0.6315787	0.9999999998125559
80198592_7050	1819.0	29	30	570622.4 0.34848267 0.8155131 0.4239669 0.6020426 0.30999485	570624.0 0.34848166 0.81551427 0.4239657 0.6020444 0.30999398	0.9999999999928821
80198592_7050	1819.0	30	31	776540.0 0.5992608 0.3115422 0.44239706 0.22779252 0.9190074	776542.8 0.5992612 0.3115411 0.442398 0.2277917 0.9190079	0.9999999999967245
80198592_7050	1819.0	31	32	859410.0 0.28150126 0.3997382 0.20582725 0.83039063 0.78254265	859412.4 0.2815005 0.3997394 0.20582668 0.8303918 0.7825417	0.9999999999932071
80198592_7050	1819.0	32	33	1141653.2 0.3009136 0.15494196 0.6250987 0.5890799 0.82996565	1141654.4 0.30091506 0.15494181 0.62510073 0.5890802 0.8299622	0.9999999999759288
80198592_6500	1634.0	38	35	1371696.0 0.52028656 0.49028647 0.6907755 0.37995446 0.418697	1371684.0 0.52027214 0.49029222 0.6907786 0.37995705 0.41869992	0.9999999977207846
80198592_7050	1819.0	61	64	1828202.0 0.47219288 0.7163273 0.2708426 0.34635615 0.69428104	1828200.0 0.47219285 0.71632755 0.27084237 0.3463565 0.6942807	0.9999999999988415
