ID	BITRATE	START_IDX	CAPTURE_START_IDX	KEY	CAPTURE_KEY	CORRELATION
80199806_10000	1827.0	0	0	507536.0 0.2380974 0.392051 0.8698516	507538.0 0.23809646 0.3920534 0.86985016	0.9999999999830897
80199806_6500	1765.0	6	8	613257.3 0.32399124 0.86102194 0.31498685	613262.7 0.32400146 0.86101437 0.3149841	0.9999999997788446
80199806_6500	1765.0	7	9	1816303.4 0.29071575 0.10635228 1.102932	1816305.4 0.29071543 0.10635216 1.1029323	0.9999999999999510
80199806_5500	1475.0	13	19	1010022.7 0.5499837 0.49585223 0.45416406	1010022.7 0.54998565 0.49585223 0.45416206	0.9999999999952527
80199806_4200	1016.0	32	33	934258.0 0.42397818 0.71037763 0.3656442	934254.7 0.4239786 0.71038014 0.3656412	0.9999999999735842
80199806_4200	1016.0	33	34	831640.0 0.7980328 0.41076186 0.29120532	831638.0 0.7980347 0.41075805 0.29120722	0.9999999999287087
80199806_4800	1396.0	34	38	953082.0 0.515602 0.4906566 0.49374136	953081.3 0.51560134 0.49065804 0.49374068	0.9999999974362799
80199806_5500	1475.0	34	39	986613.3 0.47398102 0.47696093 0.5490581	986613.3 0.47398204 0.4769599 0.5490581	0.9999999997161250
80199806_6500	1765.0	50	54	1365862.0 0.37583447 0.9787226 0.14544295	1365860.6 0.37583482 0.9787214 0.14544383	0.9999999999999949
80199806_6500	1765.0	51	55	2615164.8 0.5111724 0.07596271 0.91286486	2615163.2 0.5111715 0.07596313 0.9128654	0.9999999999983162
80199806_6500	1765.0	52	56	1914320.6 0.10377311 1.2470701 0.14915684	1914321.4 0.10377359 1.2470696 0.14915678	0.9999999999999220
80199806_15000	1832.0	74	74	2695872.0 0.19308817 1.2331624 0.07374942	2695890.8 0.1930872 1.2331642 0.07374854	0.9999999999999548
80121387_20000	2908.0	14	76	946358.7 0.21001339 0.21000177 1.0799848	946357.3 0.21008767 0.20997778 1.0799346	0.9999999952141907
