ID	BITRATE	START_IDX	CAPTURE_START_IDX	KEY	CAPTURE_KEY	CORRELATION
80191608_7050	1808.0	19	21	2419638.8 0.40618956 0.21968362 0.08215359 0.8954808 0.8964925	2419650.8 0.40618795 0.21968171 0.08216517 0.8964885 0.89547676	0.9999982215865734
80191608_7050	1808.0	20	22	2106039.5 0.25239554 0.094386645 1.0288221 1.0299845 0.094411336	2106052.0 0.2523931 0.094399855 1.0299789 1.0288165 0.09441172	0.9999985790104443
80191608_7050	1808.0	21	23	1972917.2 0.10075536 1.0982417 1.0994825 0.100781724 0.10073864	1972931.2 0.10076935 1.0994753 1.0982344 0.10078202 0.100738935	0.9999987120701901
80191608_7050	1808.0	22	24	2091231.2 1.0361073 1.0372779 0.09507987 0.095039226 0.2364956	2091232.8 1.0372777 1.0361071 0.09508076 0.09504011 0.23649448	0.9999985923392791
80191608_6500	1700.0	20	25	1556800.4 1.3917905 0.12771901 0.12766506 0.3176817 0.53514373	1556802.0 1.3917897 0.1277208 0.1276662 0.3176801 0.5351432	0.9999999999973035
80191608_7050	1808.0	24	26	1125708.4 0.17663011 0.1765546 0.43933848 0.740078 0.9673989	1125709.6 0.17663169 0.17655618 0.4393362 0.7400772 0.9673987	0.9999999999917824
80191608_7050	1808.0	25	27	1286706.8 0.15446332 0.3843665 0.6474762 0.8463537 0.46734035	1286706.0 0.15446496 0.3843652 0.64747655 0.84635496 0.4673383	0.9999999999811492
80191608_7050	1808.0	26	28	1476017.2 0.33506858 0.56443244 0.7378023 0.4074004 0.45529616	1476016.4 0.33506742 0.56443274 0.73780346 0.4073986 0.4552978	0.9999999999734430
80191608_20000	1902.0	32	29	1618355.6 0.5147898 0.67291206 0.37156728 0.4152505 0.52548033	1618356.0 0.5147891 0.6729113 0.37156656 0.4152529 0.52548015	0.9999999999442933
80191608_20000	1902.0	33	30	1596866.4 0.6819675 0.3765675 0.4208386 0.53255177 0.48807466	1596868.8 0.6819659 0.37656632 0.42084047 0.532551 0.48807642	0.9999999999171071
80191608_20000	1902.0	34	31	1369420.4 0.43911132 0.49073535 0.62100285 0.5691386 0.3800119	1369424.0 0.43910944 0.490737 0.62100124 0.56914 0.38001233	0.9999999998532429
80191608_6500	1700.0	28	34	1536805.2 0.5071482 0.3386226 0.5459371 0.47590154 0.6323905	1536809.6 0.50715065 0.3386223 0.5459349 0.47590148 0.6323906	0.9999999998808516
80191608_6500	1700.0	29	35	1578948.0 0.32958463 0.5313658 0.46319956 0.6155117 0.56033826	1578950.4 0.32958478 0.5313644 0.46320012 0.61551267 0.5603381	0.9999999999649903
80191608_6500	1700.0	30	36	1688265.6 0.49695912 0.4332067 0.5756565 0.52405554 0.4701221	1688267.6 0.49695793 0.4332074 0.57565755 0.52405554 0.47012156	0.9999999998683381
80191608_6500	1700.0	31	37	1432119.2 0.5106893 0.67861736 0.61778724 0.5542073 0.13869865	1432121.2 0.51069 0.6786185 0.61778706 0.55420655 0.13869776	0.9999999999945464
80191608_6500	1700.0	32	38	1690249.6 0.57498074 0.5234404 0.46957028 0.117516965 0.8144915	1690251.2 0.574982 0.52344054 0.46956983 0.11751626 0.81449133	0.9999999999963530
80191608_6500	1700.0	33	39	1867478.0 0.47376463 0.42500687 0.1063643 0.73719424 0.75767	1867478.4 0.47376505 0.4250068 0.10636375 0.7371946 0.7576698	0.9999999999992363
80191608_6500	1700.0	34	40	2258958.5 0.35135263 0.08793123 0.60943747 0.62636477 0.8249138	2258958.0 0.3513527 0.087930806 0.60943806 0.6263649 0.8249135	0.9999999999991928
80191608_6500	1700.0	35	41	2354255.5 0.084371895 0.5847683 0.6010104 0.79152244 0.4383271	2354254.8 0.0843715 0.5847689 0.60101056 0.79152226 0.43832684	0.9999999999990499
80191608_6500	1700.0	36	42	2896004.8 0.475377 0.4885807 0.6434541 0.35633022 0.5362581	2896004.8 0.47537732 0.4885807 0.6434537 0.35632986 0.53625846	0.9999999999944935
80191608_6500	1700.0	37	43	2424830.0 0.583518 0.7684852 0.42556962 0.6404597 0.0819674	2424828.0 0.5835185 0.7684854 0.42556956 0.64046067 0.08196581	0.9999999999985943
80191608_20000	1902.0	79	77	1502388.8 0.13224007 0.7754704 0.31356266 1.1463758 0.13235123	1502388.0 0.1322408 0.77547145 0.31356215 1.1463743 0.1323513	0.9999999999980758
