ID	BITRATE	START_IDX	CAPTURE_START_IDX	KEY	CAPTURE_KEY	CORRELATION
80199806_15000	1832.0	25	29	1812769.2 2.2331755	1812768.6 2.2331715	0.9999999999877266
80199806_20000	1719.0	34	33	1752906.0 2.3183513	1752906.4 2.3183496	0.9999999999926170
80199806_20000	1719.0	35	34	2080929.8 1.1294658	2080931.0 1.129466	0.9999999999933495
80199806_20000	1719.0	36	35	1798895.4 2.2386823	1798896.2 2.2386823	0.9999999999935389
80199806_20000	1719.0	37	36	2209333.0 1.1241678	2209333.2 1.1241682	0.9999999999934817
80199806_20000	1719.0	38	37	2232760.0 1.9175828	2232760.8 1.917582	0.9999999999946358
80199806_20000	1719.0	39	38	2338505.8 1.4715161	2338505.8 1.471517	0.9999999999932799
80199806_20000	1719.0	40	39	2049140.4 2.013376	2049141.0 2.0133748	0.9999999999938674
80199806_20000	1719.0	41	40	2341642.8 1.3067775	2341643.2 1.3067781	0.9999999999927699
80199806_20000	1719.0	42	41	2181536.5 1.9821368	2181524.8 1.9821476	0.9999999997568988
80199806_20000	1719.0	63	63	2403987.5 1.8333102	2403975.2 1.833296	0.9999999998596086
80199806_20000	1719.0	64	64	2721155.0 1.3987961	2721143.0 1.3988016	0.9999999999352350
80199806_20000	1719.0	65	65	3479835.2 1.4080313	3479828.8 1.4080256	0.9999999999536844
