ID	BITRATE	START_IDX	CAPTURE_START_IDX	KEY	CAPTURE_KEY	CORRELATION
80198592_4800	1174.0	11	12	305725.34 0.6498905 0.45817268 0.39193675	305727.34 0.6498961 0.45816642 0.39193746	0.9999999994182163
80198592_3500	804.0	10	13	919819.3 0.15228425 0.13027015 1.2174456	919818.7 0.15228435 0.13027133 1.2174443	0.9999999999996556
80198592_3500	804.0	11	14	959216.7 0.12491964 1.1674422 0.20763817	959215.3 0.12492086 1.1674417 0.20763743	0.9999999999986452
80198592_4200	1104.0	24	21	1495316.0 0.7064647 0.5407285 0.25280675	1495316.0 0.7064647 0.54072917 0.2528061	0.9999999999974254
80198592_3500	804.0	20	22	923672.7 0.87540424 0.40926296 0.21533278	923656.0 0.8753919 0.40927035 0.21533774	0.9999999999227970
80198592_3500	804.0	29	33	415525.34 0.57810193 0.47354993 0.4483481	415525.34 0.5781043 0.47354993 0.4483457	0.9999999999321959
80198592_3500	804.0	59	60	600455.3 0.22043605 0.60513747 0.67442656	600454.0 0.22043487 0.6051371 0.67442805	0.9999999999952202
80198592_3500	804.0	60	61	614955.3 0.59086895 0.6585243 0.25060683	614955.3 0.59086734 0.6585243 0.25060844	0.9999999999890897
80198592_3500	804.0	65	66	581560.0 0.3469169 0.3427746 0.81030846	581560.7 0.3427759 0.3469165 0.8103075	0.9998812589968306
80198592_3500	804.0	67	68	1252821.4 0.3761454 0.3222231 0.80163145	1252820.0 0.3761458 0.32222188 0.80163234	0.9999999999959579
80198592_3500	804.0	68	69	1541078.6 0.2619516 0.6516871 0.5863614	1541078.0 0.2619504 0.6516873 0.5863623	0.9999999999974970
80198592_3500	804.0	75	76	654507.3 0.21726266 0.19131184 1.0914255	654505.3 0.21726179 0.19131243 1.0914258	0.9999999999989845
