ID	BITRATE	START_IDX	CAPTURE_START_IDX	KEY	CAPTURE_KEY	CORRELATION
80192445_2000	767.0	40	5	994733.0 0.7998488 0.20015119	994721.0 0.7998605 0.20013954	1.0000000000000000
81076251_7050	1771.0	17	6	883745.0 0.21781735 0.78218263	883746.0 0.22527175 0.77472824	1.0000000000000000
81076251_5500	1510.0	60	7	889112.0 0.77644885 0.22355114	889128.0 0.7700387 0.22996126	1.0000000000000000
80192445_7050	2280.0	7	9	454204.0 0.591089 0.40891096	454205.0 0.5910899 0.40891007	1.0000000000000000
80192445_7050	2280.0	8	10	581451.0 0.31942332 0.6805767	581450.0 0.31942385 0.68057615	1.0000000000000000
80192445_6500	2303.0	10	13	598092.0 0.331969 0.668031	598093.0 0.33197013 0.6680299	1.0000000000000000
80192445_20000	2738.0	19	17	894400.0 0.22192308 0.77807695	894398.0 0.22192022 0.7780798	1.0000000000000000
80192445_10000	2658.0	16	18	2624481.0 0.26516175 0.73483825	2624482.0 0.26516205 0.73483795	1.0000000000000000
80192445_10000	2658.0	17	19	2677846.0 0.72019416 0.27980587	2677845.0 0.7201944 0.2798056	1.0000000000000000
80192445_6500	2303.0	24	26	2747317.0 0.9274995 0.07250055	2747318.0 0.9274995 0.07250053	1.0000000000000000
80192445_6500	2303.0	25	27	2888396.0 0.06895938 0.93104064	2888395.0 0.06895941 0.9310406	1.0000000000000000
80192445_6500	2303.0	26	28	2888022.0 0.93116117 0.06883881	2888024.0 0.9311602 0.0688398	1.0000000000000000
80192445_15000	2750.0	32	31	6860194.0 0.77476454 0.22523546	6860195.0 0.7747644 0.22523558	1.0000000000000000
80192445_7050	2280.0	31	32	3160918.0 0.48883206 0.51116794	3160925.0 0.48883158 0.5111684	1.0000000000000000
80192445_7050	2280.0	32	33	1814319.0 0.89056003 0.10943996	1814323.0 0.8905608 0.10943917	1.0000000000000000
80192445_15000	2750.0	35	34	3862976.0 0.051400267 0.94859976	3862976.0 0.051400267 0.94859976	1.0000000000000000
80192445_6500	2303.0	32	35	6181783.0 0.592777 0.40722296	6181783.0 0.5927769 0.40722314	1.0000000000000000
80192445_15000	2750.0	38	37	3337739.0 0.48253414 0.5174659	3337738.0 0.482534 0.517466	1.0000000000000000
80192445_10000	2658.0	38	42	3959139.0 0.16186449 0.83813554	3959140.0 0.16186419 0.8381358	1.0000000000000000
80192445_10000	2658.0	39	43	3516892.0 0.94353056 0.056469463	3516893.0 0.94353086 0.05646916	1.0000000000000000
80192445_6500	2303.0	47	50	2396799.0 0.91721374 0.08278625	2396801.0 0.9172134 0.0827866	1.0000000000000000
80144140_10000	585.0	64	51	432953.0 0.45907524 0.5409248	432975.0 0.45827818 0.5417218	1.0000000000000000
81075239_6500	1610.0	29	59	397886.0 0.49947724 0.5005228	397885.0 0.4992347 0.5007653	1.0000000000000000
80192445_15000	2750.0	61	60	3047461.0 0.06538164 0.93461835	3047462.0 0.06538129 0.9346187	1.0000000000000000
80192445_5500	1976.0	56	62	1585243.0 0.42062005 0.5793799	1585241.0 0.42061934 0.5793807	1.0000000000000000
