ID	BITRATE	START_IDX	CAPTURE_START_IDX	KEY	CAPTURE_KEY	CORRELATION
80192445_6500	2303.0	3	1	869352.0 0.4659206 0.53407943	869349.0 0.4659222 0.5340778	1.0000000000000000
80023001_15000	2929.0	4	3	685016.0 0.2899757 0.7100243	685015.0 0.29084474 0.70915526	1.0000000000000000
81074663_3500	1160.0	31	6	635662.0 0.3136022 0.6863978	635680.0 0.31270766 0.68729234	1.0000000000000000
80192445_6500	2303.0	6	7	622625.0 0.70170164 0.29829833	622628.0 0.7016999 0.29830012	1.0000000000000000
80192445_7050	2280.0	8	8	581451.0 0.31942332 0.6805767	581452.0 0.31942448 0.68057555	1.0000000000000000
80192445_7050	2280.0	9	9	594271.0 0.66589487 0.33410513	594271.0 0.66589487 0.33410513	1.0000000000000000
80009431_1200	485.0	28	10	467041.0 0.41936362 0.5806364	467024.0 0.4251366 0.5748634	1.0000000000000000
80192445_10000	2658.0	11	11	668018.0 0.40189487 0.59810513	668017.0 0.40189844 0.59810156	1.0000000000000000
80192445_7050	2280.0	14	13	1385830.0 0.5841481 0.41585186	1385831.0 0.5841484 0.41585156	1.0000000000000000
80192445_20000	2738.0	19	15	894400.0 0.22192308 0.77807695	894399.0 0.22192109 0.7780789	1.0000000000000000
80192445_10000	2658.0	16	16	2624481.0 0.26516175 0.73483825	2624482.0 0.26516205 0.73483795	1.0000000000000000
80192445_10000	2658.0	17	17	2677846.0 0.72019416 0.27980587	2677846.0 0.72019416 0.27980587	1.0000000000000000
70041162_15000	1240.0	45	18	948893.0 0.7925509 0.20744911	948880.0 0.7896436 0.21035641	1.0000000000000000
80192445_6500	2303.0	18	19	2122629.0 0.094035275 0.90596473	2122632.0 0.09403561 0.9059644	1.0000000000000000
80192445_7050	2280.0	20	20	2476173.0 0.77661335 0.22338666	2476172.0 0.77661365 0.22338635	1.0000000000000000
80192445_7050	2280.0	24	24	5768224.0 0.5582462 0.44175383	5768221.0 0.55824614 0.44175386	1.0000000000000000
80192445_7050	2280.0	30	29	4042636.0 0.61778456 0.38221547	4042639.0 0.6177841 0.38221592	1.0000000000000000
80192445_7050	2280.0	31	30	3160918.0 0.48883206 0.51116794	3160926.0 0.48883176 0.51116824	1.0000000000000000
80192445_15000	2750.0	36	33	6181813.0 0.592774 0.407226	6181812.0 0.5927739 0.40722606	1.0000000000000000
80192445_5500	1976.0	30	34	2716770.0 0.9266132 0.07338678	2716771.0 0.92661285 0.07338712	1.0000000000000000
80192445_7050	2280.0	36	35	1926543.0 0.10348796 0.89651203	1926545.0 0.103488885 0.89651114	1.0000000000000000
80192445_7050	2280.0	37	36	3170153.0 0.544822 0.45517802	3170153.0 0.544822 0.45517802	1.0000000000000000
80192445_7050	2280.0	38	37	1641697.0 0.87895876 0.121041216	1641698.0 0.8789582 0.12104175	1.0000000000000000
80013870_800	621.0	19	38	397288.0 0.5060158 0.49398422	397310.0 0.5001485 0.4998515	1.0000000000000000
80192445_10000	2658.0	38	40	3959139.0 0.16186449 0.83813554	3959141.0 0.1618644 0.8381356	0.9999999999999999
80192445_7050	2280.0	42	41	3532306.0 0.9394135 0.060586482	3532309.0 0.939413 0.060587	1.0000000000000000
80121840_10000	1398.0	1	43	398272.0 0.49869686 0.50130314	398285.0 0.49853748 0.5014625	1.0000000000000000
80202920_15000	3217.0	63	48	2397456.0 0.91690356 0.083096415	2397476.0 0.9169552 0.083044834	1.0000000000000000
80144140_10000	585.0	64	50	432953.0 0.45907524 0.5409248	432974.0 0.45827925 0.54172075	1.0000000000000000
80192445_15000	2750.0	53	51	433170.0 0.54148024 0.45851976	433171.0 0.5414744 0.45852563	1.0000000000000000
80192445_10000	2658.0	49	52	2636602.0 0.07533143 0.92466855	2636604.0 0.075331755 0.92466825	1.0000000000000000
80192445_7050	2280.0	56	56	2648832.0 0.07508064 0.92491937	2648834.0 0.07508058 0.9249194	1.0000000000000000
80192445_6500	2303.0	57	58	1313206.0 0.8487366 0.1512634	1313208.0 0.84873605 0.15126392	1.0000000000000000
80038359_10000	1155.0	66	61	866020.0 0.7754232 0.2245768	866034.0 0.76992935 0.23007065	1.0000000000000000
