ID	BITRATE	START_IDX	CAPTURE_START_IDX	KEY	CAPTURE_KEY	CORRELATION
80199806_4200	1016.0	0	0	496005.0 0.2436306 0.7563694	496005.0 0.2436306 0.7563694	1.0000000000000000
80199806_6500	1765.0	0	1	573822.0 0.65379333 0.34620667	573824.0 0.6537945 0.34620544	1.0000000000000000
80199806_6500	1765.0	1	2	473654.0 0.41942218 0.5805778	473654.0 0.41942218 0.5805778	1.0000000000000000
80199806_6500	1765.0	2	3	726880.0 0.37831968 0.6216803	726880.0 0.37831968 0.6216803	1.0000000000000000
80199806_6500	1765.0	3	4	650688.0 0.6944757 0.30552432	650688.0 0.6944757 0.30552432	1.0000000000000000
80199806_2000	663.0	5	5	363217.0 0.5473312 0.4526688	363218.0 0.54733247 0.45266753	1.0000000000000000
80174429_6500	2008.0	3	6	363109.0 0.4591156 0.54088444	363108.0 0.45280468 0.5471953	1.0000000000000000
80199806_6500	1765.0	6	7	726718.0 0.27340728 0.7265927	726719.0 0.2734083 0.7265917	1.0000000000000000
80199806_4800	1396.0	9	8	726750.0 0.7265607 0.2734393	726749.0 0.7265617 0.27343827	1.0000000000000000
80199806_4800	1396.0	10	9	2201984.0 0.0902468 0.9097532	2201982.0 0.090246424 0.90975356	1.0000000000000000
80199806_4800	1396.0	11	10	2202130.0 0.9096929 0.09030711	2202129.0 0.9096928 0.090307154	1.0000000000000000
80199806_4800	1396.0	12	11	392035.0 0.50727105 0.49272898	392036.0 0.50726974 0.49273026	1.0000000000000000
80199806_6500	1765.0	19	20	1099122.0 0.70622915 0.29377085	1099119.0 0.7062284 0.29377165	1.0000000000000000
80199806_10000	1827.0	28	25	1797627.0 0.63692355 0.36307645	1797628.0 0.6369232 0.36307678	1.0000000000000000
80199806_6500	1765.0	27	26	1340716.0 0.48681226 0.5131877	1340716.0 0.48681226 0.5131877	1.0000000000000000
80199806_6500	1765.0	28	27	887034.0 0.7756625 0.22433752	887034.0 0.7756625 0.22433752	1.0000000000000000
80199806_6500	1765.0	29	28	553222.0 0.3597019 0.6402981	553220.0 0.35970318 0.6402968	1.0000000000000000
80199806_6500	1765.0	30	29	1087217.0 0.32581076 0.6741892	1087215.0 0.3258095 0.67419046	1.0000000000000000
80199806_6500	1765.0	31	30	2118535.0 0.34598908 0.6540109	2118536.0 0.34598893 0.6540111	0.9999999999999999
80986885_4800	1452.0	19	33	693240.0 0.7123406 0.2876594	693236.0 0.7137887 0.28621134	1.0000000000000000
80199806_10000	1827.0	37	34	1306669.0 0.15184718 0.8481528	1306665.0 0.15184611 0.8481539	1.0000000000000000
80199806_7050	1675.0	35	35	1929615.0 0.57433945 0.42566055	1929614.0 0.5743392 0.4256608	1.0000000000000000
80199806_7050	1675.0	36	36	1808683.0 0.45412102 0.54587895	1808683.0 0.45412102 0.54587895	1.0000000000000000
80199806_7050	1675.0	37	37	2180304.0 0.45283684 0.5471631	2180302.0 0.45283726 0.5471627	1.0000000000000000
80199806_10000	1827.0	41	38	1837552.0 0.64922297 0.350777	1837552.0 0.64922243 0.35077757	1.0000000000000000
80199806_6500	1765.0	39	39	1075319.0 0.599424 0.40057603	1075320.0 0.5994234 0.40057656	1.0000000000000000
80199806_6500	1765.0	40	40	629494.0 0.684275 0.315725	629499.0 0.68427116 0.31572884	1.0000000000000000
70297757_6500	770.0	34	41	550598.0 0.3561219 0.6438781	550597.0 0.36097363 0.63902634	1.0000000000000000
80199806_6500	1765.0	43	43	3832936.0 0.70131904 0.29868096	3832939.0 0.70131904 0.298681	1.0000000000000000
80199806_6500	1765.0	44	44	1758059.0 0.6511869 0.3488131	1758062.0 0.65118635 0.34881362	1.0000000000000000
80199806_10000	1827.0	47	45	812311.0 0.75492513 0.24507485	812313.0 0.7549257 0.24507426	1.0000000000000000
14607635_4800	990.0	60	46	878575.0 0.22651795 0.7734821	878561.0 0.2265944 0.7734056	1.0000000000000000
80199806_15000	1832.0	51	49	2574230.0 0.77764964 0.22235037	2574233.0 0.7776495 0.22235051	1.0000000000000000
80199806_10000	1827.0	53	51	711728.0 0.7212559 0.27874413	711730.0 0.7212539 0.27874616	1.0000000000000000
80199806_5500	1475.0	49	52	1328039.0 0.14938568 0.8506143	1328039.0 0.14938718 0.8506128	1.0000000000000000
80199806_5500	1475.0	50	53	2466447.0 0.4580066 0.5419934	2466447.0 0.4580058 0.5419942	1.0000000000000000
80199806_6500	1765.0	53	55	2672826.0 0.8931715 0.1068285	2672827.0 0.8931719 0.106828086	1.0000000000000000
80199806_7050	1675.0	55	56	484454.0 0.58938724 0.41061276	484454.0 0.58939135 0.41060865	0.9999999999999999
328438_10000	1152.0	80	61	950208.0 0.7997133 0.20028667	950231.0 0.790914 0.209086	1.0000000000000000
80199806_7050	1675.0	60	62	2027969.0 0.09797043 0.9020296	2027969.0 0.09796994 0.90203005	1.0000000000000000
80199806_4800	1396.0	61	66	703626.0 0.7176042 0.28239575	703636.0 0.7175912 0.2824088	1.0000000000000000
80199806_6500	1765.0	66	67	4806150.0 0.041346192 0.9586538	4806148.0 0.041345585 0.9586544	1.0000000000000000
80199806_6500	1765.0	67	68	5150938.0 0.89448446 0.10551554	5150941.0 0.89448416 0.10551587	1.0000000000000000
80199806_15000	1832.0	74	71	3844989.0 0.13538167 0.86461836	3844993.0 0.1353823 0.8646177	1.0000000000000000
80199806_6500	1765.0	70	74	2194666.0 0.9094081 0.090591915	2194668.0 0.90940726 0.09059274	0.9999999999999999
