ID	BITRATE	START_IDX	CAPTURE_START_IDX	KEY	CAPTURE_KEY	CORRELATION
80198592_3500	804.0	5	7	323148.8 0.61514693 0.3680162 0.6152212 0.38837525 0.51324034	323150.4 0.615147 0.3680206 0.61521506 0.38837335 0.513244	0.9999999995090131
80198592_6500	1634.0	38	28	1371696.0 0.52028656 0.49028647 0.6907755 0.37995446 0.418697	1371698.0 0.5202661 0.49028796 0.6907964 0.3799539 0.41869566	0.9999999946687913
80198592_6500	1634.0	39	29	1165792.0 0.57688165 0.81278133 0.4470626 0.49264792 0.17062649	1165805.6 0.5768775 0.8127976 0.44705737 0.4926413 0.17062621	0.9999999994709508
80198592_6500	1634.0	40	30	1136943.2 0.83340484 0.45840636 0.50514835 0.17495596 0.5280844	1136954.8 0.8334228 0.4584017 0.50514233 0.17495595 0.5280773	0.9999999993876373
80198592_6500	1634.0	42	32	986618.0 0.5821149 0.20161298 0.60854554 0.55230695 0.5554196	986618.4 0.5821136 0.20161493 0.6085433 0.5554204 0.5523078	0.9999145371235594
80198592_4800	1174.0	40	41	3698174.8 0.14723344 0.29662606 0.053728666 1.549201 0.45321086	3698187.5 0.1472324 0.29662505 0.053729024 1.5492046 0.45320904	0.9999999999979287
80198592_4800	1174.0	41	42	3559865.2 0.3081507 0.05581616 1.6093912 0.47081923 0.05582262	3559879.5 0.3081495 0.055816498 1.6093941 0.47081706 0.055822957	0.9999999999974388
80198592_4800	1174.0	42	43	3321243.5 0.05982639 1.7250214 0.50464624 0.059833314 0.15067278	3321257.5 0.05982674 1.725024 0.5046438 0.05983366 0.15067184	0.9999999999978129
80198592_4800	1174.0	43	44	3783179.2 1.5143919 0.44302765 0.052527513 0.13227525 0.35777766	3783192.0 1.5143955 0.4430259 0.052527864 0.13227454 0.3577762	0.9999999999974938
80198592_4800	1174.0	44	45	1741453.6 0.9624448 0.11411214 0.28735822 0.7772455 0.3588393	1741453.6 0.96244425 0.114113286 0.28735763 0.7772449 0.35883987	0.9999999999987287
