ID	BITRATE	START_IDX	CAPTURE_START_IDX	KEY	CAPTURE_KEY	CORRELATION
80184100_800	299.0	10	0	264382.0 0.4990279 0.5009721	264401.0 0.4997674 0.5002326	1.0000000000000000
80184100_800	299.0	5	1	264070.0 0.5000454 0.49995455	264057.0 0.5008843 0.49911574	1.0000000000000000
70298735_7050	460.0	54	5	425135.0 0.46170276 0.53829724	425146.0 0.46117803 0.53882194	0.9999999999999999
80184100_5500	1246.0	50	8	616908.0 0.3177686 0.68223137	616891.0 0.32162893 0.6783711	1.0000000000000000
80031715_600	324.0	13	21	235941.0 0.42857325 0.57142675	235921.0 0.43213195 0.56786805	1.0000000000000000
80081770_3500	1048.0	51	22	272799.0 0.4903757 0.5096243	272787.0 0.4911231 0.50887686	1.0000000000000000
80239639_2000	696.0	29	23	334644.0 0.4056281 0.5943719	334629.0 0.41483253 0.58516747	1.0000000000000000
80168188_7050	2237.0	21	24	377340.0 0.5211242 0.47887582	377337.0 0.51893663 0.48106334	0.9999999999999999
80031611_600	407.0	4	25	392661.0 0.4666697 0.53333026	392686.0 0.46225992 0.53774005	0.9999999999999999
60033314_15000	456.0	5	26	389433.0 0.5449564 0.4550436	389409.0 0.54226536 0.45773467	1.0000000000000000
80239639_800	425.0	33	29	310423.0 0.6715836 0.32841638	310420.0 0.6634044 0.3365956	1.0000000000000000
80135164_1200	360.0	19	33	246022.0 0.48111552 0.5188845	246045.0 0.4906948 0.5093052	1.0000000000000000
80081155_4200	1311.0	23	35	674620.0 0.44913286 0.55086714	674608.0 0.4432589 0.5567411	1.0000000000000000
