ID	BITRATE	START_IDX	CAPTURE_START_IDX	KEY	CAPTURE_KEY	CORRELATION
80192445_5500	1976.0	5	7	381014.8 0.45797956 0.56549245 0.5211031 0.30227697 0.6531478	381016.0 0.4579755 0.5654933 0.5211041 0.30227864 0.6531484	0.9999999998454863
80192445_5500	1976.0	6	8	472887.6 0.45562837 0.419863 0.24355048 0.526254 0.8547042	472889.2 0.45562893 0.4198637 0.24355178 0.52625436 0.8547013	0.9999999999980722
80192445_5500	1976.0	7	9	509724.0 0.38952062 0.22594973 0.48822305 0.792937 0.60336965	509725.2 0.38952166 0.22595116 0.48822385 0.79293513 0.6033683	0.9999999999963785
80192445_5500	1976.0	8	10	509700.4 0.2259602 0.48824564 0.79297364 0.6033976 0.3894229	509700.8 0.22596197 0.48824722 0.79297304 0.60339713 0.3894206	0.9999999999724561
80192445_5500	1976.0	9	11	597160.8 0.416737 0.6768344 0.51502377 0.33238786 0.55901694	597161.6 0.4167381 0.6768335 0.51502305 0.33238572 0.5590195	0.9999999999075697
80192445_6500	2303.0	15	15	1530762.0 0.218077 0.6882089 0.20706551 0.13039388 1.2562547	1530761.2 0.21807776 0.68820924 0.20706494 0.13039133 1.2562567	0.9999999999973507
80192445_6500	2303.0	16	16	1618489.2 0.6509058 0.1958419 0.12332612 1.1881617 0.3417644	1618488.4 0.65090615 0.19584139 0.123323716 1.1881636 0.3417652	0.9999999999977117
80192445_20000	2738.0	32	28	3549318.5 0.056013852 1.4974715 0.4353399 0.4552319 0.055942852	3549306.0 0.056013487 1.4974693 0.43534088 0.45523405 0.055942204	0.9999999999970659
80192445_20000	2738.0	33	29	4935550.5 1.0768815 0.3130674 0.3273724 0.040230364 0.7424483	4935538.0 1.0768789 0.3130678 0.32737362 0.04022986 0.74244976	0.9999999999936039
80192445_7050	2280.0	31	30	3816492.5 0.40486336 0.42336255 0.052026566 0.96014524 0.6596022	3816505.5 0.404862 0.4233624 0.0520256 0.9601425 0.6596076	0.9999999999569694
80192445_15000	2750.0	34	31	3842683.2 0.42047805 0.051671706 0.95360917 0.6551138 0.4191272	3842670.5 0.4204797 0.051671356 0.9536048 0.65511626 0.4191278	0.9999999999748228
80192445_15000	2750.0	35	32	3887244.0 0.051079378 0.9426776 0.64760405 0.41432258 0.44431633	3887232.0 0.05107902 0.9426731 0.6476063 0.4143231 0.44431847	0.9999999999718691
80192445_15000	2750.0	36	33	4385014.5 0.8356684 0.5740905 0.36729023 0.3938792 0.32907167	4385003.0 0.835664 0.5740922 0.36729053 0.3938809 0.3290723	0.9999999999719015
80192445_15000	2750.0	37	34	2998732.8 0.8394863 0.5370845 0.5759653 0.48119792 0.06626599	2998733.2 0.8394865 0.53708345 0.5759662 0.4811975 0.06626631	0.9999999999962805
