ID	BITRATE	START_IDX	CAPTURE_START_IDX	KEY	CAPTURE_KEY	CORRELATION
80199806_15000	1832.0	25	29	1311207.8 0.46035802 0.49776703 0.92468566 0.15147257 0.87320334 0.5247376 0.55900675 0.1795993 0.27015322 0.5590167	1311206.6 0.4603569 0.4977667 0.92468494 0.15147498 0.8732018 0.5247381 0.5590072 0.17959869 0.27015194 0.5590187	0.9999999999877266
80199806_20000	1719.0	34	33	1282838.2 0.89251316 0.5363412 0.5713682 0.18357186 0.27612758 0.5713807 0.3477874 0.1551201 1.0800637 0.38572595	1282838.2 0.8925116 0.53634197 0.571369 0.1835703 0.276126 0.5713807 0.34778818 0.15512165 1.0800637 0.38572672	0.9999999999926170
80199806_20000	1719.0	35	34	1275498.8 0.5394274 0.574656 0.18462817 0.27771646 0.5746685 0.34978867 0.1560127 1.0862786 0.3879455 0.8688781	1275499.6 0.5394278 0.57465637 0.18462647 0.2777147 0.57466817 0.3497892 0.15601416 1.0862778 0.387946 0.86887914	0.9999999999933495
80199806_20000	1719.0	36	35	1302163.2 0.56288874 0.18084753 0.27202964 0.562901 0.342626 0.15281801 1.0640348 0.38000152 0.8510861 0.6307665	1302163.8 0.5628893 0.18084592 0.272028 0.5629008 0.34262666 0.15281948 1.0640343 0.38000214 0.8510873 0.6307663	0.9999999999935389
80199806_20000	1719.0	37	36	1353032.6 0.17404827 0.26180226 0.54173785 0.32974446 0.14707258 1.0240307 0.36571476 0.81908816 0.6070519 0.7297089	1353032.8 0.17404678 0.26180077 0.5417378 0.32974517 0.14707404 1.0240307 0.36571547 0.81908953 0.60705185 0.72970814	0.9999999999934817
80199806_20000	1719.0	38	37	1544530.2 0.22934286 0.47457084 0.2888613 0.12883788 0.89706695 0.32037184 0.717534 0.5317869 0.63923645 0.77239084	1544530.6 0.22934152 0.47457072 0.28886187 0.12883914 0.8970667 0.3203724 0.71753514 0.5317868 0.6392356 0.77239	0.9999999999946358
80199806_20000	1719.0	39	38	1513367.8 0.48434296 0.29480937 0.13149084 0.91553885 0.3269688 0.7323091 0.54273725 0.65239924 0.7882955 0.13110825	1513368.0 0.48434287 0.29481 0.13149214 0.9155387 0.3269694 0.7323103 0.5427371 0.65239847 0.78829473 0.13110624	0.9999999999932799
80199806_20000	1719.0	40	39	1437139.2 0.3104466 0.13846536 0.9641007 0.3443118 0.77115214 0.571525 0.68700373 0.83010817 0.13806248 0.24482387	1437139.4 0.31044728 0.13846673 0.96410066 0.34431246 0.77115345 0.5715249 0.68700296 0.8301074 0.13806038 0.24482386	0.9999999999938674
80199806_20000	1719.0	41	40	1476822.0 0.13474475 0.938195 0.33506 0.750431 0.5561679 0.6685437 0.80780286 0.13435268 0.23824537 0.4364568	1476822.4 0.13474606 0.93819475 0.3350606 0.75043213 0.5561678 0.6685428 0.80780196 0.13435061 0.23824531 0.43645805	0.9999999999927699
80199806_20000	1719.0	42	41	1523178.6 0.90964186 0.32486275 0.7275923 0.53924143 0.6481971 0.783218 0.13026378 0.23099458 0.4231736 0.2828145	1523172.8 0.9096453 0.32486466 0.7275964 0.5392435 0.64819896 0.7832204 0.13026232 0.23099546 0.42317656 0.28279656	0.9999999997568988
80199806_20000	1719.0	63	63	1642719.2 0.8137885 0.12093119 1.4532392 0.4575042 0.12109373 0.62336516 0.17383555 0.80792624 0.12094519 0.30737084	1642707.4 0.8137773 0.12093085 1.4532497 0.45750752 0.121093996 0.6233703 0.17381915 0.8079321 0.120946676 0.30737245	0.9999999998596086
80199806_20000	1719.0	64	64	1741211.6 0.114090666 1.371036 0.4316253 0.114244014 0.58810425 0.16400246 0.76222557 0.114103876 0.2899843 1.0505834	1741205.4 0.11408993 1.371041 0.43162686 0.11424385 0.588107 0.1639864 0.7622283 0.11410486 0.28998473 1.0505872	0.9999999999352350
80199806_20000	1719.0	65	65	2229889.2 1.0705751 0.33703512 0.08920757 0.4592219 0.12806152 0.59518474 0.08909815 0.22643456 0.8203493 1.184832	2229883.2 1.070578 0.33703604 0.08920736 0.4592236 0.12804885 0.5951863 0.08909883 0.22643472 0.8203515 1.1848347	0.9999999999536844
