ID	BITRATE	START_IDX	CAPTURE_START_IDX	KEY	CAPTURE_KEY	CORRELATION
80192445_20000	2738.0	11	11	3198982.0 0.73796165 0.1321089 0.6299295	3198984.8 0.7379526 0.1321088 0.6299386	0.9999999996123186
80192445_20000	2738.0	16	16	2331982.0 0.33107287 0.6595677 0.5093594	2331983.2 0.33107355 0.6595678 0.5093587	0.9999999999931735
80192445_20000	2738.0	17	17	1949603.4 0.7889297 0.60926086 0.10180943	1949603.4 0.78893024 0.6092603 0.10180943	0.9999999999990299
80192445_20000	2738.0	18	18	1388144.6 0.8556868 0.14298798 0.5013253	1388144.0 0.8556864 0.14298804 0.5013255	0.9999999999998277
80192445_10000	2658.0	16	20	2249172.0 0.3094081 0.85745734 0.3331346	2249170.8 0.30940825 0.85745734 0.33313432	0.9999999999997542
80192445_15000	2750.0	28	28	3822707.2 0.74450874 0.7034842 0.05200712	3822728.0 0.7445123 0.70348036 0.052007362	0.9999999999549424
80192445_20000	2738.0	32	30	4705982.5 0.04224644 1.1294141 0.32833952	4706000.5 0.042246066 1.1294161 0.32833782	0.9999999999981509
80192445_15000	2750.0	32	31	5650638.5 0.94060785 0.27344856 0.28594363	5650636.0 0.9406079 0.2734485 0.28594357	1.0000000000000000
80192445_15000	2750.0	38	36	3187148.8 0.5053335 0.5419157 0.45275074	3187148.8 0.5053335 0.5419164 0.45275012	0.9999999999989592
80192445_15000	2750.0	50	48	3598988.0 0.05513244 0.8340361 0.61083144	3598968.0 0.055133026 0.8340402 0.6108268	0.9999999999414781
80192445_15000	2750.0	53	52	1425678.0 0.16452032 0.13931407 1.1961656	1425680.0 0.16452079 0.13931598 1.1961632	0.9999999999993718
80192445_6500	2303.0	55	59	4275120.0 0.5730667 0.6662234 0.26070988	4275120.0 0.5730665 0.66622317 0.26071033	0.9999999999999125
