ID	BITRATE	START_IDX	CAPTURE_START_IDX	KEY	CAPTURE_KEY	CORRELATION
80202920_7050	1983.0	21	21	997019.3 0.6992452 0.6015039 0.1992509	997018.7 0.69924766 0.60150224 0.19925003	0.9999999999752414
80202920_7050	1983.0	22	22	772412.7 0.77641267 0.25719023 0.46639705	772410.0 0.7764128 0.25718984 0.46639737	0.9999999999993436
80202920_7050	1983.0	23	23	1804164.6 0.11011024 0.19967745 1.1902124	1804144.0 0.110110946 0.19967918 1.1902099	0.9999999999993763
80202920_7050	1983.0	24	24	3417936.0 0.10540016 0.6282561 0.7663438	3417916.0 0.10540048 0.62825125 0.76634824	0.9999999999125806
80202920_7050	1983.0	25	25	4395058.5 0.4885803 0.59596795 0.4154518	4395037.5 0.48857602 0.5959708 0.4154531	0.9999999992340488
80202920_7050	1983.0	30	30	3081260.0 0.60851437 0.30999428 0.58149135	3081258.8 0.6085146 0.3099944 0.58149093	0.9999999999978947
80202920_7050	1983.0	31	31	3330694.0 0.286779 0.5379437 0.6752773	3330691.2 0.2867792 0.5379436 0.67527723	0.9999999999998119
80202920_7050	1983.0	32	32	4024596.8 0.44519392 0.55884904 0.49595702	4024592.8 0.44519386 0.5588491 0.49595702	0.9999999999999999
80202920_6500	1951.0	37	38	3868434.8 0.558278 0.50457925 0.4371427	3868434.0 0.5582781 0.5045788 0.43714303	0.9999999999820306
80202920_7050	1983.0	38	39	3447035.2 0.56626374 0.4905836 0.4431527	3447036.0 0.5662633 0.4905835 0.4431532	0.9999999999974520
80202920_7050	1983.0	39	40	3199117.2 0.52860177 0.47749516 0.49390313	3199118.0 0.52860165 0.47749567 0.49390268	0.9999999998724632
80202920_7050	1983.0	45	45	2685816.8 0.52812874 0.4819964 0.4898748	2685814.8 0.528128 0.48199713 0.4898748	0.9999999999425060
80202920_6500	1951.0	52	53	2653209.2 0.40313256 0.49769878 0.5991687	2653210.8 0.40313232 0.49769887 0.5991688	0.9999999999993403
80202920_7050	1983.0	53	54	2784876.0 0.47416797 0.5708401 0.45499188	2784877.2 0.47416812 0.5708406 0.45499134	0.9999999999890375
80202920_15000	3217.0	65	63	3917649.2 0.48998338 0.5876915 0.4223252	3917647.2 0.48998338 0.587692 0.42232466	0.9999999999997948
80202920_20000	3194.0	72	65	2551701.2 0.6483992 0.07806243 0.7735384	2551722.0 0.6483931 0.07807473 0.77353215	0.9999999999896749
80202920_15000	3217.0	76	71	5208484.0 0.5277524 0.51002556 0.462222	5208465.5 0.5277543 0.510022 0.46222365	0.9999999960826551
