ID	BITRATE	START_IDX	CAPTURE_START_IDX	KEY	CAPTURE_KEY	CORRELATION
80202920_10000	2833.0	0	0	426441.0 0.5345382 0.46546182	426440.0 0.53453946 0.46546057	1.0000000000000000
80009431_10000	3108.0	65	2	784053.0 0.26427168 0.7357283	784077.0 0.2683257 0.7316743	1.0000000000000000
80202920_4800	1419.0	7	7	471890.0 0.57857126 0.4214287	471887.0 0.5785728 0.42142716	1.0000000000000000
70301367_6500	456.0	62	8	473015.0 0.4156126 0.58438736	472990.0 0.4204444 0.5795556	1.0000000000000000
80202920_2000	586.0	14	14	282827.0 0.5246317 0.47536832	282825.0 0.5246354 0.47536463	1.0000000000000000
80191608_3500	997.0	27	15	335586.0 0.40799674 0.5920032	335574.0 0.4006419 0.59935814	1.0000000000000000
80202920_5500	1458.0	26	21	1662366.0 0.5607905 0.43920955	1662366.0 0.5607899 0.43921015	1.0000000000000000
80202920_3500	981.0	24	22	1531694.0 0.47668007 0.52331996	1531695.0 0.47667974 0.52332026	1.0000000000000000
80171659_5500	1576.0	54	23	1177853.0 0.6728624 0.3271376	1177865.0 0.68052536 0.31947464	1.0000000000000000
80121387_4800	1522.0	2	28	549491.0 0.6383944 0.36160555	549492.0 0.6385079 0.36149207	1.0000000000000000
80210932_4200	1720.0	19	29	743975.0 0.2669915 0.7330085	743983.0 0.26699132 0.7330087	1.0000000000000000
80202920_4200	1276.0	32	30	1009669.0 0.5401235 0.45987645	1009671.0 0.54012245 0.45987752	1.0000000000000000
80202920_4200	1276.0	33	31	850601.0 0.5458764 0.45412362	850603.0 0.54587746 0.45412254	1.0000000000000000
80202920_20000	3194.0	9	56	830193.0 0.37025246 0.62974757	830195.0 0.37025157 0.6297484	1.0000000000000000
80202920_3500	981.0	67	60	1423900.0 0.49442658 0.50557345	1423899.0 0.49442694 0.5055731	1.0000000000000000
70103763_4200	1124.0	83	69	342144.0 0.4979424 0.5020576	342144.0 0.4979424 0.5020576	1.0000000000000000
