ID	BITRATE	START_IDX	CAPTURE_START_IDX	KEY	CAPTURE_KEY	CORRELATION
80206300_15000	1078.0	9	11	1071275.0 0.65834355 0.71650136 0.18300062 0.8192276 0.6032494 0.45664838 0.45305267 0.441094 0.18365312 0.48522928	1071274.2 0.6583459 0.7165019 0.18300076 0.81922626 0.60325074 0.4566487 0.45305204 0.44109246 0.18365325 0.48522776	0.9999999999818135
80206300_15000	1078.0	10	12	1013365.0 0.7574467 0.19345842 0.8660433 0.63772285 0.48274413 0.47894293 0.46630087 0.19414821 0.5129583 0.4102342	1013363.8 0.7574476 0.19345866 0.8660424 0.6377246 0.4827447 0.4789425 0.46629947 0.19414844 0.5129569 0.4102347	0.9999999999886447
80206300_15000	1078.0	11	13	951871.2 0.20595644 0.9219924 0.6789217 0.51393086 0.5098841 0.49642536 0.20669079 0.546097 0.4367366 0.48336476	951869.8 0.20595674 0.92199165 0.6789237 0.51393163 0.5098838 0.496424 0.20669109 0.54609567 0.43673724 0.48336443	0.9999999999876947
80206300_7050	1007.0	17	16	821741.2 0.5953176 0.5906251 0.57503873 0.23941967 0.63257384 0.5058965 0.55990624 0.23828305 0.5279789 0.5349604	821742.2 0.5953157 0.59062684 0.5750356 0.23942181 0.63257307 0.5058971 0.559908 0.23828277 0.5279795 0.53495973	0.9999999999372058
80206300_7050	1007.0	18	17	831490.2 0.58370024 0.56829655 0.23661253 0.6251571 0.499965 0.55334145 0.23548925 0.5217885 0.52868813 0.64696133	831491.4 0.5837018 0.56829333 0.2366146 0.6251562 0.4999655 0.55334306 0.2354889 0.52178895 0.52868736 0.64696044	0.9999999999485154
80206300_7050	1007.0	19	18	851165.0 0.5551603 0.23114319 0.6107065 0.48840824 0.5405509 0.23004588 0.50972724 0.51646745 0.6320067 0.6857836	851165.8 0.5551574 0.23114532 0.6107059 0.48840895 0.54055274 0.23004566 0.50972795 0.5164669 0.6320061 0.68578297	0.9999999999649621
80206300_7050	1007.0	20	19	882265.6 0.2229952 0.58917856 0.47119144 0.521496 0.22193657 0.49175894 0.4982615 0.6097279 0.6616091 0.71184456	882267.2 0.22299707 0.58917755 0.47119173 0.52149737 0.22193617 0.49175918 0.49826062 0.60972685 0.661608 0.7118456	0.9999999999803511
80206300_7050	1007.0	21	20	882274.4 0.5891727 0.47118676 0.5214908 0.22193436 0.49175406 0.49825656 0.6097219 0.66160256 0.71183753 0.22304286	882275.4 0.58917207 0.47118735 0.5214925 0.22193411 0.49175462 0.498256 0.6097212 0.66160184 0.71183896 0.22304147	0.9999999999831218
80206300_7050	1007.0	22	21	901702.6 0.46103448 0.5102547 0.21715252 0.48115864 0.48752105 0.59658474 0.64734757 0.6965001 0.21823713 0.6842089	901703.6 0.46103507 0.51025635 0.21715228 0.4811592 0.4875205 0.596584 0.64734685 0.69650155 0.21823579 0.68420815	0.9999999999838389
80206300_7050	1007.0	23	22	947954.0 0.48535898 0.2065575 0.45768255 0.46373454 0.5674769 0.615763 0.66251737 0.2075892 0.65082586 0.6824941	947954.8 0.48536068 0.20655732 0.4576832 0.46373412 0.5674764 0.6157625 0.6625189 0.20758796 0.6508253 0.6824935	0.9999999999852125
80206300_7050	1007.0	24	23	1048653.0 0.1867224 0.41373268 0.4192035 0.5129838 0.5566331 0.5988978 0.18765502 0.588329 0.61695623 0.9188864	1048653.2 0.18672235 0.4137335 0.4192034 0.5129837 0.556633 0.5988996 0.18765402 0.5883289 0.61695606 0.91888523	0.9999999999925262
80206300_7050	1007.0	25	24	1105298.2 0.39252934 0.3977198 0.48669398 0.52810633 0.568205 0.17803791 0.5581778 0.58533794 0.8717946 0.43339705	1105298.4 0.3925302 0.39771977 0.48669392 0.5281063 0.5682067 0.17803699 0.55817777 0.5853379 0.87179357 0.433397	0.9999999999900803
80206300_7050	1007.0	26	25	1057749.0 0.4155986 0.50857246 0.55184644 0.5937477 0.1860413 0.5832698 0.61165076 0.9109846 0.45287967 0.18540883	1057748.8 0.4155987 0.5085726 0.55184656 0.5937497 0.1860404 0.5832699 0.61165094 0.9109838 0.45287976 0.18540792	0.9999999999928619
80206300_7050	1007.0	27	26	1057525.0 0.50868016 0.5519633 0.59387344 0.18608071 0.5833933 0.61178035 0.9111775 0.45297557 0.1854481 0.41462755	1057525.2 0.50868005 0.55196315 0.59387517 0.18607971 0.58339316 0.61178017 0.9111763 0.45297548 0.18544711 0.41462934	0.9999999999881771
80206300_7050	1007.0	28	27	1075611.4 0.54268205 0.58388746 0.18295176 0.57358354 0.60149324 0.8958561 0.4453588 0.18232979 0.4076556 0.5842017	1075611.6 0.54268193 0.5838892 0.1829508 0.5735834 0.6014931 0.89585495 0.4453587 0.18232882 0.40765736 0.5842016	0.9999999999883937
