ID	BITRATE	START_IDX	CAPTURE_START_IDX	KEY	CAPTURE_KEY	CORRELATION
70296965_3500	888.0	5	0	331169.0 0.592637 0.407363	331177.0 0.59992087 0.4000791	1.0000000000000000
80192815_15000	2261.0	5	1	332205.0 0.40007526 0.59992474	332182.0 0.39886868 0.6011313	1.0000000000000000
80206300_20000	1024.0	68	3	835366.0 0.23490901 0.765091	835342.0 0.23814438 0.7618556	1.0000000000000000
80029196_20000	1299.0	3	5	909395.0 0.7814602 0.2185398	909411.0 0.78175765 0.21824236	1.0000000000000000
80106307_15000	2273.0	1	13	383094.0 0.4867239 0.5132761	383103.0 0.49345997 0.50654	1.0000000000000000
80232502_1200	452.0	2	14	388922.0 0.4891752 0.5108248	388911.0 0.49897534 0.50102466	1.0000000000000000
60020801_1200	377.0	41	19	343661.0 0.35540548 0.64459455	343658.0 0.3513202 0.6486798	1.0000000000000000
70296965_600	353.0	11	20	422154.0 0.5299772 0.4700228	422137.0 0.52808446 0.4719155	1.0000000000000000
80122759_6500	2111.0	13	21	395208.0 0.5043091 0.49569088	395216.0 0.50406104 0.49593893	1.0000000000000000
80093106_2000	549.0	37	27	273478.0 0.54059196 0.45940807	273500.0 0.5312358 0.46876416	1.0000000000000000
80239639_20000	1643.0	43	30	412734.0 0.5183653 0.48163465	412723.0 0.51852936 0.4814706	1.0000000000000000
80232502_1200	452.0	10	31	304933.0 0.6516546 0.34834537	304937.0 0.6516559 0.3483441	1.0000000000000000
80232502_4800	1104.0	14	34	460589.0 0.4326916 0.56730837	460594.0 0.4319075 0.5680925	1.0000000000000000
70123920_1200	388.0	3	40	374562.0 0.47555277 0.5244472	374578.0 0.46895438 0.5310456	1.0000000000000000
70297757_10000	764.0	75	41	561595.0 0.34898815 0.6510118	561594.0 0.3542025 0.6457975	1.0000000000000000
60033314_1200	440.0	16	57	282303.0 0.57627445 0.42372558	282323.0 0.5825703 0.4174297	1.0000000000000000
80128722_4800	1758.0	1	62	437379.0 0.45512474 0.54487526	437391.0 0.44884324 0.55115676	0.9999999999999999
70208599_5500	833.0	12	63	440098.0 0.54736215 0.45263782	440082.0 0.54778653 0.45221344	1.0000000000000000
80128722_1200	541.0	9	71	373113.0 0.28747055 0.7125294	373096.0 0.28400466 0.7159954	1.0000000000000000
80093138_4800	1489.0	17	72	466162.0 0.57375336 0.42624667	466140.0 0.57307893 0.4269211	1.0000000000000000
80202920_20000	3194.0	6	73	489868.0 0.40567458 0.5943254	489850.0 0.406257 0.59374297	1.0000000000000000
60026145_1200	531.0	37	75	244973.0 0.55099136 0.44900867	244982.0 0.55082005 0.44917995	1.0000000000000000
80163052_5500	422.0	1	80	354349.0 0.43707475 0.5629253	354360.0 0.43326843 0.5667316	1.0000000000000000
80081770_3500	1048.0	19	92	580090.0 0.7260925 0.27390748	580075.0 0.73328793 0.26671207	1.0000000000000000
