ID	BITRATE	START_IDX	CAPTURE_START_IDX	KEY	CAPTURE_KEY	CORRELATION
80206300_20000	1024.0	20	11	1112589.4 0.63389874 0.68989515 0.17620607	1112588.6 0.63389915 0.68989563 0.17620529	0.9999999999999831
80206300_20000	1024.0	21	12	1227488.0 0.6253177 0.15971236 0.71496993	1227486.6 0.6253184 0.15971172 0.71496993	0.9999999999989202
80206300_20000	1024.0	22	13	1146607.4 0.17097832 0.7654032 0.56361836	1146604.6 0.17097786 0.7654042 0.563618	0.9999999999986586
80206300_20000	1024.0	23	14	1342040.6 0.6539422 0.48154205 0.36451578	1342039.4 0.65394205 0.481541 0.36451688	0.9999999999792899
80206300_20000	1024.0	24	15	1080524.0 0.5980885 0.45273867 0.4491728	1080524.0 0.59808666 0.4527396 0.44917375	0.9999999999999216
80206300_7050	1007.0	17	16	964714.0 0.5070902 0.5030931 0.48981667	964713.3 0.5070895 0.50309557 0.48981494	0.9999999791432473
80206300_7050	1007.0	18	17	769743.3 0.6305232 0.61388385 0.255593	769744.7 0.63052464 0.61388016 0.25559515	0.9999999999214392
80206300_7050	1007.0	19	18	792724.0 0.5960877 0.24818347 0.6557289	792724.0 0.59608513 0.248186 0.6557289	0.9999999999753372
80206300_7050	1007.0	20	19	754846.0 0.26063728 0.6886332 0.5507296	754848.0 0.26063922 0.68863136 0.5507294	0.9999999999992564
80206300_7050	1007.0	21	20	930417.3 0.5586869 0.44680595 0.49450713	930419.3 0.5586857 0.44680607 0.49450824	0.9999999998766190
80206300_7050	1007.0	22	21	714414.0 0.5818979 0.6440215 0.27408057	714416.0 0.5818977 0.6440225 0.2740798	0.9999999999968002
80206300_7050	1007.0	23	22	726511.3 0.6332978 0.2695168 0.5971855	726513.3 0.6332988 0.26951605 0.5971852	0.9999999999958411
80206300_7050	1007.0	24	23	712845.3 0.2746837 0.6086342 0.6166822	712846.0 0.27468345 0.60863495 0.6166816	0.9999999999933903
80206300_7050	1007.0	25	24	940935.3 0.46109653 0.46719363 0.5717099	940936.0 0.46109724 0.4671933 0.57170945	0.9999999999656036
80206300_7050	1007.0	26	25	1040837.3 0.4223513 0.5168358 0.5608129	1040837.3 0.4223513 0.5168358 0.5608129	1.0000000000000000
80206300_7050	1007.0	27	26	1166462.0 0.46117404 0.5004149 0.538411	1166463.4 0.4611735 0.5004143 0.5384121	0.9999999999152168
80206300_7050	1007.0	28	27	939024.0 0.6216188 0.6688178 0.20956333	939024.7 0.6216184 0.6688195 0.20956212	0.9999999999929978
80206300_7050	1007.0	29	28	961182.7 0.6533992 0.20473215 0.6418686	961183.3 0.65340084 0.20473097 0.6418682	0.9999999999921566
80206300_7050	1007.0	30	29	973807.3 0.20207797 0.6335473 0.66437477	973806.7 0.20207706 0.6335477 0.6643752	0.9999999999999907
80206300_7050	1007.0	31	30	1485012.6 0.41545305 0.43566835 0.64887863	1485012.0 0.4154532 0.43566853 0.6488783	0.9999999999999725
80206300_7050	1007.0	32	31	1393066.0 0.4644238 0.69170666 0.34386957	1393065.4 0.464424 0.69170624 0.34386972	0.9999999999996795
80206300_7050	1007.0	33	32	1092494.6 0.88201165 0.4384763 0.1795121	1092493.4 0.8820118 0.4384768 0.17951138	0.9999999999989185
80206300_7050	1007.0	34	33	742418.7 0.645233 0.26415822 0.5906088	742419.3 0.6452324 0.26415664 0.590611	0.9999999999720303
80206300_7050	1007.0	35	34	841979.3 0.23292258 0.5207717 0.74630576	841980.0 0.23292121 0.52077365 0.74630517	0.9999999999789768
80206300_7050	1007.0	61	62	921663.3 0.21291506 0.69348645 0.59359854	921644.7 0.21291937 0.693469 0.5936116	0.9999999984256805
80206300_6500	944.0	62	63	1214865.4 0.52609366 0.45033467 0.5235716	1214866.6 0.5260923 0.45033666 0.5235711	0.9999999999644837
80206300_6500	944.0	63	64	1140866.0 0.4795445 0.5575317 0.46292377	1140867.4 0.47954655 0.55753106 0.46292233	0.9999999993562755
80206300_6500	944.0	64	65	1125189.4 0.5652995 0.46937343 0.465327	1125208.0 0.56529015 0.46936476 0.46534508	0.9999999733364721
80206300_7050	1007.0	65	66	832196.0 0.6346281 0.62915707 0.23621479	832214.7 0.6346115 0.6291766 0.23621188	0.9999999968567499
80206300_15000	1078.0	65	69	1015817.3 0.53397495 0.4671716 0.49885347	1015818.0 0.5339726 0.46717718 0.4988502	0.9999999960824506
80206300_20000	1024.0	85	77	1435676.6 0.46743047 0.5159693 0.5166003	1435657.4 0.46741515 0.51597756 0.5166072	0.9999999995565462
