ID	BITRATE	START_IDX	CAPTURE_START_IDX	KEY	CAPTURE_KEY	CORRELATION
80206300_7050	1007.0	22	18	778032.8 0.5343168 0.5913607 0.25166935 0.5576397 0.56501347	778033.6 0.53431624 0.5913626 0.2516678 0.55764043 0.5650129	0.9999999999772684
80206300_7050	1007.0	23	19	826923.2 0.5563975 0.23678982 0.52467024 0.53160805 0.65053445	826923.6 0.55639964 0.2367885 0.5246712 0.53160775 0.65053284	0.9999999999534867
80206300_7050	1007.0	24	20	876370.0 0.2234296 0.49506715 0.5016135 0.6138298 0.66606	876369.6 0.22342856 0.4950685 0.5016137 0.6138289 0.66606027	0.9999999999856102
80206300_7050	1007.0	25	21	1049261.6 0.41349268 0.41896033 0.51268625 0.55631024 0.59855044	1049262.0 0.41349348 0.41896018 0.5126851 0.55631006 0.59855115	0.9999999999530679
80206300_3500	884.0	24	22	1122497.6 0.391624 0.47923666 0.52001536 0.5594996 0.5496243	1122498.0 0.39162564 0.4792356 0.5200143 0.55949944 0.54962504	0.9999999998865862
80206300_15000	1078.0	24	23	1025371.2 0.52463245 0.5692729 0.61249524 0.6016855 0.19191392	1025372.4 0.5246299 0.56927127 0.6124965 0.6016868 0.19191565	0.9999999999443172
80206300_15000	1078.0	25	24	1068983.2 0.54604787 0.5875069 0.5771381 0.18408427 0.60522276	1068985.2 0.5460459 0.58750767 0.5771389 0.1840858 0.6052216	0.9999999999756685
80206300_7050	1007.0	32	28	1089677.6 0.5937288 0.8842918 0.43960983 0.17997617 0.4023933	1089678.0 0.5937286 0.8842915 0.43960968 0.1799761 0.40239412	0.9999999999988159
80206300_7050	1007.0	33	29	1082238.0 0.89037067 0.44263184 0.18121338 0.4051595 0.5806246	1082238.0 0.89037067 0.44263184 0.18121338 0.40516043 0.5806237	0.9999999999970468
80206300_7050	1007.0	34	30	972169.6 0.49274632 0.20173022 0.4510314 0.6463625 0.7081295	972170.4 0.49274594 0.20173007 0.45103204 0.646361 0.708131	0.9999999999834421
80206300_7050	1007.0	35	31	998167.6 0.19647601 0.43928394 0.6295275 0.68968576 0.5450267	998168.8 0.19647579 0.4392844 0.6295258 0.68968695 0.545027	0.9999999999838854
80206300_7050	1007.0	36	32	1091831.6 0.40159947 0.5755228 0.6305203 0.49827096 0.3940864	1091833.2 0.4015998 0.57552105 0.6305212 0.49827114 0.39408675	0.9999999999539622
80206300_3500	884.0	50	49	1507726.4 0.59925395 0.46363652 0.48251793 0.47982976 0.47476187	1507725.2 0.59925574 0.46363753 0.4825183 0.47475958 0.4798288	0.9979485966195534
