ID	BITRATE	START_IDX	CAPTURE_START_IDX	KEY	CAPTURE_KEY	CORRELATION
80206300_7050	1007.0	8	9	995418.0 0.44338056 0.5566194	995418.0 0.44338056 0.5566194	1.0000000000000000
80198592_10000	2008.0	56	12	707422.0 0.28204948 0.7179505	707398.0 0.27723715 0.7227629	1.0000000000000000
80206300_7050	1007.0	12	13	1060611.0 0.48206082 0.5179392	1060612.0 0.48206225 0.5179378	1.0000000000000000
80206300_7050	1007.0	13	14	745376.0 0.73698646 0.26301357	745376.0 0.7369851 0.2630149	1.0000000000000000
80991158_7050	1433.0	64	15	822545.0 0.24107617 0.7589238	822524.0 0.23834562 0.7616544	1.0000000000000000
80206300_20000	1024.0	24	17	1135444.0 0.56915975 0.43084028	1135444.0 0.56915975 0.43084028	1.0000000000000000
80206300_7050	1007.0	17	18	974538.0 0.5019784 0.49802163	974539.0 0.50197583 0.4980242	1.0000000000000000
80206300_7050	1007.0	18	19	957874.0 0.5066856 0.49331436	957878.0 0.5066866 0.49331334	1.0000000000000000
80206300_7050	1007.0	19	20	669274.0 0.7060382 0.29396182	669277.0 0.7060365 0.2939635	1.0000000000000000
80206300_7050	1007.0	20	21	716553.0 0.27456588 0.7254341	716555.0 0.2745679 0.7254321	1.0000000000000000
70041162_6500	1175.0	54	22	715608.0 0.72562355 0.27437648	715617.0 0.726383 0.27361703	1.0000000000000000
80013870_15000	1111.0	45	23	655926.0 0.29928833 0.70071167	655906.0 0.29852602 0.701474	1.0000000000000000
80206300_7050	1007.0	25	26	873461.0 0.49671593 0.50328404	873462.0 0.49671653 0.5032835	1.0000000000000000
80206300_7050	1007.0	26	27	977541.0 0.44969878 0.5503012	977541.0 0.44969878 0.5503012	1.0000000000000000
80206300_7050	1007.0	27	28	1121657.0 0.4795958 0.52040416	1121657.0 0.4795958 0.52040416	1.0000000000000000
80206300_7050	1007.0	28	29	1211751.0 0.481712 0.518288	1211752.0 0.4817116 0.5182884	1.0000000000000000
80206300_3500	884.0	27	30	1244989.0 0.5044519 0.49554816	1244991.0 0.50445104 0.49554896	0.9999999999999999
80206300_7050	1007.0	31	31	1263926.0 0.4881243 0.5118757	1263925.0 0.48812547 0.5118745	1.0000000000000000
80206300_7050	1007.0	34	34	675149.0 0.7095219 0.2904781	675145.0 0.70952165 0.29047835	1.0000000000000000
80206300_7050	1007.0	35	35	634595.0 0.3090412 0.6909588	634593.0 0.3090406 0.6909594	1.0000000000000000
80206300_7050	1007.0	36	36	1066853.0 0.41100228 0.5889977	1066851.0 0.4110021 0.5889979	1.0000000000000000
80206300_7050	1007.0	37	37	1316796.0 0.4771992 0.5228008	1316796.0 0.47719845 0.5228016	0.9999999999999999
80206300_7050	1007.0	38	38	1232450.0 0.55858004 0.44141993	1232453.0 0.5585795 0.4414205	1.0000000000000000
80206300_15000	1078.0	1	40	626328.0 0.3130181 0.6869819	626327.0 0.3130186 0.6869814	1.0000000000000000
80206300_10000	1095.0	35	42	957041.0 0.20554397 0.79445606	957041.0 0.20554292 0.7944571	1.0000000000000000
80206300_10000	1095.0	39	45	1018734.0 0.19238584 0.80761415	1018734.0 0.19238487 0.80761516	1.0000000000000000
80206300_4800	987.0	45	46	1704454.0 0.48270178 0.5172982	1704459.0 0.48270154 0.51729846	1.0000000000000000
80206300_20000	1024.0	58	49	862350.0 0.77267236 0.22732764	862349.0 0.77267325 0.22732675	1.0000000000000000
80206300_5500	1078.0	46	51	1204048.0 0.5088651 0.4911349	1204047.0 0.50886554 0.4911345	0.9999999999999999
80206300_6500	944.0	52	52	1290387.0 0.4582726 0.5417274	1290387.0 0.4582726 0.5417274	1.0000000000000000
80206300_6500	944.0	53	53	1602550.0 0.43620354 0.56379646	1602550.0 0.43620354 0.56379646	1.0000000000000000
80206300_6500	944.0	54	54	1631018.0 0.55395585 0.44604412	1631019.0 0.55395555 0.44604447	1.0000000000000000
80206300_6500	944.0	55	55	1450957.0 0.5013974 0.49860266	1450958.0 0.50139767 0.4986023	1.0000000000000000
80206300_3500	884.0	53	56	1439263.0 0.5026545 0.4973455	1439262.0 0.50265414 0.49734586	1.0000000000000000
60027695_6500	1197.0	85	57	912027.0 0.7823255 0.21767448	912048.0 0.78483915 0.21516083	1.0000000000000000
80206300_15000	1078.0	55	58	841107.0 0.23330563 0.76669437	841111.0 0.2333069 0.7666931	0.9999999999999999
80031715_15000	1441.0	70	62	743656.0 0.26724184 0.73275816	743677.0 0.26433384 0.73566616	1.0000000000000000
80206300_6500	944.0	63	63	1183165.0 0.46240044 0.53759956	1183164.0 0.4624025 0.5375975	1.0000000000000000
80206300_6500	944.0	64	64	1164203.0 0.5463557 0.45364425	1164199.0 0.54635507 0.45364496	1.0000000000000000
80206300_7050	1007.0	65	65	1051717.0 0.50216454 0.49783546	1051713.0 0.50216454 0.49783543	1.0000000000000000
80206300_10000	1095.0	60	66	1066001.0 0.49116465 0.5088354	1066001.0 0.49116278 0.5088372	1.0000000000000000
80206300_10000	1095.0	61	67	1138023.0 0.4766327 0.5233673	1138025.0 0.47663364 0.52336633	1.0000000000000000
80206300_6500	944.0	70	68	791421.0 0.75257415 0.24742584	791419.0 0.7525773 0.24742267	1.0000000000000000
80206300_3500	884.0	68	70	981310.0 0.48360458 0.51639545	981310.0 0.48360458 0.51639545	1.0000000000000000
80206300_7050	1007.0	73	73	1060533.0 0.4474005 0.5525995	1060528.0 0.4473998 0.5526002	1.0000000000000000
80206300_7050	1007.0	74	74	1092634.0 0.53636444 0.4636356	1092634.0 0.5363626 0.4636374	1.0000000000000000
