ID	BITRATE	START_IDX	CAPTURE_START_IDX	KEY	CAPTURE_KEY	CORRELATION
80206300_15000	1078.0	9	11	1247671.6 2.0742981 1.5118954	1247670.8 2.0742972 1.5118957	0.9999999999818135
80206300_15000	1078.0	10	12	1389920.2 1.6562576 0.63455653	1389918.0 1.6562595 0.6345576	0.9999999999886447
80206300_15000	1078.0	11	13	1258770.4 1.0661865 1.4957263	1258768.8 1.0661871 1.4957243	0.9999999999876947
80206300_7050	1007.0	17	16	1086163.4 1.4598495 1.10569	1086164.4 1.4598509 1.1056908	0.9999999999372058
80206300_7050	1007.0	18	17	1050777.8 1.6548713 1.2582214	1050779.8 1.6548702 1.258219	0.9999999999485154
80206300_7050	1007.0	19	18	1101877.2 1.7296174 0.99506366	1101878.0 1.7296162 0.9950666	0.9999999999649621
80206300_7050	1007.0	20	19	1168924.2 1.4752659 1.0724057	1168926.2 1.4752685 1.0724038	0.9999999999803511
80206300_7050	1007.0	21	20	1187821.0 1.2210139 1.2066574	1187822.8 1.2210113 1.2066573	0.9999999999831218
80206300_7050	1007.0	22	21	1087809.4 1.8847475 1.4044124	1087810.2 1.8847479 1.404415	0.9999999999838389
80206300_7050	1007.0	23	22	1274860.0 1.705839 0.72991073	1274861.0 1.7058408 0.72990936	0.9999999999852125
80206300_7050	1007.0	24	23	1391574.6 1.3611394 1.1745902	1391575.2 1.3611373 1.1745905	0.9999999999925262
80206300_7050	1007.0	25	24	1444962.2 1.4627116 1.1866109	1444962.0 1.4627125 1.1866125	0.9999999999900803
80206300_7050	1007.0	26	25	1393689.2 1.3709828 1.2185787	1393689.0 1.3709837 1.2185775	0.9999999999928619
80206300_7050	1007.0	27	26	1351750.0 1.5807649 1.2426121	1351750.4 1.5807645 1.2426118	0.9999999999881771
80206300_7050	1007.0	28	27	1395382.8 1.6540803 1.0542806	1395383.0 1.6540799 1.0542811	0.9999999999883937
