ID	BITRATE	START_IDX	CAPTURE_START_IDX	KEY	CAPTURE_KEY	CORRELATION
80093138_2000	486.0	32	0	442442.0 0.5147364 0.48526362	442434.0 0.5130121 0.4869879	1.0000000000000000
80239639_20000	1643.0	43	1	412734.0 0.5183653 0.48163465	412740.0 0.52202356 0.47797644	1.0000000000000000
80163052_7050	418.0	25	2	393763.0 0.50658137 0.49341863	393786.0 0.50098276 0.49901724	1.0000000000000000
80031715_1200	401.0	4	5	348520.0 0.5714077 0.42859232	348501.0 0.5624632 0.43753678	1.0000000000000000
896970_2000	677.0	41	9	595792.0 0.32130173 0.67869824	595799.0 0.32964978 0.67035025	1.0000000000000000
80206300_15000	1078.0	6	11	1366895.0 0.45858753 0.5414125	1366895.0 0.45858827 0.54141176	1.0000000000000000
80206300_10000	1095.0	4	12	1629392.0 0.45418844 0.5458116	1629392.0 0.45418966 0.54581034	1.0000000000000000
80206300_10000	1095.0	5	13	1085457.0 0.819324 0.18067597	1085456.0 0.81932294 0.18067706	1.0000000000000000
80206300_20000	1024.0	19	14	901384.0 0.21757098 0.78242904	901386.0 0.21757272 0.7824273	1.0000000000000000
80206300_20000	1024.0	20	15	1472839.0 0.47885004 0.52115	1472839.0 0.47885004 0.52115	0.9999999999999999
80206300_10000	1095.0	8	17	1073661.0 0.817407 0.18259302	1073660.0 0.81740683 0.18259318	1.0000000000000000
80198592_4800	1174.0	62	18	842317.0 0.23820724 0.7617928	842292.0 0.23274945 0.76725054	1.0000000000000000
80206300_7050	1007.0	20	22	716553.0 0.27456588 0.7254341	716553.0 0.27456447 0.7254355	1.0000000000000000
80206300_7050	1007.0	21	23	935528.0 0.5556349 0.4443651	935531.0 0.5556342 0.44436583	1.0000000000000000
80206300_7050	1007.0	22	24	875814.0 0.47466242 0.5253376	875818.0 0.47466254 0.52533746	1.0000000000000000
80206300_4200	856.0	22	25	893960.0 0.5146763 0.48532373	893962.0 0.51467514 0.4853249	1.0000000000000000
80206300_7050	1007.0	25	26	873461.0 0.49671593 0.50328404	873460.0 0.4967165 0.5032835	1.0000000000000000
80206300_7050	1007.0	26	27	977541.0 0.44969878 0.5503012	977541.0 0.44969776 0.55030227	1.0000000000000000
80206300_7050	1007.0	27	28	1121657.0 0.4795958 0.52040416	1121658.0 0.4795963 0.52040374	1.0000000000000000
80206300_7050	1007.0	28	29	1211751.0 0.481712 0.518288	1211753.0 0.4817112 0.5182888	1.0000000000000000
80206300_7050	1007.0	31	32	1263926.0 0.4881243 0.5118757	1263922.0 0.48812428 0.51187575	1.0000000000000000
80206300_7050	1007.0	32	33	1610566.0 0.40170535 0.5982946	1610565.0 0.40170437 0.5982956	1.0000000000000000
80206300_7050	1007.0	33	34	1442626.0 0.6679437 0.33205625	1442627.0 0.66794395 0.33205605	1.0000000000000000
80206300_5500	1078.0	31	35	917514.0 0.52209884 0.47790116	917513.0 0.52209944 0.4779006	1.0000000000000000
80206300_7050	1007.0	36	36	1066853.0 0.41100228 0.5889977	1066853.0 0.4110032 0.58899677	1.0000000000000000
80206300_7050	1007.0	37	37	1316796.0 0.4771992 0.5228008	1316795.0 0.4771988 0.5228012	1.0000000000000000
70251894_10000	979.0	59	39	922952.0 0.40964103 0.590359	922952.0 0.4105544 0.5894456	1.0000000000000000
80206300_7050	1007.0	39	40	974304.0 0.558376 0.44162396	974306.0 0.5583769 0.44162306	1.0000000000000000
80206300_7050	1007.0	41	43	1295910.0 0.4132872 0.58671284	1295914.0 0.41328746 0.58671254	1.0000000000000000
80206300_7050	1007.0	42	44	1387208.0 0.54809874 0.45190123	1387209.0 0.5480998 0.45190018	1.0000000000000000
80206300_7050	1007.0	46	46	1018730.0 0.80761635 0.19238365	1018734.0 0.80761516 0.19238487	1.0000000000000000
80206300_7050	1007.0	47	47	1077700.0 0.18185674 0.81814325	1077701.0 0.18185842 0.8181416	1.0000000000000000
80206300_20000	1024.0	58	50	862350.0 0.77267236 0.22732764	862349.0 0.7726744 0.22732559	1.0000000000000000
80206300_5500	1078.0	46	52	1204048.0 0.5088651 0.4911349	1204045.0 0.50886637 0.49113363	0.9999999999999999
80206300_10000	1095.0	47	54	1100119.0 0.1787134 0.8212866	1100116.0 0.17871207 0.82128793	0.9999999999999999
80206300_7050	1007.0	53	55	1602552.0 0.56379634 0.43620363	1602548.0 0.5637972 0.43620285	1.0000000000000000
80206300_7050	1007.0	54	56	1426545.0 0.4900224 0.5099776	1426544.0 0.49002063 0.50997937	0.9999999999999999
80206300_6500	944.0	55	57	1450957.0 0.5013974 0.49860266	1450960.0 0.50139767 0.4986023	1.0000000000000000
60027695_6500	1197.0	85	60	912027.0 0.7823255 0.21767448	912047.0 0.7848389 0.21516106	1.0000000000000000
80206300_10000	1095.0	53	61	829606.0 0.23653999 0.76346	829609.0 0.23654155 0.76345843	1.0000000000000000
80206300_20000	1024.0	70	62	1180469.0 0.536541 0.463459	1180470.0 0.53654224 0.46345776	1.0000000000000000
80206300_20000	1024.0	72	65	832644.0 0.23608649 0.7639135	832646.0 0.23608832 0.76391166	1.0000000000000000
80206300_6500	944.0	68	70	1016986.0 0.53336036 0.46663967	1016985.0 0.53336185 0.46663815	1.0000000000000000
80206300_15000	1078.0	68	73	981069.0 0.51636225 0.48363775	981069.0 0.51636124 0.48363876	1.0000000000000000
80206300_15000	1078.0	69	74	670591.0 0.707558 0.29244205	670594.0 0.7075563 0.29244372	1.0000000000000000
80206300_3500	884.0	73	76	1257097.0 0.46619156 0.53380847	1257097.0 0.46619156 0.53380847	1.0000000000000000
80206300_5500	1078.0	72	78	938630.0 0.7901612 0.20983881	938627.0 0.79016477 0.20983522	1.0000000000000000
