ID	BITRATE	START_IDX	CAPTURE_START_IDX	KEY	CAPTURE_KEY	CORRELATION
60027695_4200	1027.0	7	0	363300.0 0.5486925 0.45130745	363319.0 0.5466711 0.4533289	1.0000000000000000
70295915_15000	509.0	0	2	455563.0 0.5644993 0.43550068	455585.0 0.5629619 0.4370381	1.0000000000000000
70130445_2000	720.0	60	3	344423.0 0.5681763 0.43182367	344402.0 0.5781267 0.42187327	1.0000000000000000
80163052_4800	426.0	6	8	327071.0 0.39215034 0.60784966	327075.0 0.39197433 0.60802567	1.0000000000000000
80121840_6500	1247.0	14	9	537328.0 0.3699919 0.6300081	537325.0 0.3701112 0.6298888	1.0000000000000000
81056132_800	374.0	5	11	247039.0 0.5454038 0.45459625	247037.0 0.54304415 0.45695585	1.0000000000000000
80091879_1200	357.0	35	12	288569.0 0.38702703 0.612973	288546.0 0.39122012 0.6087799	1.0000000000000000
80216541_20000	2520.0	11	17	571567.0 0.65218776 0.34781224	571549.0 0.6519424 0.34805766	1.0000000000000000
70103763_4200	1124.0	1	22	595460.0 0.33391327 0.66608673	595475.0 0.3333003 0.6666997	1.0000000000000000
80106307_15000	2273.0	1	29	383094.0 0.4867239 0.5132761	383101.0 0.49345735 0.5065427	1.0000000000000000
80232502_1200	452.0	2	30	388922.0 0.4891752 0.5108248	388910.0 0.49897662 0.50102335	1.0000000000000000
80081770_15000	1551.0	7	31	517887.0 0.37851694 0.6214831	517879.0 0.376252 0.623748	1.0000000000000000
80986885_4800	1452.0	1	37	321151.0 0.6179959 0.3820041	321142.0 0.61032504 0.38967496	1.0000000000000000
80031611_2000	648.0	14	48	412717.0 0.48122564 0.5187744	412723.0 0.4814706 0.51852936	1.0000000000000000
70220028_800	508.0	15	55	311820.0 0.36978385 0.6302161	311820.0 0.36201975 0.6379802	1.0000000000000000
70216224_10000	1484.0	7	56	710459.0 0.2759948 0.72400516	710462.0 0.28000793 0.71999204	1.0000000000000000
80232502_3500	821.0	90	71	327139.0 0.3917723 0.60822767	327116.0 0.39169896 0.60830104	1.0000000000000000
14607635_20000	977.0	44	72	644991.0 0.3086012 0.6913988	644977.0 0.30851486 0.6914851	1.0000000000000000
70305893_4200	1335.0	5	78	312226.0 0.3726948 0.6273052	312236.0 0.3758247 0.6241753	0.9999999999999999
60020801_2000	486.0	16	79	321070.0 0.6130781 0.38692185	321065.0 0.607011 0.39298895	1.0000000000000000
60033314_4800	460.0	53	80	324825.0 0.39336258 0.6066374	324843.0 0.3884184 0.6115816	1.0000000000000000
80023001_15000	2929.0	19	81	416568.0 0.47618875 0.5238112	416549.0 0.4769379 0.5230621	1.0000000000000000
81080637_3500	1011.0	16	87	304978.0 0.65186995 0.34813002	304974.0 0.65255725 0.34744275	1.0000000000000000
60026145_1200	531.0	12	105	337387.0 0.41839194 0.58160806	337386.0 0.41127965 0.5887203	1.0000000000000000
80081770_3500	1048.0	19	109	580090.0 0.7260925 0.27390748	580077.0 0.7332854 0.2667146	1.0000000000000000
