ID	BITRATE	START_IDX	CAPTURE_START_IDX	KEY	CAPTURE_KEY	CORRELATION
80206300_10000	1095.0	3	11	1504156.0 0.41674003 0.49200416 0.59125584	1504156.0 0.41674003 0.4920055 0.5912545	0.9999999999217086
80206300_10000	1095.0	4	12	1217005.4 0.60809183 0.73076177 0.16114637	1217006.0 0.60809314 0.73075974 0.16114712	0.9999999999872894
80206300_10000	1095.0	5	13	1193815.4 0.7449569 0.16427666 0.5907664	1193816.6 0.74495447 0.16427733 0.5907683	0.9999999999787225
80206300_20000	1024.0	19	14	1112636.0 0.1762616 0.63387215 0.68986624	1112637.4 0.17626318 0.6338714 0.68986535	0.9999999999999329
80206300_7050	1007.0	20	22	754846.0 0.26063728 0.6886332 0.5507296	754847.3 0.2606355 0.6886333 0.55073124	0.9999999999840972
80206300_7050	1007.0	21	23	930417.3 0.5586869 0.44680595 0.49450713	930420.7 0.55868596 0.4468065 0.4945075	0.9999999999889759
80206300_4200	856.0	21	24	873118.0 0.47612923 0.526962 0.49690878	873120.0 0.4761293 0.5269608 0.49690995	0.9999999993429428
80206300_4200	856.0	22	25	889038.0 0.5175257 0.48801064 0.49446368	889040.0 0.51752454 0.48801178 0.49446368	0.9999999997491126
80206300_7050	1007.0	25	26	940935.3 0.46109653 0.46719363 0.5717099	940935.3 0.46109653 0.4671926 0.57171094	0.9999999999571108
80206300_7050	1007.0	26	27	1040837.3 0.4223513 0.5168358 0.5608129	1040837.3 0.42235035 0.51683676 0.5608129	0.9999999999489075
80206300_7050	1007.0	27	28	1166462.0 0.46117404 0.5004149 0.538411	1166464.0 0.4611741 0.5004141 0.5384118	0.9999999998132466
80206300_7050	1007.0	31	32	1485012.6 0.41545305 0.43566835 0.64887863	1485010.6 0.41545224 0.4356676 0.6488802	0.9999999999997516
80206300_7050	1007.0	32	33	1393066.0 0.4644238 0.69170666 0.34386957	1393065.4 0.46442258 0.6917077 0.34386972	0.9999999999853025
80206300_5500	1078.0	30	34	1254070.6 0.7683714 0.38198248 0.34964618	1254071.4 0.76837254 0.38198224 0.34964517	0.9999999999990691
80206300_5500	1078.0	31	35	1030591.3 0.46481374 0.42546546 0.6097208	1030590.7 0.464814 0.42546475 0.6097212	0.9999999999907092
80206300_7050	1007.0	36	36	1170183.4 0.37470964 0.5369876 0.5883027	1170183.4 0.3747105 0.53698677 0.5883027	0.9999999999861826
80206300_7050	1007.0	41	43	1281860.6 0.41781688 0.5931433 0.4890399	1281862.6 0.41781777 0.5931439 0.48903838	0.9999999998839487
80206300_7050	1007.0	46	46	1266962.0 0.64938253 0.15469052 0.69592696	1266964.0 0.64938307 0.15469185 0.69592506	0.9999999999929372
80206300_7050	1007.0	53	55	1553372.0 0.58164626 0.4500139 0.46833983	1553370.6 0.58164614 0.4500124 0.46834156	0.9999999997418925
80206300_3500	884.0	51	56	1433329.4 0.48770157 0.50756305 0.50473535	1433330.6 0.48770046 0.50756466 0.50473493	0.9999999964540360
80206300_10000	1095.0	52	60	1030278.0 0.6947746 0.19046801 0.61475736	1030279.3 0.6947728 0.19046971 0.61475754	0.9999999999957031
80206300_10000	1095.0	53	61	917802.7 0.21380958 0.69009495 0.59609544	917804.7 0.21381128 0.69009453 0.59609413	0.9999999999960276
80206300_20000	1024.0	72	65	907184.7 0.21668796 0.701145 0.582167	907206.0 0.21668507 0.70112854 0.5821864	0.9999999974531848
80206300_6500	944.0	64	66	1125189.4 0.5652995 0.46937343 0.465327	1125207.4 0.56528956 0.4693917 0.46531868	0.9999999711212635
80206300_15000	1078.0	68	73	784785.3 0.6455103 0.604601 0.24988872	784786.7 0.6455079 0.60460126 0.24989083	0.9999999999865057
