ID	BITRATE	START_IDX	CAPTURE_START_IDX	KEY	CAPTURE_KEY	CORRELATION
70216224_15000	1432.0	8	1	519747.0 0.62227774 0.37772223	519725.0 0.61664534 0.38335466	1.0000000000000000
80109295_10000	2432.0	9	5	520617.0 0.617694 0.38230598	520630.0 0.6184584 0.38154158	1.0000000000000000
60026145_5500	1566.0	1	9	597457.0 0.6711763 0.32882366	597471.0 0.66715205 0.33284795	1.0000000000000000
80091741_3500	903.0	65	10	781191.0 0.25141868 0.74858135	781188.0 0.25456998 0.74543005	1.0000000000000000
80202920_10000	2833.0	19	16	1472441.0 0.7261099 0.27389008	1472440.0 0.72610974 0.2738903	1.0000000000000000
80202920_7050	1983.0	21	21	1296872.0 0.5375712 0.46242884	1296872.0 0.53757274 0.4624273	1.0000000000000000
80202920_7050	1983.0	22	22	798368.0 0.7511711 0.24882886	798365.0 0.75117147 0.24882855	1.0000000000000000
81110498_3500	1564.0	9	23	558923.0 0.35560712 0.64439285	558906.0 0.35543722 0.6445628	1.0000000000000000
80202920_10000	2833.0	26	24	2507561.0 0.1436659 0.8563341	2507560.0 0.14366555 0.85633445	1.0000000000000000
80202920_10000	2833.0	27	25	4766624.0 0.45048866 0.5495114	4766624.0 0.45048866 0.5495114	0.9999999999999999
80202920_7050	1983.0	26	26	4445249.0 0.589239 0.41076103	4445246.0 0.58923936 0.4107606	1.0000000000000000
80202920_7050	1983.0	30	30	2830164.0 0.6625026 0.3374974	2830164.0 0.6625026 0.3374974	1.0000000000000000
80202920_7050	1983.0	31	31	2746899.0 0.34772775 0.6522722	2746897.0 0.347728 0.652272	1.0000000000000000
80202920_7050	1983.0	32	32	4040868.0 0.44340128 0.5565987	4040864.0 0.44340122 0.5565988	1.0000000000000000
80202920_7050	1983.0	33	33	4245169.0 0.5298121 0.47018787	4245165.0 0.52981216 0.47018784	1.0000000000000000
80202920_6500	1951.0	35	35	3666158.0 0.51054126 0.4894587	3666157.0 0.51054144 0.4894586	1.0000000000000000
80202920_6500	1951.0	37	38	4111594.0 0.5252615 0.4747385	4111592.0 0.52526176 0.47473824	1.0000000000000000
80202920_7050	1983.0	38	39	3642990.0 0.5358046 0.46419534	3642989.0 0.5358045 0.46419546	1.0000000000000000
80202920_7050	1983.0	39	40	3218622.0 0.52539843 0.47460157	3218624.0 0.52539814 0.47460186	0.9999999999999999
80202920_7050	1983.0	40	41	3107617.0 0.49155447 0.50844556	3107618.0 0.49155495 0.508445	1.0000000000000000
80202920_7050	1983.0	45	45	2713011.0 0.52283496 0.47716504	2713009.0 0.52283424 0.47716576	1.0000000000000000
80202920_7050	1983.0	46	46	2610268.0 0.49594676 0.50405324	2610268.0 0.49594715 0.5040528	1.0000000000000000
80202920_6500	1951.0	52	53	2390094.0 0.44751167 0.5524883	2390095.0 0.4475115 0.5524885	1.0000000000000000
80202920_7050	1983.0	53	54	2910218.0 0.45374572 0.5462543	2910221.0 0.4537456 0.5462544	1.0000000000000000
80202920_7050	1983.0	54	55	2856815.0 0.5564655 0.4435345	2856816.0 0.556466 0.443534	1.0000000000000000
80202920_15000	3217.0	65	63	4221952.0 0.45466718 0.54533285	4221952.0 0.45466694 0.5453331	1.0000000000000000
80202920_15000	3217.0	66	64	3956891.0 0.5818631 0.41813686	3956889.0 0.5818637 0.41813633	1.0000000000000000
81110498_7050	2986.0	48	65	1853767.0 0.8928279 0.10717204	1853744.0 0.8925283 0.10747169	1.0000000000000000
