ID	BITRATE	START_IDX	CAPTURE_START_IDX	KEY	CAPTURE_KEY	CORRELATION
80206300_6500	944.0	0	0	620070.0 0.5993501 0.58435017 0.31629977	620069.3 0.59935236 0.58435243 0.3162953	0.9999999999993937
80206300_6500	944.0	1	1	661597.3 0.5476715 0.29644617 0.65588236	661594.7 0.5476752 0.29644284 0.65588194	0.9999999998840930
80206300_6500	944.0	2	2	605911.3 0.32369095 0.7161609 0.4601482	605910.0 0.3236867 0.71615916 0.46015415	0.9999999996456189
80206300_6500	944.0	3	3	663640.0 0.65386355 0.42012084 0.42601562	663641.3 0.65385926 0.42012453 0.42601627	0.9999999999424788
80206300_6500	944.0	4	4	504939.34 0.55216336 0.55991083 0.3879258	504942.0 0.5521664 0.5599099 0.38792375	0.9999999997729346
80206300_6500	944.0	5	5	435972.0 0.6484843 0.44929263 0.40222308	435972.0 0.6484866 0.44929263 0.4022208	0.9999999999826308
80206300_6500	944.0	6	6	453929.34 0.4315187 0.38631123 0.68217003	453928.0 0.43152 0.38631016 0.68216985	0.9999999999725651
80206300_6500	944.0	7	7	593870.7 0.29527977 0.5214216 0.6832986	593870.0 0.29527843 0.52142054 0.68330103	0.9999999999832496
80206300_6500	944.0	8	8	607709.3 0.5095479 0.6677387 0.3227135	607710.0 0.5095457 0.66773957 0.32271478	0.9999999999396215
80206300_6500	944.0	9	9	645333.3 0.6288084 0.30389878 0.56729287	645334.7 0.6288086 0.30389968 0.5672917	0.9999999999880965
80206300_6500	944.0	10	10	615950.7 0.3183956 0.5943544 0.58724993	615950.0 0.3183976 0.59435505 0.5872473	0.9999999999439605
80206300_7050	1007.0	21	17	930417.3 0.5586869 0.44680595 0.49450713	930418.7 0.55868506 0.4468053 0.49450964	0.9999999992880351
80206300_7050	1007.0	22	18	714414.0 0.5818979 0.6440215 0.27408057	714415.3 0.58189684 0.64402455 0.27407867	0.9999999999606760
80206300_7050	1007.0	23	19	726511.3 0.6332978 0.2695168 0.5971855	726511.3 0.6333019 0.26951542 0.5971827	0.9999999998628214
80206300_7050	1007.0	24	20	712845.3 0.2746837 0.6086342 0.6166822	712844.0 0.27468282 0.60863245 0.61668473	0.9999999999423644
80206300_7050	1007.0	25	21	940935.3 0.46109653 0.46719363 0.5717099	940933.3 0.46109536 0.4671957 0.571709	0.9999999996532550
80206300_7050	1007.0	26	22	1040837.3 0.4223513 0.5168358 0.5608129	1040836.7 0.42235252 0.5168342 0.56081325	0.9999999998419188
80206300_3500	884.0	27	26	1261308.0 0.49792516 0.48913667 0.51293814	1261308.6 0.49792573 0.48913723 0.5129371	0.9999999996143245
80206300_7050	1007.0	31	27	1485012.6 0.41545305 0.43566835 0.64887863	1485010.6 0.41545358 0.43566826 0.64887816	0.9999999999974843
80206300_7050	1007.0	32	28	1393066.0 0.4644238 0.69170666 0.34386957	1393064.6 0.46442354 0.6917059 0.3438706	0.9999999999975387
80206300_5500	1078.0	30	29	1254070.6 0.7683714 0.38198248 0.34964618	1254069.4 0.76837134 0.38198364 0.34964493	0.9999999999865310
80206300_5500	1078.0	31	30	1030591.3 0.46481374 0.42546546 0.6097208	1030592.0 0.4648144 0.42546323 0.6097224	0.9999999999308367
80206300_7050	1007.0	36	31	1170183.4 0.37470964 0.5369876 0.5883027	1170182.6 0.37470987 0.53698885 0.58830136	0.9999999999429784
80206300_7050	1007.0	39	35	1006591.3 0.5404656 0.4274585 0.53207594	1006594.0 0.5404652 0.42745733 0.5320775	0.9999999998562313
80206300_7050	1007.0	40	36	1150790.6 0.373896 0.4654044 0.66069967	1150794.0 0.3738949 0.4654056 0.6606995	0.9999999999686565
80206300_7050	1007.0	41	37	1281860.6 0.41781688 0.5931433 0.4890399	1281862.0 0.41781875 0.5931442 0.48903704	0.9999999995965226
80206300_4800	987.0	41	38	1055949.4 0.72004306 0.5936658 0.18629113	1055948.0 0.72004396 0.5936637 0.18629232	0.9999999999815745
80206300_4800	987.0	42	39	916608.0 0.68391395 0.21461083 0.60147524	916607.3 0.6839112 0.21461208 0.6014768	0.9999999999698724
80206300_4800	987.0	43	40	1047182.7 0.1878507 0.52647644 0.78567284	1047184.7 0.1878513 0.5264764 0.7856723	1.0000000000000000
80206300_4800	987.0	44	41	1503847.4 0.36660436 0.5470921 0.58630353	1503850.0 0.3666044 0.5470918 0.58630383	0.9999999999968163
80206300_4800	987.0	45	42	1580512.6 0.52055454 0.55786395 0.42158157	1580512.6 0.52055514 0.5578652 0.4215797	0.9999999999982871
80206300_4200	856.0	48	43	1429303.4 0.6168823 0.46618095 0.41693667	1429303.4 0.61688304 0.46617955 0.41693738	0.9999999999376904
80206300_5500	1078.0	44	44	1249960.0 0.53306824 0.47675765 0.49017408	1249958.0 0.5330675 0.47676003 0.49017248	0.9999999981494324
80206300_5500	1078.0	45	45	1199984.0 0.4966133 0.51058847 0.49279824	1199982.6 0.49661553 0.51058656 0.49279797	0.9999999860045553
80206300_4200	856.0	58	55	1278250.0 0.5044952 0.49549854 0.50000626	1278252.0 0.5044975 0.49549776 0.5000047	0.9999999545367833
80206300_4200	856.0	59	56	1213069.4 0.5221227 0.5268726 0.4510047	1213067.4 0.5221235 0.52687263 0.4510038	0.9999999999435831
80206300_6500	944.0	62	57	1214865.4 0.52609366 0.45033467 0.5235716	1214866.0 0.5260926 0.4503361 0.5235713	0.9999999999617042
80206300_6500	944.0	63	58	1140866.0 0.4795445 0.5575317 0.46292377	1140866.0 0.47954625 0.5575317 0.46292204	0.9999999994140708
80206300_6500	944.0	64	59	1125189.4 0.5652995 0.46937343 0.465327	1125207.4 0.56529045 0.46936414 0.46534532	0.9999999714546767
80206300_15000	1078.0	65	64	1015817.3 0.53397495 0.4671716 0.49885347	1015820.7 0.5339722 0.46717596 0.49885184	0.9999999989616599
