ID	BITRATE	START_IDX	CAPTURE_START_IDX	KEY	CAPTURE_KEY	CORRELATION
80202920_20000	3194.0	17	16	2098401.2 0.0947712 0.9275733 0.47765556	2098399.2 0.094770335 0.9275742 0.47765553	0.9999999999999987
80202920_20000	3194.0	18	17	2098204.8 0.92766017 0.4777003 0.09463948	2098205.2 0.92766 0.4776997 0.094640404	0.9999999999990596
80202920_20000	3194.0	19	18	2395892.8 0.41834635 0.08288059 0.998773	2395874.8 0.4183491 0.08288205 0.9987688	0.9999999999915721
80202920_20000	3194.0	25	24	2806644.8 0.33761132 0.62355703 0.53883165	2806643.2 0.33761078 0.6235577 0.5388316	0.9999999999988525
80202920_20000	3194.0	26	25	2678713.2 0.6533372 0.5645655 0.28209737	2678713.2 0.65333754 0.5645651 0.28209737	0.9999999999982431
80202920_20000	3194.0	27	26	1812458.6 0.8343964 0.41692427 0.24867932	1812458.6 0.8343959 0.41692427 0.24867988	0.9999999999999046
80202920_15000	3217.0	31	32	6342480.0 0.46579272 0.52793306 0.5062742	6342480.0 0.46579272 0.52793306 0.5062742	1.0000000000000000
80202920_15000	3217.0	32	33	4505850.5 0.7431238 0.7126366 0.044239596	4505850.0 0.74312395 0.7126367 0.04423938	1.0000000000000000
80202920_15000	3217.0	33	34	4039836.0 0.79484266 0.049342845 0.65581447	4039834.8 0.7948429 0.049342614 0.65581447	0.9999999999999619
80202920_10000	2833.0	30	36	4128703.2 0.64169836 0.8101902 0.048111476	4128702.8 0.6416984 0.8101901 0.04811148	0.9999999999999665
80202920_20000	3194.0	49	48	3970158.0 0.41859215 0.6082728 0.47313508	3970159.2 0.41859204 0.6082731 0.47313493	0.9999999999996541
80202920_20000	3194.0	50	49	4216886.5 0.572683 0.44545212 0.481865	4216888.0 0.5726832 0.44545195 0.48186484	0.9999999999993259
80202920_15000	3217.0	78	78	3363430.0 0.71578 0.059216633 0.72500336	3363428.8 0.7157797 0.059216656 0.7250036	0.9999999999996926
