ID	BITRATE	START_IDX	CAPTURE_START_IDX	KEY	CAPTURE_KEY	CORRELATION
80202920_7050	1983.0	0	0	632773.0 0.4935182 0.50648177	632770.0 0.49351898 0.50648105	1.0000000000000000
80202920_7050	1983.0	1	1	519678.0 0.61670494 0.38329503	519676.0 0.6167035 0.38329652	1.0000000000000000
80202920_7050	1983.0	2	2	535813.0 0.37175283 0.62824714	535813.0 0.37175283 0.62824714	1.0000000000000000
80202920_7050	1983.0	3	3	640701.0 0.52539796 0.47460204	640700.0 0.5253988 0.4746012	1.0000000000000000
70295915_7050	515.0	47	4	502501.0 0.60430527 0.39569473	502484.0 0.6051476 0.39485237	1.0000000000000000
80093138_4200	1164.0	16	5	710133.0 0.27972224 0.7202777	710151.0 0.27938706 0.72061294	1.0000000000000000
80202920_10000	2833.0	17	19	2235980.0 0.57323766 0.4267623	2235982.0 0.5732385 0.42676148	1.0000000000000000
80202920_20000	3194.0	23	21	1921039.0 0.7367055 0.2632945	1921038.0 0.7367064 0.2632936	1.0000000000000000
80202920_15000	3217.0	23	22	1236000.0 0.40922168 0.5907783	1235997.0 0.40922186 0.5907781	1.0000000000000000
80202920_15000	3217.0	30	27	6917849.0 0.57294804 0.42705196	6917848.0 0.5729481 0.42705187	1.0000000000000000
80202920_15000	3217.0	31	28	6302686.0 0.46873364 0.53126633	6302686.0 0.4687335 0.5312665	1.0000000000000000
80202920_15000	3217.0	35	32	6011982.0 0.44068378 0.5593162	6011982.0 0.44068378 0.5593162	1.0000000000000000
80202920_15000	3217.0	36	33	6707634.0 0.5013093 0.49869075	6707633.0 0.50130934 0.49869066	1.0000000000000000
80202920_15000	3217.0	38	36	3273910.0 0.060673323 0.9393267	3273909.0 0.060673036 0.93932694	1.0000000000000000
80202920_10000	2833.0	35	37	6343113.0 0.48482078 0.5151792	6343111.0 0.4848206 0.5151794	1.0000000000000000
80202920_20000	3194.0	49	46	4076816.0 0.4076409 0.59235907	4076815.0 0.40764076 0.59235924	1.0000000000000000
80202920_20000	3194.0	50	47	4293360.0 0.5624823 0.4375177	4293361.0 0.5624822 0.43751782	1.0000000000000000
80202920_20000	3194.0	51	48	3910391.0 0.48036653 0.5196335	3910390.0 0.48036692 0.51963305	1.0000000000000000
80202920_10000	2833.0	48	50	5160085.0 0.37478277 0.6252172	5160081.0 0.37478268 0.6252173	1.0000000000000000
80202920_10000	2833.0	49	51	6360043.0 0.5072566 0.49274337	6360039.0 0.5072566 0.49274337	1.0000000000000000
80202920_15000	3217.0	55	54	3367839.0 0.54810846 0.45189154	3367840.0 0.5481086 0.45189142	1.0000000000000000
80202920_15000	3217.0	56	55	3335749.0 0.45623878 0.54376125	3335745.0 0.4562393 0.5437607	1.0000000000000000
80202920_15000	3217.0	57	56	4390440.0 0.41313648 0.5868635	4390437.0 0.41313586 0.5868641	1.0000000000000000
80202920_15000	3217.0	58	57	4564619.0 0.5644697 0.43553033	4564619.0 0.5644699 0.4355301	1.0000000000000000
80202920_15000	3217.0	59	58	3466959.0 0.57342184 0.42657816	3466962.0 0.57342106 0.42657894	1.0000000000000000
80202920_10000	2833.0	22	60	1962967.0 0.50891125 0.49108875	1962968.0 0.508911 0.49108902	1.0000000000000000
80202920_20000	3194.0	68	65	3934085.0 0.55876654 0.4412335	3934083.0 0.55876607 0.44123396	1.0000000000000000
80202920_20000	3194.0	69	66	4038220.0 0.42985523 0.5701448	4038221.0 0.42985538 0.57014465	1.0000000000000000
80202920_15000	3217.0	66	67	3956891.0 0.5818631 0.41813686	3956892.0 0.5818632 0.41813675	1.0000000000000000
81110498_7050	2986.0	48	68	1853767.0 0.8928279 0.10717204	1853746.0 0.89252895 0.107471034	1.0000000000000000
80202920_10000	2833.0	68	70	3635636.0 0.4570859 0.5429141	3635637.0 0.45708606 0.5429139	1.0000000000000000
80202920_10000	2833.0	70	72	5395123.0 0.43802264 0.5619774	5395122.0 0.43802792 0.5619721	1.0000000000000000
80202920_10000	2833.0	71	73	5874534.0 0.5161153 0.4838847	5874532.0 0.51611054 0.48388943	1.0000000000000000
