ID	BITRATE	START_IDX	CAPTURE_START_IDX	KEY	CAPTURE_KEY	CORRELATION
80206300_6500	944.0	0	0	733977.0 0.50633603 0.49366397	733979.0 0.50633603 0.493664	1.0000000000000000
80206300_6500	944.0	1	1	558466.0 0.64880943 0.3511906	558464.0 0.64881355 0.35118645	1.0000000000000000
80206300_6500	944.0	2	2	630058.0 0.31128561 0.6887144	630053.0 0.31128335 0.68871665	1.0000000000000000
80206300_6500	944.0	3	3	712739.0 0.6088203 0.39117965	712740.0 0.6088167 0.39118332	1.0000000000000000
80206300_6500	944.0	4	4	561530.0 0.49651664 0.50348336	561534.0 0.49651846 0.5034815	1.0000000000000000
80206300_6500	944.0	5	5	478600.0 0.590725 0.40927497	478601.0 0.5907259 0.4092741	1.0000000000000000
80206300_6500	944.0	6	6	371237.0 0.5276387 0.47236133	371236.0 0.5276401 0.4723599	1.0000000000000000
80206300_6500	944.0	7	7	485015.0 0.3615517 0.6384483	485013.0 0.36155114 0.6384489	1.0000000000000000
80206300_6500	944.0	8	8	715448.0 0.43281552 0.56718445	715448.0 0.43281412 0.5671859	1.0000000000000000
80206300_6500	944.0	9	9	601907.0 0.67417556 0.3258244	601909.0 0.674175 0.325825	1.0000000000000000
81000864_3500	1131.0	6	10	562213.0 0.3547321 0.6452679	562210.0 0.34883228 0.6511677	1.0000000000000000
80206300_6500	944.0	11	11	727810.0 0.5030063 0.49699372	727808.0 0.50300765 0.49699235	1.0000000000000000
80206300_7050	1007.0	18	15	957874.0 0.5066856 0.49331436	957874.0 0.5066846 0.4933154	1.0000000000000000
80206300_7050	1007.0	21	17	935528.0 0.5556349 0.4443651	935527.0 0.55563444 0.4443656	1.0000000000000000
80206300_7050	1007.0	22	18	875814.0 0.47466242 0.5253376	875817.0 0.4746608 0.5253392	1.0000000000000000
80206300_7050	1007.0	23	19	655905.0 0.7014705 0.2985295	655907.0 0.70147294 0.2985271	1.0000000000000000
80206300_7050	1007.0	24	20	629669.0 0.31096813 0.68903184	629666.0 0.31096804 0.68903196	1.0000000000000000
80206300_7050	1007.0	25	21	873461.0 0.49671593 0.50328404	873460.0 0.4967142 0.50328577	1.0000000000000000
80206300_7050	1007.0	26	22	977541.0 0.44969878 0.5503012	977540.0 0.44970027 0.5502997	1.0000000000000000
80206300_7050	1007.0	27	23	1121657.0 0.4795958 0.52040416	1121655.0 0.4795949 0.5204051	1.0000000000000000
81076251_7050	1771.0	24	25	824842.0 0.2406182 0.7593818	824822.0 0.23857753 0.76142246	1.0000000000000000
80206300_3500	884.0	27	26	1244989.0 0.5044519 0.49554816	1244991.0 0.5044518 0.49554816	0.9999999999999999
80206300_7050	1007.0	31	27	1263926.0 0.4881243 0.5118757	1263925.0 0.4881247 0.51187533	1.0000000000000000
80206300_7050	1007.0	32	28	1610566.0 0.40170535 0.5982946	1610563.0 0.4017055 0.5982945	1.0000000000000000
80206300_7050	1007.0	33	29	1442626.0 0.6679437 0.33205625	1442625.0 0.6679428 0.33205718	0.9999999999999999
80206300_5500	1078.0	31	30	917514.0 0.52209884 0.47790116	917513.0 0.5221005 0.4778995	1.0000000000000000
80206300_7050	1007.0	36	31	1066853.0 0.41100228 0.5889977	1066854.0 0.4110019 0.58899814	1.0000000000000000
80206300_7050	1007.0	37	32	1316796.0 0.4771992 0.5228008	1316795.0 0.47720033 0.5227997	1.0000000000000000
80206300_7050	1007.0	39	35	974304.0 0.558376 0.44162396	974305.0 0.5583765 0.4416235	0.9999999999999999
80206300_7050	1007.0	40	36	965859.0 0.44548532 0.5545147	965862.0 0.44548392 0.5545161	1.0000000000000000
80206300_7050	1007.0	41	37	1295910.0 0.4132872 0.58671284	1295915.0 0.4132879 0.58671206	1.0000000000000000
80206300_7050	1007.0	42	38	1387208.0 0.54809874 0.45190123	1387207.0 0.5481006 0.45189938	1.0000000000000000
80206300_4800	987.0	42	39	823595.0 0.761152 0.23884797	823593.0 0.76115024 0.23884977	1.0000000000000000
80206300_4800	987.0	43	40	748031.0 0.26297572 0.73702425	748033.0 0.26297638 0.73702365	0.9999999999999999
80206300_7050	1007.0	45	41	1374059.0 0.40123168 0.5987683	1374062.0 0.40123227 0.59876776	1.0000000000000000
80206300_4800	987.0	45	42	1704454.0 0.48270178 0.5172982	1704457.0 0.48270154 0.51729846	1.0000000000000000
80206300_7050	1007.0	48	43	1548027.0 0.5695721 0.43042788	1548025.0 0.56957287 0.43042716	1.0000000000000000
80206300_5500	1078.0	44	44	1262242.0 0.5278813 0.47211865	1262242.0 0.5278798 0.47212026	1.0000000000000000
80206300_5500	1078.0	45	45	1208626.0 0.49306238 0.5069376	1208625.0 0.49306443 0.5069356	1.0000000000000000
80206300_5500	1078.0	46	46	1204048.0 0.5088651 0.4911349	1204044.0 0.5088643 0.49113572	1.0000000000000000
80206300_6500	944.0	55	51	1450957.0 0.5013974 0.49860266	1450958.0 0.501397 0.498603	1.0000000000000000
81006261_4200	1029.0	66	53	1414872.0 0.489498 0.510502	1414850.0 0.49407288 0.50592715	1.0000000000000000
80206300_20000	1024.0	66	54	1360685.0 0.52606666 0.47393334	1360686.0 0.52606624 0.47393373	1.0000000000000000
80206300_7050	1007.0	58	55	1278243.0 0.5044988 0.49550125	1278246.0 0.5044999 0.4955001	1.0000000000000000
80206300_4200	856.0	59	56	1272504.0 0.49773595 0.502264	1272503.0 0.49773636 0.50226367	1.0000000000000000
80206300_6500	944.0	62	57	1186229.0 0.5387939 0.46120605	1186230.0 0.53879267 0.46120736	1.0000000000000000
80206300_6500	944.0	63	58	1183165.0 0.46240044 0.53759956	1183167.0 0.46240133 0.53759867	1.0000000000000000
80206300_6500	944.0	64	59	1164203.0 0.5463557 0.45364425	1164201.0 0.5463567 0.45364332	1.0000000000000000
80206300_7050	1007.0	65	60	1051717.0 0.50216454 0.49783546	1051742.0 0.50214976 0.49785024	1.0000000000000000
80206300_6500	944.0	70	62	791421.0 0.75257415 0.24742584	791421.0 0.75257546 0.24742457	1.0000000000000000
80184100_4200	809.0	57	63	738236.0 0.26548284 0.73451716	738237.0 0.26524952 0.7347505	1.0000000000000000
80206300_6500	944.0	68	64	1016986.0 0.53336036 0.46663967	1016987.0 0.5333598 0.46664017	1.0000000000000000
80206300_3500	884.0	68	65	981310.0 0.48360458 0.51639545	981311.0 0.4836051 0.5163949	1.0000000000000000
80206300_7050	1007.0	73	68	1060533.0 0.4474005 0.5525995	1060532.0 0.44740093 0.5525991	1.0000000000000000
