ID	BITRATE	START_IDX	CAPTURE_START_IDX	KEY	CAPTURE_KEY	CORRELATION
70097579_800	326.0	8	2	311894.0 0.6391466 0.36085337	311898.0 0.6371089 0.36289108	1.0000000000000000
80993095_3500	682.0	27	10	289866.0 0.61938965 0.38061035	289875.0 0.610577 0.389423	1.0000000000000000
70220028_800	508.0	15	11	311820.0 0.36978385 0.6302161	311800.0 0.36203977 0.63796026	1.0000000000000000
70297757_10000	764.0	75	12	561595.0 0.34898815 0.6510118	561590.0 0.35420147 0.64579856	1.0000000000000000
80163052_20000	418.0	41	15	365269.0 0.45391205 0.546088	365270.0 0.45538643 0.5446136	1.0000000000000000
70103763_4200	1124.0	1	20	595460.0 0.33391327 0.66608673	595474.0 0.33330086 0.6666991	1.0000000000000000
80031611_2000	648.0	23	29	392883.0 0.5056798 0.49432018	392901.0 0.5060919 0.49390814	1.0000000000000000
80232502_1200	452.0	2	30	388922.0 0.4891752 0.5108248	388910.0 0.49897662 0.50102335	1.0000000000000000
60020801_1200	377.0	41	35	343661.0 0.35540548 0.64459455	343659.0 0.3513192 0.6486808	1.0000000000000000
80144140_1200	413.0	53	37	418744.0 0.47484142 0.5251586	418728.0 0.46809146 0.5319086	1.0000000000000000
70295915_6500	515.0	60	43	473338.0 0.5451876 0.4548124	473346.0 0.54313755 0.45686242	1.0000000000000000
70220028_5500	915.0	15	44	414987.0 0.5264599 0.47354013	414967.0 0.5211354 0.47886458	1.0000000000000000
80232502_4800	1104.0	14	50	460589.0 0.4326916 0.56730837	460596.0 0.4319078 0.5680922	1.0000000000000000
70297757_10000	764.0	75	57	561595.0 0.34898815 0.6510118	561590.0 0.35420147 0.64579856	1.0000000000000000
70251894_2000	590.0	46	62	443066.0 0.5515205 0.44847947	443054.0 0.5508787 0.44912133	1.0000000000000000
80091879_2000	566.0	33	72	375671.0 0.46825546 0.53174454	375660.0 0.4711468 0.52885324	1.0000000000000000
81006261_800	351.0	13	77	244049.0 0.4730853 0.52691466	244025.0 0.48293823 0.51706177	1.0000000000000000
80239639_1200	460.0	56	78	243515.0 0.5238035 0.47619653	243521.0 0.5181319 0.4818681	1.0000000000000000
70305893_4200	1335.0	5	79	312226.0 0.3726948 0.6273052	312235.0 0.3758227 0.6241773	0.9999999999999999
80986885_5500	1568.0	17	80	435938.0 0.4558951 0.5441049	435962.0 0.4470344 0.55296564	1.0000000000000000
70208599_5500	833.0	12	81	440098.0 0.54736215 0.45263782	440086.0 0.54778385 0.45221615	0.9999999999999999
70039177_1200	431.0	27	89	304956.0 0.35547423 0.64452577	304969.0 0.34744844 0.6525516	1.0000000000000000
70213513_20000	715.0	93	90	466127.0 0.42188287 0.57811713	466142.0 0.4269257 0.5730743	1.0000000000000000
70021636_1200	369.0	9	97	306798.0 0.35775656 0.64224344	306799.0 0.3508388 0.64916116	1.0000000000000000
60004481_1200	445.0	24	98	307830.0 0.6459507 0.35404932	307845.0 0.64695543 0.35304454	1.0000000000000000
80232502_15000	2092.0	30	103	486535.0 0.59037066 0.40962932	486540.0 0.59176224 0.40823776	1.0000000000000000
80991158_6500	1457.0	71	104	674523.0 0.2944703 0.7055297	674509.0 0.29447198 0.705528	1.0000000000000000
80013870_1200	868.0	22	110	624485.0 0.6853215 0.3146785	624506.0 0.68111753 0.31888244	1.0000000000000000
80168188_10000	3916.0	3	111	353871.0 0.5540296 0.44597042	353859.0 0.5627778 0.43722218	1.0000000000000000
81000864_2000	911.0	5	112	289325.0 0.5425974 0.4574026	289309.0 0.53477424 0.46522576	1.0000000000000000
