ID	BITRATE	START_IDX	CAPTURE_START_IDX	KEY	CAPTURE_KEY	CORRELATION
80029196_4200	1235.0	10	1	446472.0 0.5537704 0.44622955	446466.0 0.5598164 0.44018358	1.0000000000000000
80200961_4200	786.0	5	2	470642.0 0.4222254 0.57777464	470623.0 0.41758904 0.582411	1.0000000000000000
80206300_3500	884.0	0	5	469975.0 0.5433481 0.45665196	469972.0 0.54335576 0.45664424	0.9999999999999999
80206300_7050	1007.0	8	7	995418.0 0.44338056 0.5566194	995418.0 0.44338158 0.55661845	1.0000000000000000
80206300_7050	1007.0	9	8	750185.0 0.7385765 0.26142353	750184.0 0.7385761 0.26142386	1.0000000000000000
80206300_7050	1007.0	10	9	755060.0 0.25973564 0.74026436	755059.0 0.259736 0.740264	1.0000000000000000
80206300_6500	944.0	12	11	749258.0 0.48276696 0.5172331	749253.0 0.48276484 0.51723516	1.0000000000000000
80206300_4800	987.0	14	13	751674.0 0.55765796 0.442342	751676.0 0.55765516 0.44234484	1.0000000000000000
80206300_7050	1007.0	22	18	875814.0 0.47466242 0.5253376	875816.0 0.47466135 0.52533865	1.0000000000000000
80206300_7050	1007.0	23	19	655905.0 0.7014705 0.2985295	655906.0 0.70147246 0.29852754	1.0000000000000000
80206300_7050	1007.0	24	20	629669.0 0.31096813 0.68903184	629669.0 0.31096655 0.68903345	1.0000000000000000
80206300_7050	1007.0	25	21	873461.0 0.49671593 0.50328404	873462.0 0.49671653 0.5032835	1.0000000000000000
80206300_7050	1007.0	26	22	977541.0 0.44969878 0.5503012	977540.0 0.44969925 0.5503008	1.0000000000000000
80206300_7050	1007.0	27	23	1121657.0 0.4795958 0.52040416	1121656.0 0.47959536 0.52040464	1.0000000000000000
80206300_7050	1007.0	28	24	1211751.0 0.481712 0.518288	1211752.0 0.4817116 0.5182884	1.0000000000000000
80206300_3500	884.0	27	25	1244989.0 0.5044519 0.49554816	1244990.0 0.50445145 0.49554855	1.0000000000000000
80206300_15000	1078.0	27	26	813734.0 0.7581728 0.24182718	813738.0 0.75817156 0.24182846	1.0000000000000000
80206300_15000	1078.0	28	27	843756.0 0.23322263 0.76677734	843758.0 0.23322445 0.76677555	1.0000000000000000
80206300_7050	1007.0	32	28	1610566.0 0.40170535 0.5982946	1610566.0 0.40170535 0.5982946	1.0000000000000000
80206300_7050	1007.0	33	29	1442626.0 0.6679437 0.33205625	1442626.0 0.6679437 0.33205625	1.0000000000000000
80206300_7050	1007.0	34	30	675149.0 0.7095219 0.2904781	675149.0 0.7095219 0.2904781	1.0000000000000000
80206300_7050	1007.0	35	31	634595.0 0.3090412 0.6909588	634596.0 0.30904073 0.6909593	1.0000000000000000
80206300_7050	1007.0	36	32	1066853.0 0.41100228 0.5889977	1066853.0 0.4110032 0.58899677	1.0000000000000000
80206300_7050	1007.0	37	33	1316796.0 0.4771992 0.5228008	1316797.0 0.4771981 0.52280194	1.0000000000000000
80206300_7050	1007.0	38	34	1232450.0 0.55858004 0.44141993	1232453.0 0.55858034 0.44141966	1.0000000000000000
80206300_7050	1007.0	39	35	974304.0 0.558376 0.44162396	974306.0 0.5583759 0.44162408	1.0000000000000000
80206300_7050	1007.0	42	38	1387208.0 0.54809874 0.45190123	1387210.0 0.5481001 0.45189986	1.0000000000000000
80206300_6500	944.0	43	39	1178194.0 0.5320677 0.46793228	1178197.0 0.53206724 0.4679328	1.0000000000000000
80206300_4800	987.0	45	42	1704454.0 0.48270178 0.5172982	1704456.0 0.4827012 0.51729876	1.0000000000000000
80206300_7050	1007.0	48	43	1548027.0 0.5695721 0.43042788	1548027.0 0.5695721 0.43042788	1.0000000000000000
80206300_3500	884.0	45	44	862303.0 0.7727133 0.2272867	862304.0 0.77271354 0.22728643	1.0000000000000000
80206300_3500	884.0	46	45	791917.0 0.24748805 0.7525119	791919.0 0.24748743 0.7525126	1.0000000000000000
80217312_6500	1743.0	64	46	791959.0 0.7518824 0.24811764	791964.0 0.75246984 0.24753019	1.0000000000000000
80206300_7050	1007.0	53	49	1602552.0 0.56379634 0.43620363	1602551.0 0.5637967 0.43620327	1.0000000000000000
80206300_7050	1007.0	54	50	1426545.0 0.4900224 0.5099776	1426543.0 0.4900224 0.50997764	1.0000000000000000
80206300_7050	1007.0	55	51	1443315.0 0.5040521 0.49594787	1443312.0 0.50405246 0.4959475	1.0000000000000000
80206300_20000	1024.0	70	56	1180469.0 0.536541 0.463459	1180468.0 0.53654057 0.4634594	1.0000000000000000
80206300_6500	944.0	63	57	1183165.0 0.46240044 0.53759956	1183167.0 0.4624022 0.53759784	1.0000000000000000
80206300_6500	944.0	68	62	1016986.0 0.53336036 0.46663967	1016986.0 0.53335935 0.46664065	1.0000000000000000
80206300_15000	1078.0	68	65	981069.0 0.51636225 0.48363775	981068.0 0.5163628 0.4836372	1.0000000000000000
80206300_15000	1078.0	69	66	670591.0 0.707558 0.29244205	670590.0 0.7075575 0.29244247	1.0000000000000000
80206300_4800	987.0	76	71	1306481.0 0.5669926 0.43300745	1306484.0 0.56699204 0.433008	1.0000000000000000
