ID	BITRATE	START_IDX	CAPTURE_START_IDX	KEY	CAPTURE_KEY	CORRELATION
80202920_10000	2833.0	0	0	487252.0 0.46782568 0.4073703 0.5730464 0.43178067 0.61997694	487250.0 0.4678235 0.407372 0.57304466 0.4317845 0.6199754	0.9999999997814371
80202920_10000	2833.0	1	1	529524.0 0.37484986 0.5273 0.39731154 0.57048404 0.63005453	529524.0 0.37484986 0.5272962 0.39731345 0.5704803 0.6300602	0.9999999993490556
80202920_7050	1983.0	8	7	498802.0 0.54734945 0.37819216 0.39868724 0.35554588 0.82022524	498802.0 0.5473515 0.37819013 0.39869127 0.3555399 0.82022727	0.9999999998325714
80202920_4200	1276.0	7	8	486638.4 0.38764513 0.40865043 0.36443487 0.84072894 0.49854058	486637.2 0.38764402 0.40865764 0.36442757 0.8407311 0.49853978	0.9999999996704754
80202920_4200	1276.0	8	9	490610.8 0.40534166 0.36148408 0.8339217 0.49450397 0.40474853	490610.0 0.40534845 0.36147654 0.8339231 0.49450275 0.40474918	0.9999999996552246
80202920_4200	1276.0	9	10	589542.0 0.30082336 0.6939811 0.41152114 0.33682758 0.75684685	589539.6 0.3008178 0.6939839 0.4115211 0.33682892 0.7568482	0.9999999999305612
80202920_6500	1951.0	23	24	2588561.2 0.10983708 0.58408356 0.697256 0.5153206 0.59350264	2588561.2 0.10983669 0.5840839 0.697256 0.51532024 0.59350306	0.9999999999990898
80202920_7050	1983.0	45	44	2922484.0 0.48536006 0.4429636 0.450204 0.41775078 0.7037216	2922482.8 0.48536026 0.4429631 0.45020387 0.4177513 0.7037215	0.9999999999946819
80202920_6500	1951.0	52	52	2524814.0 0.4236332 0.5230084 0.62963843 0.5018576 0.42186236	2524814.5 0.4236331 0.5230087 0.62963915 0.50185704 0.4218619	0.9999999999935476
80202920_7050	1983.0	60	60	2140098.0 0.53851974 0.45625713 0.57889825 0.45819864 0.46812624	2140099.2 0.53851986 0.45625687 0.5788984 0.45819792 0.4681269	0.9999999999606524
