ID	BITRATE	START_IDX	CAPTURE_START_IDX	KEY	CAPTURE_KEY	CORRELATION
80206300_20000	1024.0	20	11	1277100.0 0.5522426 0.60102576 0.15350795 0.6871952 0.5060285	1277098.4 0.5522433 0.60102654 0.15350737 0.6871953 0.5060276	0.9999999999951280
80206300_20000	1024.0	21	12	1190670.4 0.6446536 0.16465095 0.7370781 0.5427606 0.41085678	1190669.2 0.6446543 0.16465026 0.7370779 0.5427595 0.410858	0.9999999999908529
80206300_20000	1024.0	22	13	1077779.2 0.18189718 0.8142827 0.59961164 0.45389163 0.4503167	1077778.4 0.18189639 0.8142824 0.59961027 0.45389295 0.450318	0.9999999999863438
80206300_15000	1078.0	12	14	1188374.8 0.73850274 0.54380655 0.41165128 0.4084099 0.39762962	1188373.2 0.73850197 0.5438081 0.41165182 0.40840957 0.39762843	0.9999999999727418
80206300_15000	1078.0	13	15	916024.8 0.70548964 0.5340423 0.5298372 0.51585174 0.21477912	916024.0 0.70549136 0.5340428 0.52983654 0.51585 0.2147793	0.9999999999761635
80206300_7050	1007.0	17	16	865449.6 0.5652518 0.5607964 0.54599714 0.22732808 0.6006265	865450.0 0.56525046 0.5607984 0.5459946 0.2273303 0.6006263	0.9999999999348314
80206300_7050	1007.0	18	17	836057.2 0.58051175 0.5651922 0.23532003 0.6217421 0.49723393	836058.4 0.5805133 0.565189 0.23532209 0.6217413 0.4972344	0.9999999999358876
80206300_7050	1007.0	19	18	825960.0 0.57210153 0.23819676 0.62934285 0.5033125 0.55704635	825961.2 0.5720983 0.23819885 0.6293419 0.503313 0.55704796	0.9999999999376966
80206300_7050	1007.0	20	19	715269.6 0.2750585 0.7267357 0.5812018 0.6432511 0.27375272	715271.6 0.27506053 0.7267337 0.58120155 0.64325213 0.27375194	0.9999999999785224
80206300_7050	1007.0	21	20	810118.0 0.6416497 0.51315486 0.56793946 0.24170183 0.53555405	810119.6 0.6416485 0.5131551 0.56794083 0.24170133 0.53555423	0.9999999999800339
80206300_7050	1007.0	22	21	778032.8 0.5343168 0.5913607 0.25166935 0.5576397 0.56501347	778034.4 0.534317 0.59136206 0.25166884 0.5576399 0.56501234	0.9999999999806796
80206300_7050	1007.0	23	22	826923.2 0.5563975 0.23678982 0.52467024 0.53160805 0.65053445	826924.4 0.5563991 0.2367895 0.5246707 0.5316073 0.6505335	0.9999999999772869
80206300_7050	1007.0	24	23	876370.0 0.2234296 0.49506715 0.5016135 0.6138298 0.66606	876370.4 0.2234295 0.49506807 0.50161326 0.6138295 0.66605973	0.9999999999955516
80206300_7050	1007.0	25	24	1049261.6 0.41349268 0.41896033 0.51268625 0.55631024 0.59855044	1049262.8 0.4134932 0.4189599 0.5126857 0.55630964 0.5985517	0.9999999999539297
80206300_7050	1007.0	26	25	954430.8 0.4605876 0.563626 0.6115844 0.6580215 0.20618048	954431.2 0.4605874 0.56362575 0.6115842 0.65802336 0.20617935	0.9999999999918330
80206300_7050	1007.0	27	26	1025372.4 0.52463084 0.56927127 0.61249554 0.19191565 0.6016868	1025372.8 0.52463067 0.56927097 0.6124972 0.19191459 0.60168654	0.9999999999903760
80206300_7050	1007.0	28	27	1068984.8 0.54604614 0.58750695 0.18408588 0.5771392 0.6052219	1068985.2 0.5460459 0.58750856 0.18408486 0.5771389 0.6052216	0.9999999999899900
80206300_7050	1007.0	29	28	1220936.0 0.514389 0.16117552 0.5053115 0.5298992 0.7892248	1220936.0 0.5143906 0.1611747 0.5053115 0.5298992 0.789224	0.9999999999899681
80206300_7050	1007.0	30	29	1161334.8 0.16944727 0.53124475 0.55709434 0.8297289 0.41248485	1161334.0 0.16944651 0.5312451 0.5570947 0.82972854 0.41248512	0.9999999999980648
80206300_7050	1007.0	31	30	1161067.2 0.5313672 0.55722266 0.82992005 0.4125799 0.16891012	1161066.4 0.53136754 0.5572231 0.8299198 0.4125802 0.16890939	0.9999999999980679
80206300_7050	1007.0	32	31	1089677.6 0.5937288 0.8842918 0.43960983 0.17997617 0.4023933	1089677.6 0.5937288 0.8842909 0.43960983 0.17997524 0.40239516	0.9999999999910962
80206300_7050	1007.0	33	32	1082238.0 0.89037067 0.44263184 0.18121338 0.4051595 0.5806246	1082238.0 0.8903698 0.44263184 0.18121246 0.40516135 0.5806246	0.9999999999910024
80206300_6500	944.0	61	62	1018667.2 0.19263995 0.62742084 0.5370704 0.62441295 0.51845586	1018667.6 0.19263987 0.6274196 0.53707314 0.6244127 0.5184547	0.9999999999593480
80206300_6500	944.0	62	63	1149605.2 0.5559587 0.475899 0.5532934 0.45940465 0.45544416	1149617.2 0.555952 0.47589666 0.5532876 0.45939898 0.45546463	0.9999999819777668
80206300_3500	884.0	60	64	972583.2 0.5625216 0.65399545 0.5430219 0.53834057 0.2021205	972596.0 0.5625141 0.653991 0.54301375 0.53836334 0.20211783	0.9999999972197949
