ID	BITRATE	START_IDX	CAPTURE_START_IDX	KEY	CAPTURE_KEY	CORRELATION
80216541_15000	2640.0	8	15	1895312.6 0.53150386 0.10496316 0.863533	1895313.4 0.53150314 0.104964174 0.86353266	0.9999999999988772
80216541_20000	2520.0	27	24	4978252.0 0.78364015 0.50283134 0.21352856	4978233.5 0.783643 0.5028276 0.21352936	0.9999999999351236
80216541_7050	2294.0	30	37	1199644.6 0.26939145 0.16568324 1.0649254	1199646.0 0.26938948 0.16568722 1.0649233	0.9999999999840985
80216541_7050	2294.0	38	45	743274.7 0.59220773 0.26741797 0.6403743	743274.0 0.59220827 0.26741686 0.6403749	0.9999999999998966
80216541_6500	2398.0	40	49	5528134.0 0.7910049 0.03593455 0.6730606	5528152.5 0.79100204 0.03593443 0.6730636	0.9999999999745687
80216541_6500	2398.0	41	50	2745494.8 0.07235526 1.3552271 0.07241755	2745515.2 0.07235473 1.3552276 0.072417736	0.9999999999998792
80216541_5500	2007.0	43	51	4745090.5 0.78413004 0.041900992 0.67396903	4745110.0 0.78413314 0.04190082 0.67396605	0.9999999999720828
80216541_7050	2294.0	45	53	5048128.0 0.6335105 0.3417021 0.5247874	5048128.5 0.6335106 0.34170246 0.52478695	0.9999999999966520
80216541_7050	2294.0	46	54	3048584.0 0.565822 0.8689916 0.06518633	3048584.8 0.56582254 0.8689908 0.06518664	0.9999999999991221
80216541_6500	2398.0	49	55	2890268.8 0.9165906 0.06875727 0.51465213	2890269.2 0.91659003 0.06875726 0.5146527	0.9999999999992930
80216541_20000	2520.0	63	63	1784231.4 0.5524205 0.49002725 0.4575522	1784228.6 0.5524208 0.49002746 0.45755178	0.9999999999905710
80216541_20000	2520.0	64	64	2998610.8 0.2915757 0.2722524 0.9361718	2998608.8 0.29157555 0.27225193 0.9361725	0.9999999999999111
