ID	BITRATE	START_IDX	CAPTURE_START_IDX	KEY	CAPTURE_KEY	CORRELATION
80216541_5500	2007.0	3	2	571227.3 0.34801382 0.38336226 0.76862395	571228.0 0.3480099 0.38336357 0.7686265	0.9999999999458953
80216541_5500	2007.0	4	3	571120.0 0.3834343 0.76876837 0.3477973	571122.0 0.3834347 0.7687692 0.34779608	0.9999999999947398
80216541_5500	2007.0	5	4	537606.7 0.8166919 0.3694783 0.3138298	537607.3 0.8166946 0.36947787 0.31382757	0.9999999999971831
80216541_4800	1766.0	5	5	335847.34 0.5914503 0.5023622 0.40618753	335844.66 0.59144604 0.5023632 0.40619078	0.9999999999465479
80216541_6500	2398.0	10	12	949758.7 1.0852125 0.20930895 0.2054785	949757.3 1.085214 0.20930927 0.2054767	0.9999999999978515
80216541_6500	2398.0	11	13	398946.0 0.49829552 0.48917648 0.512528	398946.66 0.49829468 0.48917067 0.5125347	0.9999999999832662
80216541_5500	2007.0	43	50	4745090.5 0.78413004 0.041900992 0.67396903	4745108.5 0.78412706 0.041900624 0.67397237	0.9999999999686139
80216541_20000	2520.0	56	55	3149086.0 0.118373714 0.9092721 0.4723542	3149068.0 0.11837439 0.9092684 0.4723572	0.9999999999804634
80216541_15000	2640.0	49	56	4280672.5 0.6689007 0.3474884 0.48361093	4280674.5 0.66890115 0.34748846 0.48361048	0.9999999999971895
80216541_15000	2640.0	50	57	3093176.0 0.48089212 0.66927326 0.3498346	3093175.2 0.48089257 0.6692731 0.34983435	0.9999999999973264
80216541_5500	2007.0	58	65	3969592.0 0.22025412 0.70717216 0.5725737	3969576.0 0.22025551 0.70717525 0.5725692	0.9999999998745939
