ID	BITRATE	START_IDX	CAPTURE_START_IDX	KEY	CAPTURE_KEY	CORRELATION
80009431_7050	1888.0	63	1	384426.0 0.48930612 0.51069385	384419.0 0.48993155 0.5100684	1.0000000000000000
81110498_3500	1564.0	11	2	342315.0 0.5803748 0.4196252	342337.0 0.5727689 0.42723107	1.0000000000000000
80217312_4200	1275.0	6	6	424141.0 0.53711146 0.4628885	424141.0 0.53711146 0.4628885	1.0000000000000000
80081155_2000	589.0	41	8	405877.0 0.48355782 0.5164422	405893.0 0.4809568 0.5190432	1.0000000000000000
80217312_4200	1275.0	9	9	415416.0 0.50714946 0.49285054	415414.0 0.5071471 0.49285293	1.0000000000000000
80217312_7050	2034.0	12	10	445648.0 0.45941865 0.54058135	445645.0 0.4594195 0.5405805	1.0000000000000000
80217312_7050	2034.0	13	11	436896.0 0.5514104 0.4485896	436892.0 0.55141085 0.44858912	1.0000000000000000
80217312_7050	2034.0	14	12	483641.0 0.4052324 0.59476763	483639.0 0.40522993 0.5947701	1.0000000000000000
80217312_7050	2034.0	15	13	607771.0 0.4732934 0.5267066	607773.0 0.47329184 0.5267082	1.0000000000000000
80217312_7050	2034.0	16	14	660672.0 0.48453242 0.5154676	660676.0 0.4845325 0.51546746	0.9999999999999999
80217312_6500	1743.0	17	16	1882646.0 0.39631402 0.603686	1882646.0 0.39631402 0.603686	1.0000000000000000
80075563_7050	2125.0	68	19	947275.0 0.7899184 0.21008155	947263.0 0.7926912 0.20730884	1.0000000000000000
70123920_4800	1377.0	1	20	621768.0 0.3149583 0.68504167	621780.0 0.31582874 0.68417126	1.0000000000000000
80217312_7050	2034.0	27	25	1657227.0 0.8814176 0.11858243	1657227.0 0.88141817 0.118581824	1.0000000000000000
80217312_7050	2034.0	32	29	1516936.0 0.12921573 0.8707843	1516933.0 0.12921599 0.870784	1.0000000000000000
80217312_7050	2034.0	33	30	2515814.0 0.5250484 0.47495165	2515809.0 0.5250482 0.4749518	1.0000000000000000
80217312_7050	2034.0	34	31	2661905.0 0.4488853 0.55111474	2661904.0 0.4488847 0.5511153	1.0000000000000000
81056132_6500	498.0	53	34	1008296.0 0.19693919 0.8030608	1008310.0 0.19426467 0.80573535	1.0000000000000000
80217312_7050	2034.0	38	35	1421268.0 0.5716241 0.42837593	1421267.0 0.57162446 0.4283755	1.0000000000000000
80217312_7050	2034.0	39	36	1252156.0 0.48623094 0.51376903	1252154.0 0.48623094 0.5137691	1.0000000000000000
80217312_7050	2034.0	40	37	1331764.0 0.4830578 0.5169422	1331765.0 0.4830567 0.5169433	1.0000000000000000
80217312_7050	2034.0	41	38	1674792.0 0.411063 0.588937	1674795.0 0.41106343 0.58893657	1.0000000000000000
80217312_7050	2034.0	42	39	1182952.0 0.8338014 0.16619863	1182952.0 0.8338022 0.16619778	1.0000000000000000
80217312_7050	2034.0	43	40	1007094.0 0.19522011 0.8047799	1007093.0 0.19521931 0.80478066	1.0000000000000000
80217312_7050	2034.0	44	41	973923.0 0.83219004 0.16780998	973925.0 0.8321883 0.16781169	1.0000000000000000
80217312_7050	2034.0	45	42	990403.0 0.16501768 0.83498234	990406.0 0.1650192 0.8349808	0.9999999999999999
80217312_7050	2034.0	48	44	1346751.0 0.14566019 0.85433984	1346750.0 0.14565955 0.85434043	1.0000000000000000
80217312_7050	2034.0	52	48	1404017.0 0.1396486 0.8603514	1404017.0 0.13964789 0.8603521	1.0000000000000000
80217312_7050	2034.0	53	49	2416225.0 0.49993193 0.50006807	2416224.0 0.49993253 0.5000675	1.0000000000000000
80217312_7050	2034.0	54	50	2506647.0 0.48202917 0.5179708	2506644.0 0.48202896 0.51797104	1.0000000000000000
80217312_7050	2034.0	55	51	2823197.0 0.45989352 0.5401065	2823195.0 0.4598935 0.54010653	1.0000000000000000
80217312_7050	2034.0	56	52	3160574.0 0.48245254 0.5175474	3160573.0 0.4824524 0.5175476	1.0000000000000000
80217312_7050	2034.0	57	53	1832588.0 0.8925885 0.10741149	1832591.0 0.89258707 0.10741295	1.0000000000000000
80217312_7050	2034.0	59	55	3454902.0 0.49323368 0.5067663	3454927.0 0.4932379 0.5067621	1.0000000000000000
80217312_6500	1743.0	55	56	3430327.0 0.51039475 0.48960522	3430332.0 0.51039547 0.4896045	1.0000000000000000
80217312_5500	1592.0	58	57	1875551.0 0.8954713 0.10452875	1875556.0 0.895471 0.104529	1.0000000000000000
80217312_7050	2034.0	63	60	2873119.0 0.5149616 0.4850384	2873116.0 0.51496214 0.48503783	1.0000000000000000
80217312_5500	1592.0	62	63	2811415.0 0.46723697 0.53276306	2811416.0 0.46723714 0.5327628	1.0000000000000000
80217312_5500	1592.0	63	64	2093279.0 0.7155367 0.2844633	2093278.0 0.7155371 0.28446293	1.0000000000000000
80217312_6500	1743.0	64	65	791959.0 0.7518824 0.24811764	791961.0 0.75188047 0.24811955	1.0000000000000000
80217312_6500	1743.0	65	66	1710241.0 0.1148955 0.8851045	1710244.0 0.11489647 0.8851035	1.0000000000000000
80217312_6500	1743.0	66	67	2012215.0 0.7522765 0.24772353	2012215.0 0.75227696 0.24772303	1.0000000000000000
80217312_6500	1743.0	67	68	1143447.0 0.43593886 0.5640611	1143447.0 0.435938 0.564062	1.0000000000000000
80081770_15000	1551.0	12	70	399442.0 0.49085474 0.50914526	399449.0 0.4909062 0.50909376	1.0000000000000000
80217312_5500	1592.0	75	75	2002563.0 0.09790004 0.90209997	2002565.0 0.09790044 0.90209955	1.0000000000000000
