ID	BITRATE	START_IDX	CAPTURE_START_IDX	KEY	CAPTURE_KEY	CORRELATION
80163052_10000	429.0	11	0	389565.0 0.5116245 0.48837548	389571.0 0.5103691 0.4896309	1.0000000000000000
80210932_3500	1412.0	0	1	396620.0 0.48092633 0.51907367	396622.0 0.48092642 0.5190736	1.0000000000000000
70216224_2000	569.0	19	5	397491.0 0.50680393 0.49319607	397475.0 0.5003585 0.49964148	1.0000000000000000
80144140_7050	572.0	72	6	466543.0 0.42332003 0.57667994	466534.0 0.42568174 0.5743183	1.0000000000000000
80210932_10000	2081.0	7	11	1020532.0 0.61812466 0.38187534	1020534.0 0.6181244 0.38187557	1.0000000000000000
80210932_10000	2081.0	8	12	1251699.0 0.3113496 0.68865037	1251700.0 0.31135017 0.68864983	1.0000000000000000
80171659_3500	1140.0	34	14	451055.0 0.34881112 0.65118885	451063.0 0.34575436 0.6542456	1.0000000000000000
80210932_4200	1720.0	22	29	3187506.0 0.49308833 0.5069117	3187509.0 0.49308848 0.5069115	1.0000000000000000
80210932_15000	2066.0	35	39	3749391.0 0.0812668 0.9187332	3749416.0 0.08126546 0.91873455	1.0000000000000000
80210932_20000	2054.0	41	40	6996458.0 0.49235156 0.50764847	6996458.0 0.4923517 0.5076483	1.0000000000000000
80210932_4200	1720.0	43	47	1299950.0 0.15295203 0.847048	1299947.0 0.15295085 0.8470492	1.0000000000000000
80210932_4800	1970.0	48	56	1133084.0 0.1754892 0.8245108	1133089.0 0.17549106 0.8245089	1.0000000000000000
80210932_4800	1970.0	49	57	1444671.0 0.6466801 0.35331988	1444676.0 0.6466793 0.35332075	1.0000000000000000
