ID	BITRATE	START_IDX	CAPTURE_START_IDX	KEY	CAPTURE_KEY	CORRELATION
80163052_4800	426.0	32	1	355516.0 0.55921537 0.44078466	355519.0 0.5515936 0.44840643	1.0000000000000000
80217312_5500	1592.0	0	4	442855.0 0.42528367 0.5747163	442855.0 0.42528367 0.5747163	1.0000000000000000
80097391_7050	511.0	6	5	451157.0 0.5651469 0.43485305	451159.0 0.5641381 0.43586186	1.0000000000000000
80163052_7050	418.0	45	6	424458.0 0.46834552 0.5316545	424453.0 0.46328568 0.5367143	0.9999999999999999
80217312_7050	2034.0	8	7	438487.0 0.5195365 0.4804635	438488.0 0.5195353 0.4804647	1.0000000000000000
80217312_7050	2034.0	9	8	407006.0 0.5176263 0.4823737	407009.0 0.5176249 0.4823751	1.0000000000000000
80217312_7050	2034.0	11	10	399957.0 0.48809746 0.5119025	399956.0 0.48809618 0.5119038	1.0000000000000000
80217312_7050	2034.0	12	11	445648.0 0.45941865 0.54058135	445646.0 0.4594207 0.5405793	1.0000000000000000
80217312_7050	2034.0	13	12	436896.0 0.5514104 0.4485896	436893.0 0.5514096 0.4485904	1.0000000000000000
80217312_7050	2034.0	14	13	483641.0 0.4052324 0.59476763	483639.0 0.405232 0.594768	1.0000000000000000
80217312_3500	933.0	13	14	497987.0 0.57763356 0.42236644	497987.0 0.57763153 0.42236847	1.0000000000000000
70130445_6500	762.0	20	17	850834.0 0.30920368 0.6907963	850814.0 0.31059667 0.6894033	0.9999999999999999
80217312_3500	933.0	17	18	783079.0 0.7490343 0.25096574	783083.0 0.7490317 0.25096828	1.0000000000000000
80217312_3500	933.0	18	19	554630.0 0.35433713 0.6456629	554632.0 0.35434127 0.64565873	1.0000000000000000
80217312_3500	933.0	19	20	821224.0 0.4360613 0.5639387	821223.0 0.4360606 0.5639394	1.0000000000000000
80217312_3500	933.0	44	22	685330.0 0.51706624 0.48293376	685336.0 0.5236016 0.47639844	1.0000000000000000
60004481_2000	641.0	69	28	1110936.0 0.3484593 0.6515407	1110919.0 0.34681195 0.65318805	1.0000000000000000
80075563_1200	593.0	29	33	409664.0 0.5147487 0.48525134	409675.0 0.5197022 0.4802978	1.0000000000000000
80102952_2000	506.0	76	36	218240.0 0.5354839 0.46451613	218240.0 0.5354839 0.46451613	1.0000000000000000
80031715_2000	486.0	42	37	219648.0 0.4679487 0.53205127	219648.0 0.46153846 0.53846157	1.0000000000000000
80198592_20000	2086.0	11	53	548513.0 0.7028712 0.2971288	548525.0 0.69863176 0.3013682	1.0000000000000000
80217312_3500	933.0	64	60	2061303.0 0.4943543 0.5056457	2061301.0 0.49435478 0.5056452	1.0000000000000000
80217312_3500	933.0	70	65	1965335.0 0.46613428 0.53386575	1965338.0 0.46613306 0.53386694	1.0000000000000000
80217312_3500	933.0	71	66	1403350.0 0.7476574 0.2523426	1403355.0 0.7476576 0.25234243	1.0000000000000000
80217312_3500	933.0	72	67	1331173.0 0.26602477 0.73397523	1331175.0 0.26602513 0.7339749	1.0000000000000000
80217312_3500	933.0	73	68	1298614.0 0.7523775 0.24762246	1298615.0 0.75237775 0.24762228	1.0000000000000000
80217312_3500	933.0	74	69	736395.0 0.43667597 0.56332403	736393.0 0.43667716 0.56332284	1.0000000000000000
80217312_3500	933.0	75	70	834213.0 0.49726987 0.50273013	834211.0 0.49726868 0.5027313	1.0000000000000000
80217312_3500	933.0	81	75	2111725.0 0.5082608 0.4917392	2111727.0 0.5082608 0.4917392	1.0000000000000000
80217312_3500	933.0	82	76	2021408.0 0.51371026 0.48628974	2021409.0 0.5137105 0.4862895	1.0000000000000000
