ID	BITRATE	START_IDX	CAPTURE_START_IDX	KEY	CAPTURE_KEY	CORRELATION
80217312_7050	2034.0	11	11	449802.8 0.43400797 0.455175 0.535588 0.43571758 0.63951135	449802.0 0.4340043 0.4551803 0.535589 0.43571615 0.6395103	0.9999999992746377
80217312_7050	2034.0	12	12	499762.4 0.40967268 0.48204705 0.39216036 0.5755815 0.6405384	499762.4 0.40967667 0.48204705 0.39215836 0.5755795 0.6405384	0.9999999997576652
80217312_7050	2034.0	13	13	554088.8 0.43478408 0.35371044 0.5191478 0.5777359 0.6146217	554088.8 0.43478408 0.35370862 0.519146 0.5777359 0.6146253	0.9999999998850644
80217312_7050	2034.0	14	14	657918.0 0.2978897 0.4372186 0.48656064 0.5176253 0.76070577	657918.8 0.29788783 0.43721655 0.48656005 0.5176277 0.76070786	0.9999999999669521
80217312_4800	1527.0	15	17	948279.2 0.35913053 0.52778125 0.86771595 0.20724803 0.5381242	948279.6 0.35913143 0.527781 0.8677166 0.20724583 0.53812504	0.9999999999912513
80217312_4800	1527.0	16	18	1080626.0 0.46314266 0.76144475 0.18186589 0.47221887 0.6213278	1080626.4 0.46314248 0.7614454 0.18186396 0.47221965 0.62132853	0.9999999999964881
80217312_4800	1527.0	17	19	1084692.0 0.75859046 0.18118416 0.47044876 0.61899877 0.47077787	1084692.4 0.7585911 0.18118225 0.4704495 0.6189995 0.47077772	0.9999999999964709
80217312_4800	1527.0	18	20	834106.8 0.2356161 0.61178255 0.8049604 0.6122106 0.23543029	834107.6 0.23561348 0.61178315 0.80496085 0.61221 0.23543245	0.9999999999762437
80217312_4800	1527.0	19	21	938552.4 0.5437012 0.7153815 0.5440815 0.20923074 0.48760518	938554.0 0.5437013 0.7153813 0.54408056 0.2092325 0.48760435	0.9999999999914634
80217312_4800	1527.0	20	22	803761.6 0.83535093 0.63532394 0.24431871 0.5693765 0.21562985	803762.4 0.83535135 0.63532335 0.24432096 0.569376 0.2156284	0.9999999999858341
80217312_4800	1527.0	21	23	636032.4 0.80286634 0.30874842 0.71952784 0.272494 0.39636347	636032.0 0.8028668 0.30875176 0.71952826 0.2724926 0.39636055	0.9999999999545496
80217312_4800	1527.0	22	24	604599.6 0.32480007 0.75693566 0.2866608 0.41697016 0.7146333	604598.8 0.3248038 0.75693667 0.2866595 0.41696742 0.7146326	0.9999999999367645
80217312_4800	1527.0	23	25	870742.8 0.5255777 0.1990427 0.28952292 0.49620506 0.98965156	870742.0 0.5255782 0.19904174 0.2895209 0.49620438 0.9896548	0.9999999999974449
80217312_4200	1275.0	26	31	1769899.2 0.63538986 0.5489793 0.45611355 0.4530207 0.40649658	1769900.8 0.6353893 0.5489788 0.45611483 0.45302144 0.40649566	0.9999999999511702
80217312_7050	2034.0	38	37	1495751.6 0.543159 0.40704417 0.4300975 0.46026692 0.65943235	1495752.8 0.5431593 0.40704322 0.43009648 0.4602686 0.65943253	0.9999999999484914
80217312_7050	2034.0	39	38	1249421.2 0.4872952 0.5148936 0.55101115 0.78944314 0.15735686	1249420.8 0.4872946 0.514893 0.55101377 0.7894442 0.15735452	0.9999999999839331
80217312_7050	2034.0	40	39	1330082.0 0.48366868 0.5175959 0.74156857 0.1478142 0.60935265	1330080.8 0.4836684 0.5175986 0.74157 0.14781208 0.609351	0.9999999999685948
80217312_7050	2034.0	41	40	1138128.0 0.60489243 0.8666398 0.17274418 0.71212465 0.14359896	1138128.0 0.60489506 0.8666407 0.17274155 0.712122 0.14360072	0.9999999999711162
80217312_7050	2034.0	42	41	1193537.6 0.8264063 0.16472459 0.67906445 0.13693242 0.69287217	1193536.8 0.82640773 0.1647222 0.6790625 0.1369342 0.69287354	0.9999999999807497
80217312_7050	2034.0	43	42	1328967.2 0.14793818 0.60986376 0.1229782 0.6222644 0.99695534	1328966.0 0.14793606 0.6098621 0.12297982 0.62226576 0.9969563	0.9999999999888959
80217312_7050	2034.0	44	43	1328792.4 0.60994405 0.122994386 0.6223463 0.9970865 0.14762878	1328792.8 0.6099416 0.12299585 0.6223469 0.9970863 0.1476295	0.9999999999939189
80217312_7050	2034.0	45	44	1464830.0 0.11157199 0.56454945 0.9044879 0.13391861 0.78547204	1464831.6 0.111573234 0.5645495 0.9044869 0.13391915 0.78547114	0.9999999999997282
80217312_7050	2034.0	46	45	1835182.8 0.45061943 0.7219559 0.1068929 0.62695825 0.5935736	1835184.4 0.45061958 0.72195524 0.106893346 0.6269577 0.59357417	0.9999999999983826
80217312_7050	2034.0	47	46	2034277.6 0.65129805 0.096431285 0.56559783 0.5354805 0.6511923	2034278.4 0.6512978 0.09643174 0.5655976 0.5354813 0.6511916	0.9999999999976829
80217312_7050	2034.0	48	47	1582736.8 0.12394228 0.7269579 0.6882484 0.83697176 0.12387973	1582737.2 0.123942874 0.7269577 0.6882494 0.83697087 0.12387906	0.9999999999971936
80217312_7050	2034.0	49	48	1987448.8 0.5789246 0.54809767 0.6665359 0.098653615 0.60778826	1987449.2 0.5789245 0.5480985 0.66653526 0.098653086 0.6077886	0.9999999999964392
80217312_7050	2034.0	50	49	2010526.4 0.5418064 0.6588852 0.09752123 0.60081184 0.60097545	2010526.4 0.54180735 0.65888464 0.09752073 0.6008123 0.600975	0.9999999999955749
80217312_7050	2034.0	51	50	2094148.0 0.63257515 0.093627095 0.57682073 0.57697785 0.6199992	2094146.8 0.63257504 0.09362668 0.57682157 0.5769777 0.61999905	0.9999999999983156
80217312_7050	2034.0	52	51	2174196.5 0.09017998 0.55558366 0.55573493 0.5971723 0.701329	2174194.5 0.09017961 0.5555846 0.555735 0.59717244 0.7013282	0.9999999999964033
