ID	BITRATE	START_IDX	CAPTURE_START_IDX	KEY	CAPTURE_KEY	CORRELATION
80210932_7050	2019.0	3	0	543820.0 0.3653948 0.6346052	543803.0 0.36537313 0.63462687	1.0000000000000000
80210932_2000	749.0	1	1	543850.0 0.6345702 0.36542982	543872.0 0.63454634 0.36545363	1.0000000000000000
80169469_4800	1367.0	19	2	853141.0 0.23369408 0.7663059	853148.0 0.23297247 0.7670275	1.0000000000000000
80210932_3500	1412.0	5	4	305184.0 0.66931754 0.3306825	305183.0 0.66931975 0.33068028	1.0000000000000000
80210932_3500	1412.0	6	5	299491.0 0.3369684 0.66303164	299491.0 0.33696505 0.663035	1.0000000000000000
81110498_6500	2764.0	5	6	397336.0 0.49993205 0.50006795	397343.0 0.4997521 0.5002479	1.0000000000000000
81074663_1200	443.0	11	7	310616.0 0.6410133 0.35898665	310608.0 0.6399384 0.36006156	1.0000000000000000
80210932_2000	749.0	9	8	553544.0 0.20203994 0.79796004	553543.0 0.20204031 0.7979597	1.0000000000000000
80210932_4200	1720.0	19	15	743975.0 0.2669915 0.7330085	743977.0 0.26699346 0.73300654	1.0000000000000000
81000864_10000	3648.0	44	21	542132.0 0.632999 0.36700103	542137.0 0.63413304 0.36586693	1.0000000000000000
80183328_7050	1906.0	4	22	528952.0 0.37191087 0.62808913	528941.0 0.37499458 0.6250054	1.0000000000000000
80210932_2000	749.0	22	24	606989.0 0.6723944 0.3276056	606994.0 0.6723938 0.3276062	1.0000000000000000
80210932_2000	749.0	23	25	988410.0 0.20118473 0.79881525	988409.0 0.20118695 0.79881305	1.0000000000000000
14607635_4800	990.0	48	28	889847.0 0.77611095 0.22388905	889829.0 0.76874435 0.23125567	1.0000000000000000
80210932_3500	1412.0	30	30	2374319.0 0.5269372 0.4730628	2374320.0 0.5269374 0.4730626	1.0000000000000000
80210932_15000	2066.0	5	31	1321880.0 0.84970045 0.15029958	1321880.0 0.84970045 0.15029958	1.0000000000000000
80081155_15000	3781.0	13	48	397661.0 0.50664765 0.49335238	397640.0 0.50073683 0.49926317	1.0000000000000000
70208599_10000	866.0	71	49	881894.0 0.22703068 0.7729693	881890.0 0.22511537 0.77488464	1.0000000000000000
