ID	BITRATE	START_IDX	CAPTURE_START_IDX	KEY	CAPTURE_KEY	CORRELATION
80216541_7050	2294.0	0	1	632129.0 0.5424668 0.45753318	632128.0 0.5424661 0.45753393	1.0000000000000000
81006261_10000	2524.0	7	2	508217.0 0.56438094 0.43561903	508206.0 0.5690999 0.43090007	1.0000000000000000
80216541_3500	1191.0	3	3	392635.0 0.5577343 0.44226572	392635.0 0.5577343 0.44226572	1.0000000000000000
81000864_15000	3924.0	54	4	372486.0 0.4665652 0.5334348	372499.0 0.46617305 0.53382695	1.0000000000000000
80216541_6500	2398.0	0	6	477484.0 0.6127012 0.38729885	477479.0 0.6127034 0.38729662	1.0000000000000000
70305893_7050	1445.0	42	8	407557.0 0.5190415 0.4809585	407563.0 0.5127919 0.4872081	1.0000000000000000
80216541_6500	2398.0	7	12	842551.0 0.25583732 0.7441627	842554.0 0.25583762 0.7441624	1.0000000000000000
80216541_6500	2398.0	8	13	825935.0 0.7591336 0.24086641	825934.0 0.7591369 0.24086307	1.0000000000000000
80216541_6500	2398.0	9	14	1229630.0 0.16178851 0.8382115	1229626.0 0.16178659 0.8382134	1.0000000000000000
80216541_6500	2398.0	12	16	399626.0 0.4883441 0.5116559	399626.0 0.4883391 0.5116609	1.0000000000000000
80216541_6500	2398.0	13	17	314837.0 0.64945036 0.35054964	314838.0 0.64945465 0.35054535	1.0000000000000000
60026145_2000	742.0	31	20	444187.0 0.5588097 0.4411903	444205.0 0.5524724 0.44752762	1.0000000000000000
80144140_3500	541.0	16	21	368760.0 0.5402972 0.4597028	368768.0 0.53907603 0.46092394	1.0000000000000000
70243464_6500	1857.0	89	32	1969261.0 0.5332625 0.4667375	1969269.0 0.5332644 0.46673563	1.0000000000000000
80216541_7050	2294.0	30	43	521935.0 0.6191844 0.38081563	521939.0 0.6191796 0.38082036	1.0000000000000000
60027695_2000	443.0	25	75	589065.0 0.67163384 0.32836613	589076.0 0.67033285 0.32966715	1.0000000000000000
