ID	BITRATE	START_IDX	CAPTURE_START_IDX	KEY	CAPTURE_KEY	CORRELATION
80217312_20000	3377.0	16	7	1670808.0 0.6652051 0.7174948 0.11730013	1670804.6 0.66520584 0.717495 0.11729917	0.9999999999995599
80217312_20000	3377.0	17	8	1872924.0 0.64006656 0.10464173 0.7552917	1872920.6 0.6400666 0.10464085 0.75529253	0.9999999999997656
80217312_20000	3377.0	18	9	1933862.6 0.101344325 0.73149145 0.66716427	1933862.0 0.10134332 0.7314912 0.6671655	0.9999999999970549
80217312_20000	3377.0	19	10	2960293.2 0.4778594 0.43583655 0.58630407	2960294.8 0.47785884 0.435837 0.5863041	0.9999999999780691
80217312_20000	3377.0	20	11	3469412.0 0.37187973 0.5002669 0.6278534	3469413.2 0.37188017 0.500267 0.62785286	0.9999999999997847
80217312_20000	3377.0	21	12	4599235.5 0.37737402 0.47361827 0.6490076	4599216.5 0.3773758 0.47362003 0.6490042	0.9999999999723365
80217312_20000	3377.0	25	15	4975249.5 0.4746582 0.54506093 0.48028085	4975228.5 0.47466 0.545063 0.48027703	0.9999999972087213
80217312_20000	3377.0	29	19	2607408.0 0.799642 0.36753395 0.33282402	2607408.0 0.7996424 0.36753434 0.33282325	0.9999999999977489
80217312_20000	3377.0	30	20	2439968.0 0.39275557 0.3556637 0.7515808	2439964.8 0.3927565 0.35566333 0.7515801	0.9999999999951248
80217312_15000	3269.0	25	21	3909032.8 0.22200043 0.46912655 0.808873	3909011.2 0.2220014 0.4691286 0.80887	0.9999999999854923
80217312_15000	3269.0	28	25	6379595.5 0.5885611 0.50373536 0.40770343	6379614.0 0.58855504 0.5037429 0.4077021	0.9999999973862119
80217312_20000	3377.0	37	28	3380772.8 0.7601629 0.057978164 0.6818589	3380794.0 0.7601667 0.057978097 0.6818552	0.9999999999532589
80217312_20000	3377.0	38	29	3545792.8 0.05527988 0.65012544 0.79459465	3545775.2 0.055280436 0.6501292 0.7945904	0.9999999999514508
80217312_20000	3377.0	39	30	5169100.5 0.4459596 0.5450596 0.5089808	5169082.5 0.44596153 0.5450559 0.5089826	0.9999999992405996
80217312_20000	3377.0	40	31	3762880.0 0.7487531 0.69919133 0.052055605	3762860.8 0.7487492 0.6991949 0.052055873	0.9999999999546075
80217312_20000	3377.0	41	32	3006691.2 0.8750393 0.06514769 0.559813	3006692.0 0.8750391 0.065147676 0.55981326	0.9999999999998912
80217312_20000	3377.0	42	33	2218704.0 0.08828533 0.7586343 0.65308034	2218705.2 0.088285275 0.7586343 0.65308046	0.9999999999999943
80217312_20000	3377.0	43	34	3114666.0 0.5404063 0.46521586 0.49437788	3114667.2 0.54040635 0.46521598 0.4943777	0.9999999999882425
80217312_20000	3377.0	44	35	3083366.0 0.46993837 0.49939644 0.53066516	3083364.8 0.46993887 0.49939665 0.53066444	0.9999999999831946
80217312_20000	3377.0	45	36	3410166.8 0.45153862 0.47981083 0.5686505	3410164.8 0.4515389 0.47981024 0.56865084	0.9999999999682886
80217312_20000	3377.0	46	37	2514687.2 0.65067136 0.7711468 0.07818189	2514686.0 0.6506705 0.7711472 0.078182325	0.9999999999983037
80217312_20000	3377.0	47	38	2453022.8 0.790532 0.08014724 0.6293207	2453024.0 0.7905316 0.08014761 0.6293208	0.9999999999998914
80217312_20000	3377.0	48	39	1337540.0 0.1469885 1.1541622 0.19884938	1337542.0 0.14698903 1.1541611 0.19884983	1.0000000000000000
80217312_20000	3377.0	49	40	2403381.2 0.64231926 0.11066451 0.7470163	2403382.0 0.64231944 0.11066489 0.74701566	0.9999999999993984
80217312_15000	3269.0	43	41	3229296.0 0.082361914 0.55596143 0.86167663	3229296.0 0.0823616 0.55596143 0.861677	0.9999999999999952
80217312_15000	3269.0	44	42	3182760.0 0.5640903 0.87427545 0.061634243	3182761.2 0.5640901 0.87427545 0.061634533	0.9999999999999041
80217312_15000	3269.0	45	43	3525868.0 0.7891983 0.055636514 0.6551652	3525851.2 0.78920233 0.05563706 0.65516067	0.9999999999392671
80217312_10000	3133.0	61	56	5888170.0 0.5161957 0.52053255 0.46327177	5888188.5 0.5161939 0.520536 0.46327016	0.9999999968691685
80217312_20000	3377.0	74	66	1965821.4 0.66808105 0.09975016 0.73216873	1965821.4 0.66808105 0.09975016 0.73216873	1.0000000000000000
