ID	BITRATE	START_IDX	CAPTURE_START_IDX	KEY	CAPTURE_KEY	CORRELATION
80210932_2000	749.0	1	0	543850.0 0.6345702 0.36542982	543841.0 0.6345807 0.3654193	1.0000000000000000
80210932_2000	749.0	2	1	488002.0 0.40725037 0.5927496	487992.0 0.40724027 0.5927597	1.0000000000000000
70039177_6500	764.0	101	5	750250.0 0.4267591 0.57324094	750250.0 0.4190763 0.5809237	1.0000000000000000
80023001_4800	1403.0	38	7	609146.0 0.3717795 0.6282205	609131.0 0.37895954 0.62104046	1.0000000000000000
80210932_7050	2019.0	6	8	609884.0 0.6202737 0.37972632	609884.0 0.6202737 0.37972632	1.0000000000000000
80210932_7050	2019.0	7	9	666599.0 0.34741876 0.6525812	666598.0 0.3474193 0.65258074	1.0000000000000000
80210932_7050	2019.0	8	10	633780.0 0.68637383 0.31362617	633779.0 0.68637335 0.31362668	1.0000000000000000
80210932_7050	2019.0	9	11	377496.0 0.5265486 0.47345138	377494.0 0.5265514 0.47344857	1.0000000000000000
80210932_7050	2019.0	10	12	1033282.0 0.17296924 0.8270308	1033279.0 0.1729678 0.8270322	1.0000000000000000
60026145_10000	2886.0	24	15	1369449.0 0.14301445 0.85698557	1369452.0 0.1414909 0.8585091	1.0000000000000000
80210932_20000	2054.0	22	18	1655436.0 0.8800105 0.11998954	1655436.0 0.88000923 0.11999074	1.0000000000000000
80210932_6500	1906.0	19	20	1783598.0 0.11155765 0.88844234	1783599.0 0.11155759 0.8884424	1.0000000000000000
80210932_6500	1906.0	20	21	2195920.0 0.72162193 0.27837807	2195922.0 0.7216217 0.27837828	1.0000000000000000
80210932_7050	2019.0	22	26	3067387.0 0.55275124 0.44724876	3067386.0 0.5527514 0.44724858	1.0000000000000000
80210932_20000	2054.0	35	29	2782516.0 0.92856467 0.07143535	2782513.0 0.9285649 0.071435064	1.0000000000000000
80210932_10000	2081.0	28	30	489814.0 0.4058071 0.5941929	489812.0 0.40580672 0.5941933	1.0000000000000000
80210932_7050	2019.0	27	31	1414243.0 0.2057942 0.7942058	1414246.0 0.20579375 0.79420626	1.0000000000000000
80210932_7050	2019.0	28	32	2937119.0 0.38241556 0.61758447	2937120.0 0.38241646 0.6175836	1.0000000000000000
80210932_7050	2019.0	29	33	2822837.0 0.64258724 0.3574128	2822836.0 0.64258677 0.35741326	1.0000000000000000
80210932_6500	1906.0	36	37	4536500.0 0.14213733 0.85786265	4536500.0 0.14213711 0.8578629	1.0000000000000000
80093106_7050	1627.0	8	39	580086.0 0.34233373 0.65766627	580086.0 0.34260437 0.6573956	1.0000000000000000
80210932_4800	1970.0	38	41	3094855.0 0.93575627 0.06424372	3094858.0 0.93575567 0.06424431	0.9999999999999999
80210932_4200	1720.0	43	42	1299950.0 0.15295203 0.847048	1299947.0 0.15295008 0.8470499	1.0000000000000000
80210932_10000	2081.0	39	43	2003090.0 0.5497107 0.4502893	2003088.0 0.5497112 0.45028874	1.0000000000000000
80210932_5500	1896.0	45	48	3242109.0 0.4454776 0.5545224	3242106.0 0.44547772 0.5545223	1.0000000000000000
81000864_10000	3648.0	0	51	1133099.0 0.8247126 0.17528743	1133088.0 0.8245097 0.17549033	1.0000000000000000
80169469_20000	2523.0	15	53	708967.0 0.28042632 0.7195737	708965.0 0.28002793 0.7199721	1.0000000000000000
