ID	BITRATE	START_IDX	CAPTURE_START_IDX	KEY	CAPTURE_KEY	CORRELATION
80183328_7050	1906.0	15	2	309448.0 0.63134676 0.3686532	309459.0 0.63497585 0.36502412	1.0000000000000000
60000870_1200	381.0	4	3	233823.0 0.48830527 0.5116947	233827.0 0.4830922 0.5169078	1.0000000000000000
80217312_4200	1275.0	2	4	277012.0 0.43632767 0.5636723	277013.0 0.43632248 0.5636775	1.0000000000000000
80038359_4200	1007.0	10	6	353997.0 0.4387495 0.5612505	353998.0 0.44606468 0.55393535	1.0000000000000000
80096067_6500	1163.0	10	9	653093.0 0.30459368 0.6954063	653068.0 0.30019692 0.69980305	1.0000000000000000
80135164_4800	1176.0	74	10	653347.0 0.6998073 0.3001927	653349.0 0.6995021 0.3004979	1.0000000000000000
80200961_6500	1346.0	36	16	777414.0 0.25625342 0.7437466	777439.0 0.25209308 0.7479069	1.0000000000000000
80217312_6500	1743.0	16	19	1238396.0 0.39751178 0.6024882	1238396.0 0.39751258 0.6024874	1.0000000000000000
80217312_6500	1743.0	17	20	1882646.0 0.39631402 0.603686	1882643.0 0.3963141 0.60368586	1.0000000000000000
80217312_7050	2034.0	23	27	1473489.0 0.71129817 0.28870186	1473493.0 0.7112962 0.28870377	1.0000000000000000
80217312_6500	1743.0	22	28	843295.0 0.50445336 0.49554664	843293.0 0.50445455 0.49554545	1.0000000000000000
80217312_6500	1743.0	23	29	1212619.0 0.34461936 0.6553806	1212615.0 0.34461886 0.65538114	1.0000000000000000
80217312_7050	2034.0	26	30	2255436.0 0.3523607 0.6476393	2255435.0 0.35235998 0.64764005	1.0000000000000000
80217312_7050	2034.0	27	31	1657227.0 0.8814176 0.11858243	1657228.0 0.88141763 0.11858235	1.0000000000000000
80217312_7050	2034.0	28	32	2043041.0 0.09618896 0.90381104	2043040.0 0.096189015 0.903811	1.0000000000000000
80217312_7050	2034.0	29	33	3505159.0 0.52680147 0.4731985	3505155.0 0.5268018 0.47319818	1.0000000000000000
80217312_7050	2034.0	30	34	3007031.0 0.5515859 0.44841406	3007029.0 0.5515853 0.44841468	1.0000000000000000
80217312_6500	1743.0	29	35	2669317.0 0.5051461 0.4948539	2669319.0 0.5051461 0.49485394	1.0000000000000000
80217312_7050	2034.0	33	36	2515814.0 0.5250484 0.47495165	2515812.0 0.5250484 0.47495162	1.0000000000000000
80217312_7050	2034.0	34	37	2661905.0 0.4488853 0.55111474	2661902.0 0.4488854 0.55111456	1.0000000000000000
80217312_6500	1743.0	32	38	2844068.0 0.51581573 0.48418427	2844065.0 0.51581556 0.48418444	1.0000000000000000
80217312_7050	2034.0	38	41	1421268.0 0.5716241 0.42837593	1421266.0 0.5716249 0.42837512	1.0000000000000000
80217312_7050	2034.0	39	42	1252156.0 0.48623094 0.51376903	1252149.0 0.48623207 0.51376796	1.0000000000000000
80217312_7050	2034.0	40	43	1331764.0 0.4830578 0.5169422	1331760.0 0.4830555 0.51694447	1.0000000000000000
80217312_7050	2034.0	41	44	1674792.0 0.411063 0.588937	1674794.0 0.4110631 0.5889369	1.0000000000000000
80217312_6500	1743.0	39	45	1796833.0 0.5489353 0.45106474	1796836.0 0.548936 0.451064	0.9999999999999999
80217312_7050	2034.0	44	46	973923.0 0.83219004 0.16780998	973925.0 0.8321873 0.16781272	1.0000000000000000
80217312_10000	3133.0	66	70	3939386.0 0.7003556 0.2996444	3939385.0 0.70035577 0.29964423	1.0000000000000000
80217312_10000	3133.0	70	74	2359864.0 0.44347343 0.55652654	2359862.0 0.44347382 0.5565262	1.0000000000000000
80217312_7050	2034.0	46	79	2151890.0 0.38429892 0.6157011	2151892.0 0.38429904 0.61570096	1.0000000000000000
