ID	BITRATE	START_IDX	CAPTURE_START_IDX	KEY	CAPTURE_KEY	CORRELATION
80239639_5500	1362.0	36	42	719790.8 0.6656392 0.2761733 0.43748266 0.4695406 0.6511642	719810.4 0.66562253 0.27623525 0.4374694 0.46952644 0.6511465	0.9999999918634942
80239639_5500	1362.0	37	43	1298451.6 0.15309542 0.24251655 0.2602877 0.36096993 1.4831303	1298470.8 0.15313168 0.2425122 0.2602831 0.36096463 1.4831085	0.9999999995634745
80239639_5500	1362.0	38	44	1698930.4 0.18534957 0.19893163 0.27588063 1.1335208 0.70631737	1698929.6 0.18534906 0.19893114 0.27588075 1.1335213 0.70631766	0.9999999999998362
80239639_5500	1362.0	39	45	1789340.4 0.18888022 0.26194122 1.0762475 0.67062926 0.3023019	1789339.6 0.18887974 0.26194134 1.0762479 0.67062956 0.30230147	0.9999999999997934
80239639_5500	1362.0	40	46	1733780.8 0.27033523 1.1107361 0.69211984 0.31198928 0.114819594	1733768.8 0.2703371 1.1107439 0.6921246 0.31199086 0.114803664	0.9999999998810076
80239639_5500	1362.0	41	47	2002354.4 0.9617543 0.59928656 0.2701425 0.09941897 0.5693977	2002342.0 0.9617603 0.59929025 0.27014366 0.099405095 0.5694007	0.9999999999049128
80239639_20000	1643.0	49	48	1535701.6 0.7813901 0.35223052 0.12963066 0.74241894 0.49432975	1535689.6 0.78139746 0.35223264 0.12961148 0.7424254 0.49433297	0.9999999998094676
80239639_20000	1643.0	50	49	1455702.8 0.37158754 0.13675457 0.783219 0.5214959 0.6869431	1455689.2 0.3715903 0.13673455 0.7832269 0.52150005 0.6869481	0.9999999997719653
80239639_20000	1643.0	51	50	1653859.6 0.120369345 0.6893777 0.45901296 0.60463715 0.62660277	1653846.0 0.12035159 0.68938404 0.45901614 0.60464096 0.6266073	0.9999999999256781
80239639_20000	1643.0	52	51	1809706.8 0.63001037 0.419484 0.5525674 0.5726414 0.3252969	1809704.8 0.6300116 0.4194839 0.55256695 0.5726415 0.32529616	0.9999999999910232
80239639_20000	1643.0	53	52	1492143.2 0.50876015 0.6701669 0.6945131 0.3945278 0.23203202	1492140.4 0.50876045 0.67016685 0.69451374 0.39452723 0.23203179	0.9999999999982430
80239639_20000	1643.0	54	53	1267978.4 0.78864515 0.8172955 0.46427605 0.27305275 0.15673059	1267974.0 0.7886463 0.8172975 0.46427608 0.27305293 0.1567272	0.9999999999936315
80239639_20000	1643.0	55	54	1679564.8 0.61701286 0.3505027 0.20613971 0.11832292 1.2080219	1679549.6 0.6170178 0.35050467 0.20614098 0.118321 1.2080156	0.9999999999642667
80239639_20000	1643.0	56	55	1466728.8 0.4013639 0.23605251 0.13549267 1.3833171 0.34377387	1466714.4 0.4013665 0.23605414 0.1354906 1.3833109 0.3437779	0.9999999999839411
80239639_20000	1643.0	57	56	2017919.2 0.17157525 0.09848313 1.0054669 0.24987273 0.9746019	2017905.2 0.17157595 0.098481335 1.0054595 0.24987496 0.9746082	0.9999999999373553
80239639_20000	1643.0	58	57	1958928.0 0.10144886 1.0357456 0.2573974 1.0039512 0.10145702	1958912.4 0.10144711 1.0357391 0.25739998 1.0039586 0.10145528	0.9999999999397914
80239639_20000	1643.0	59	58	2650317.5 0.76555014 0.19025004 0.74204993 0.074989885 0.72716004	2650305.2 0.76554275 0.19025129 0.74205303 0.07498834 0.72716457	0.9999999999034977
