ID	BITRATE	START_IDX	CAPTURE_START_IDX	KEY	CAPTURE_KEY	CORRELATION
70039177_2000	520.0	15	0	334107.0 0.6592708 0.34072918	334093.0 0.65711045 0.34288955	1.0000000000000000
80081770_4800	1353.0	18	4	401500.0 0.6042615 0.39573848	401513.0 0.59459096 0.40540904	1.0000000000000000
80239639_2000	696.0	11	12	330446.0 0.60125107 0.39874896	330439.0 0.60123956 0.39876044	1.0000000000000000
81076251_800	362.0	22	13	290419.0 0.458658 0.541342	290414.0 0.4537178 0.54628223	1.0000000000000000
81056132_800	374.0	8	18	237234.0 0.5669508 0.43304923	237252.0 0.5667729 0.43322712	0.9999999999999999
80986885_1200	402.0	52	19	274616.0 0.3712311 0.6287689	274601.0 0.37430307 0.6256969	1.0000000000000000
80239639_1200	460.0	39	34	512721.0 0.7279066 0.2720934	512721.0 0.7279066 0.2720934	1.0000000000000000
70130445_4800	728.0	57	45	313042.0 0.6261684 0.37383163	313062.0 0.6181076 0.3818924	1.0000000000000000
70243464_800	346.0	10	48	266302.0 0.4771575 0.52284247	266293.0 0.48371905 0.51628095	1.0000000000000000
60033314_4800	460.0	67	49	271385.0 0.5073493 0.49265066	271378.0 0.506607 0.49339297	1.0000000000000000
