ID	BITRATE	START_IDX	CAPTURE_START_IDX	KEY	CAPTURE_KEY	CORRELATION
80993095_5500	1194.0	84	0	587375.3 0.47414148 0.6905398 0.33531883	587398.7 0.4690528 0.6924854 0.33846176	0.9996914285543542
80239639_15000	1673.0	7	12	2485018.0 0.08001029 0.6311656 0.7888241	2485016.8 0.08000992 0.63116556 0.78882444	0.9999999999998932
80239639_15000	1673.0	8	13	2484921.2 0.63119024 0.7888548 0.07995505	2484914.8 0.6311915 0.78885686 0.07995164	0.9999999999998227
80239639_7050	1497.0	23	27	1491832.0 0.8044257 0.5798629 0.11571142	1491833.4 0.80442566 0.57986367 0.115710646	0.9999999999984074
80239639_7050	1497.0	24	28	1516439.4 0.5704534 0.11383376 0.8157128	1516438.0 0.57045525 0.113833204 0.81571156	0.9999999999897426
80239639_7050	1497.0	31	35	1120315.4 0.6452192 0.5049587 0.34982204	1120318.0 0.6452186 0.5049593 0.3498221	0.9999999999939231
80239639_15000	1673.0	29	36	1021910.0 0.5535869 0.38350832 0.5629048	1021908.7 0.55358666 0.3835098 0.5629035	0.9999999999912033
80239639_7050	1497.0	40	42	1915728.6 0.2446594 0.25009805 1.0052426	1915730.6 0.25009882 0.24466018 1.005241	0.9999227538077666
80239639_10000	1557.0	41	49	1329686.6 0.57091874 0.7793671 0.14971422	1329667.4 0.5709285 0.77937835 0.14969307	0.9999999998672918
80239639_15000	1673.0	50	56	2988376.8 0.65810513 0.1969939 0.644901	2988376.0 0.65810496 0.19699362 0.64490145	0.9999999999991643
80239639_15000	1673.0	51	57	1945488.0 0.3025935 0.9906034 0.20680313	1945490.6 0.30259258 0.99060255 0.2068049	0.9999999999956557
80239639_20000	1643.0	63	58	2219558.0 0.8682832 0.18128158 0.4504352	2219542.8 0.86829054 0.18127021 0.45043918	0.9999999999113872
80239639_20000	1643.0	64	59	1836782.0 0.21905975 0.5443036 0.7366367	1836764.6 0.21904658 0.5443098 0.7366437	0.9999999998913285
80239639_10000	1557.0	58	66	2876498.0 0.5048038 0.8083663 0.18682995	2876519.2 0.5047993 0.80837107 0.18682963	0.9999999999221427
80239639_10000	1557.0	66	76	2520632.8 0.27123824 0.9190966 0.3096651	2520630.8 0.27123845 0.91909695 0.30966455	0.9999999999994059
80239639_7050	1497.0	73	77	2197344.8 1.0543189 0.35522327 0.09045781	2197354.8 1.054315 0.35522258 0.09046241	0.9999999999944443
80239639_7050	1497.0	74	78	937712.0 0.8323963 0.2119702 0.4556335	937719.3 0.8323919 0.21198028 0.4556278	0.9999999998288198
80239639_4200	1155.0	73	80	1059298.6 0.4033348 0.7658954 0.3307698	1059297.4 0.40333432 0.7658964 0.33076924	0.9999999999999338
80239639_7050	1497.0	78	81	1460451.4 0.5555207 0.23991486 0.7045644	1460452.6 0.55552095 0.23991399 0.7045651	0.9999999999999981
80239639_7050	1497.0	79	82	1312084.6 0.26704374 0.78423446 0.44872183	1312086.6 0.26704258 0.7842348 0.44872266	0.9999999999948264
80239639_10000	1557.0	80	90	569397.3 0.5258859 0.34990504 0.6242091	569398.7 0.5258811 0.3499042 0.62421465	0.9999999994594855
