ID	BITRATE	START_IDX	CAPTURE_START_IDX	KEY	CAPTURE_KEY	CORRELATION
70264803_800	371.0	10	1	411064.0 0.48269856 0.51730144	411061.0 0.48318133 0.51681864	1.0000000000000000
81076251_5500	1510.0	15	5	396239.0 0.49801004 0.50198996	396246.0 0.4982208 0.5017792	1.0000000000000000
80239639_6500	1522.0	9	6	1213326.0 0.1638694 0.8361306	1213328.0 0.16386995 0.83613	1.0000000000000000
80239639_6500	1522.0	10	7	2258850.0 0.4491219 0.5508781	2258851.0 0.44912213 0.55087787	0.9999999999999999
70208599_6500	877.0	1	15	559813.0 0.6436417 0.3563583	559807.0 0.6453492 0.3546508	0.9999999999999999
80239639_6500	1522.0	18	17	692469.0 0.5401108 0.45988917	692469.0 0.54011226 0.45988774	1.0000000000000000
80239639_20000	1643.0	25	18	2571635.0 0.12383483 0.87616515	2571637.0 0.12383474 0.8761653	1.0000000000000000
80239639_20000	1643.0	26	19	3099825.0 0.7268723 0.27312768	3099827.0 0.7268725 0.2731275	1.0000000000000000
80239639_20000	1643.0	27	20	1023798.0 0.82696784 0.17303218	1023796.0 0.82696944 0.17303057	1.0000000000000000
80239639_20000	1643.0	28	21	1377216.0 0.12862906 0.8713709	1377216.0 0.12862761 0.8713724	1.0000000000000000
80239639_7050	1497.0	23	22	2065126.0 0.58111125 0.41888872	2065128.0 0.5811107 0.41888928	1.0000000000000000
80163052_1200	384.0	18	26	371441.0 0.45919 0.54081	371441.0 0.4647306 0.5352694	1.0000000000000000
80239639_7050	1497.0	30	29	1430866.0 0.49481714 0.50518286	1430868.0 0.49481642 0.5051836	1.0000000000000000
80239639_7050	1497.0	31	30	1288562.0 0.5609734 0.4390266	1288565.0 0.56097364 0.43902636	1.0000000000000000
80239639_7050	1497.0	32	31	957624.0 0.59074646 0.40925354	957626.0 0.5907463 0.40925372	0.9999999999999999
80239639_15000	1673.0	30	32	967149.0 0.40522298 0.59477705	967148.0 0.40522444 0.59477556	1.0000000000000000
80239639_5500	1362.0	35	33	1054359.0 0.5455808 0.45441923	1054357.0 0.5455799 0.4544201	1.0000000000000000
80239639_20000	1643.0	42	34	693070.0 0.69130534 0.30869466	693066.0 0.6913065 0.30869356	1.0000000000000000
70296965_1200	360.0	5	35	412801.0 0.5094876 0.49051237	412780.0 0.51830274 0.48169726	1.0000000000000000
80239639_6500	1522.0	37	36	513736.0 0.3870451 0.6129549	513731.0 0.3870411 0.6129589	1.0000000000000000
80239639_15000	1673.0	45	45	1382537.0 0.7495734 0.25042656	1382542.0 0.74957216 0.25042784	1.0000000000000000
80239639_20000	1643.0	59	48	2533174.0 0.8009521 0.19904791	2533171.0 0.80095226 0.19904776	1.0000000000000000
80239639_7050	1497.0	50	49	702956.0 0.717291 0.282709	702950.0 0.7172943 0.28270575	1.0000000000000000
80239639_7050	1497.0	51	50	2125940.0 0.09347959 0.9065204	2125936.0 0.09347788 0.9065221	1.0000000000000000
80239639_6500	1522.0	61	60	3777333.0 0.6155841 0.38441592	3777333.0 0.6155838 0.3844162	1.0000000000000000
80239639_4800	1329.0	70	69	1403970.0 0.5559606 0.4440394	1403969.0 0.5559596 0.44404042	1.0000000000000000
80009431_20000	3357.0	92	71	625870.0 0.3130666 0.6869334	625849.0 0.31732574 0.6826742	1.0000000000000000
80239639_4200	1155.0	73	72	1238564.0 0.34495756 0.65504247	1238561.0 0.3449576 0.6550424	1.0000000000000000
80239639_7050	1497.0	78	73	1161695.0 0.69838554 0.30161446	1161693.0 0.6983859 0.3016141	1.0000000000000000
80239639_7050	1497.0	79	74	1379366.0 0.25401816 0.7459819	1379366.0 0.2540174 0.7459826	1.0000000000000000
80239639_7050	1497.0	80	75	1617743.0 0.63606024 0.36393976	1617745.0 0.63606006 0.36393994	1.0000000000000000
80239639_7050	1497.0	81	76	1676402.0 0.35120514 0.64879483	1676404.0 0.35120532 0.6487947	1.0000000000000000
80239639_6500	1522.0	82	78	770716.0 0.38851795 0.611482	770715.0 0.38851845 0.61148155	1.0000000000000000
80239639_5500	1362.0	84	79	670512.0 0.70286286 0.2971371	670515.0 0.70285976 0.29714027	1.0000000000000000
80239639_20000	1643.0	91	80	772401.0 0.25794244 0.74205756	772403.0 0.25794438 0.74205565	1.0000000000000000
80239639_4800	1329.0	80	81	928590.0 0.6172412 0.3827588	928588.0 0.61724466 0.3827553	1.0000000000000000
80239639_4800	1329.0	81	82	889615.0 0.39952788 0.6004721	889612.0 0.39952475 0.60047525	1.0000000000000000
