ID	BITRATE	START_IDX	CAPTURE_START_IDX	KEY	CAPTURE_KEY	CORRELATION
80239639_2000	696.0	0	0	608084.7 0.933763 0.23949295 0.32674396	608102.0 0.9337397 0.23948778 0.32677248	0.9999999987293243
80239639_2000	696.0	1	1	309196.0 0.47100222 0.64259565 0.38640216	309212.66 0.47098008 0.6426354 0.38638458	0.9999999948031630
80239639_4800	1329.0	10	9	1189701.4 0.16712429 0.6029101 0.7299655	1189698.6 0.16712299 0.60290986 0.72996724	0.9999999999970550
80239639_4200	1155.0	9	10	1189603.4 0.6029598 0.7300265 0.16701365	1189595.4 0.60296214 0.7300306 0.16700721	0.9999999999992035
80239639_5500	1362.0	14	13	577389.3 0.7137905 0.34352037 0.44268918	577389.3 0.7137905 0.34352037 0.44268918	1.0000000000000000
80239639_5500	1362.0	15	14	763714.7 0.25971085 0.3346852 0.9056039	763715.3 0.25971064 0.3346849 0.9056045	0.9999999999999741
80239639_4800	1329.0	34	36	507268.0 0.41945085 0.45630318 0.62424594	507267.34 0.41945142 0.4562998 0.62424874	0.9999999997727664
80239639_20000	1643.0	54	44	1749993.4 0.57142216 0.5921811 0.3363967	1749990.6 0.57142305 0.59218144 0.3363955	0.9999999999970477
80239639_4800	1329.0	52	57	2813662.8 0.774515 0.2094089 0.5160761	2813666.8 0.77451354 0.20941001 0.5160764	0.9999999999992297
80239639_4200	1155.0	57	58	1745630.6 0.3375342 0.8318295 0.33063638	1745630.6 0.3375342 0.8318295 0.33063638	1.0000000000000000
80239639_4200	1155.0	58	59	2903001.2 0.5001951 0.19881803 0.8009869	2903019.2 0.500192 0.1988168 0.80099124	0.9999999999601641
80239639_4200	1155.0	59	60	2067551.4 0.27915582 1.1246473 0.09619688	2067564.6 0.27915403 1.1246531 0.09619288	0.9999999999998969
80239639_7050	1497.0	72	70	2883440.0 0.425849 0.80345076 0.27070028	2883442.0 0.4258487 0.8034505 0.27070078	0.9999999999992631
80239639_7050	1497.0	73	71	2197344.8 1.0543189 0.35522327 0.09045781	2197354.8 1.0543145 0.35522258 0.09046286	0.9999999999936509
