ID	BITRATE	START_IDX	CAPTURE_START_IDX	KEY	CAPTURE_KEY	CORRELATION
80239639_5500	1362.0	36	42	1849020.8 1.7075049 0.65354055	1849018.4 1.7075065 0.65356785	0.9999999994250501
80239639_20000	1643.0	44	43	1952695.2 1.0076083 1.2494239	1952698.0 1.007632 1.2494051	0.9999999993854120
80239639_20000	1643.0	45	44	1931069.8 1.7812557 1.3868427	1931062.2 1.7812445 1.3868476	0.9999999998692193
80239639_20000	1643.0	46	45	2346566.5 1.5829097 0.75376725	2346552.5 1.5829183 0.7537713	0.9999999998655951
80239639_20000	1643.0	47	46	2447029.5 0.9633954 1.2769899	2447023.0 0.9633967 1.2769798	0.9999999998539059
80239639_20000	1643.0	48	47	2124999.5 1.633439 1.5889082	2124991.5 1.6334292 1.5889151	0.9999999998640979
80239639_20000	1643.0	49	48	1710896.8 2.089641 1.1039567	1710881.8 2.0896575 1.1039641	0.9999999997897595
80239639_20000	1643.0	50	49	2042669.4 1.917935 0.7565023	2042654.0 1.9179332 0.7564913	0.9999999997740741
80239639_20000	1643.0	51	50	2235651.5 0.91673815 1.0624098	2235631.0 0.9167318 1.0624173	0.9999999997719026
80239639_20000	1643.0	52	51	2283899.5 1.901067 1.4785178	2283891.2 1.9010713 1.4785091	0.9999999999277952
80239639_20000	1643.0	53	52	2365878.0 1.5112922 0.78213376	2365867.5 1.5112833 0.7821364	0.9999999999377225
80239639_20000	1643.0	54	53	2522426.0 1.4976209 1.2692987	2522410.5 1.4976306 1.2693037	0.9999999999341074
