ID	BITRATE	START_IDX	CAPTURE_START_IDX	KEY	CAPTURE_KEY	CORRELATION
80232502_7050	1873.0	10	9	640598.0 0.841406 0.3101961 0.3483979	640595.3 0.84140795 0.31019115 0.34840092	0.9999999999148955
80232502_4800	1104.0	17	16	585027.3 0.3452198 0.60108304 0.5536972	585026.0 0.34521714 0.6010827 0.55370015	0.9999999998891546
80232502_4800	1104.0	18	17	738298.7 0.47629774 0.43874925 0.58495295	738298.7 0.4762964 0.43875062 0.58495295	0.9999999998506190
80232502_4800	1104.0	28	26	435406.0 0.37372246 0.66854846 0.4577291	435408.0 0.37372074 0.66854995 0.4577293	0.9999999999933596
80232502_4800	1104.0	29	27	1145024.0 0.25422174 0.17405574 1.0717225	1145028.0 0.2542226 0.17405601 1.0717214	0.9999999999997162
80217312_4800	1527.0	21	34	776444.0 0.6576765 0.25291458 0.5894089	776442.7 0.6644238 0.2557832 0.579793	0.9992285139006587
80232502_4800	1104.0	42	40	1296199.4 1.0092012 0.27084106 0.21995768	1296220.6 1.0091863 0.27083662 0.21997721	0.9999999996774094
80232502_6500	1632.0	50	45	2286459.2 0.6096982 0.49712497 0.3931769	2286458.0 0.60969806 0.49712482 0.39317712	0.9999999999992655
80232502_6500	1632.0	56	52	932819.3 0.3450572 0.6270464 0.52789646	932817.3 0.3450558 0.62704885 0.52789545	0.9999999999655950
80232502_6500	1632.0	57	53	961910.0 0.6080829 0.5119315 0.37998566	961910.0 0.6080839 0.5119294 0.3799867	0.9999999998773852
80232502_6500	1632.0	58	54	704421.3 0.6990589 0.51888263 0.28205848	704420.7 0.6990567 0.51888454 0.28205872	0.9999999999651831
80232502_4800	1104.0	55	55	713940.0 0.5119646 0.2782951 0.70974034	713942.0 0.51196456 0.27829713 0.7097383	0.9999999999999516
80232502_5500	1383.0	56	56	774649.3 0.25648767 0.65411794 0.58939445	774649.3 0.25648767 0.65411794 0.58939445	1.0000000000000000
80232502_5500	1383.0	57	57	789166.0 0.64208543 0.57855254 0.27936202	789165.3 0.642086 0.5785531 0.27936098	0.9999999999998082
80232502_4800	1104.0	68	68	875976.7 0.89225775 0.22751747 0.38022473	875976.7 0.8922555 0.22751862 0.38022587	0.9999999999992245
80232502_5500	1383.0	70	70	493085.34 0.67548144 0.5100294 0.31448916	493083.34 0.67548215 0.5100294 0.3144884	1.0000000000000000
80232502_5500	1383.0	71	71	433852.66 0.57966226 0.35742548 0.5629123	433850.0 0.57966346 0.3574254 0.56291115	0.9999999999533917
80232502_5500	1383.0	72	72	486500.66 0.3187457 0.5019952 0.6792591	486498.0 0.3187454 0.50199383 0.67926073	0.9999999999783320
80232502_5500	1383.0	73	73	918528.7 0.26588282 0.359771 0.87434614	918526.0 0.26588142 0.35977098 0.87434757	0.9999999999988644
80232502_5500	1383.0	74	74	1356842.6 0.24355072 0.59189767 0.6645517	1356840.6 0.24355035 0.5918978 0.6645519	1.0000000000000000
80232502_4200	1011.0	70	78	1740400.6 0.13431448 1.0222996 0.34338588	1740396.6 0.13431248 1.0223026 0.34338495	0.9999999999999926
80232502_4800	1104.0	79	79	1716979.4 1.0362449 0.34807 0.11568514	1716978.0 1.0362463 0.34806854 0.11568523	0.9999999999975876
80232502_4800	1104.0	80	80	1354414.6 0.44124523 0.14665303 0.9121018	1354414.0 0.44124323 0.14665309 0.9121037	0.9999999999914893
80232502_4800	1104.0	81	81	1088851.4 0.18242067 1.134557 0.18302223	1088853.4 0.18242034 1.1345568 0.18302281	0.9999999999996515
80232502_4800	1104.0	86	87	3905645.2 0.5239091 0.8462988 0.12979212	3905622.0 0.52391195 0.84629565 0.12979239	0.9999999999740969
80232502_3500	821.0	86	91	3636757.2 0.5638705 0.35785452 0.5782751	3636759.2 0.5638699 0.3578546 0.57827556	0.9999999999900893
80232502_4800	1104.0	91	92	2402198.8 0.54176617 0.8754671 0.082766674	2402201.2 0.541766 0.8754674 0.082766585	0.9999999999999017
