ID	BITRATE	START_IDX	CAPTURE_START_IDX	KEY	CAPTURE_KEY	CORRELATION
896970_4800	1341.0	69	0	397517.0 0.49991825 0.5000818	397530.0 0.4996302 0.5003698	1.0000000000000000
80232502_7050	1873.0	2	2	884875.0 0.60142165 0.39857832	884876.0 0.60141987 0.39858013	1.0000000000000000
328438_7050	1081.0	16	6	595823.0 0.32891142 0.6710886	595831.0 0.33329248 0.6667075	1.0000000000000000
70112732_20000	988.0	23	7	595891.0 0.66997486 0.33002514	595891.0 0.6666404 0.33335963	1.0000000000000000
70039177_5500	759.0	85	8	725033.0 0.27050218 0.72949785	725038.0 0.2739801 0.72601986	1.0000000000000000
80239639_4800	1329.0	17	11	889995.0 0.7771403 0.22285968	890003.0 0.77673334 0.22326666	1.0000000000000000
1151721_15000	966.0	57	12	572100.0 0.34274602 0.657254	572122.0 0.34731752 0.6526825	1.0000000000000000
70264803_4800	1300.0	6	14	485462.0 0.5898114 0.41018865	485472.0 0.5974495 0.40255052	1.0000000000000000
80232502_6500	1632.0	14	16	790142.0 0.252223 0.747777	790143.0 0.2522227 0.7477773	1.0000000000000000
80232502_7050	1873.0	15	17	1025193.0 0.5763305 0.4236695	1025194.0 0.5763309 0.42366907	1.0000000000000000
80232502_7050	1873.0	16	18	788831.0 0.550616 0.44938397	788831.0 0.550616 0.44938397	1.0000000000000000
80232502_7050	1873.0	17	19	771376.0 0.4595528 0.5404472	771375.0 0.4595534 0.5404466	1.0000000000000000
80232502_6500	1632.0	18	20	913076.0 0.45657426 0.54342574	913072.0 0.45657626 0.5434237	1.0000000000000000
80232502_6500	1632.0	19	21	666218.0 0.7447847 0.25521526	666215.0 0.7447821 0.2552179	1.0000000000000000
80232502_6500	1632.0	22	24	1434090.0 0.3601636 0.63983643	1434090.0 0.36016428 0.6398357	1.0000000000000000
80232502_7050	1873.0	23	25	1116245.0 0.82202655 0.17797348	1116244.0 0.8220264 0.17797363	1.0000000000000000
80232502_15000	2092.0	23	26	2810373.0 0.07068813 0.9293119	2810374.0 0.070688814 0.9293112	1.0000000000000000
80232502_20000	2071.0	30	27	3241273.0 0.80576736 0.19423264	3241274.0 0.8057671 0.19423288	1.0000000000000000
80232502_20000	2071.0	31	28	1057760.0 0.5951832 0.40481678	1057760.0 0.59518415 0.40481582	1.0000000000000000
80232502_20000	2071.0	32	29	1837518.0 0.23303118 0.7669688	1837517.0 0.23303077 0.7669692	1.0000000000000000
80198592_15000	1964.0	93	31	1305720.0 0.51504916 0.48495084	1305745.0 0.5144327 0.48556724	1.0000000000000000
80232502_20000	2071.0	34	32	921261.0 0.6882154 0.3117846	921262.0 0.68821573 0.31178427	1.0000000000000000
80232502_15000	2092.0	30	33	486535.0 0.59037066 0.40962932	486534.0 0.5903698 0.40963015	1.0000000000000000
80232502_15000	2092.0	31	34	655128.0 0.30421382 0.6957862	655127.0 0.3042143 0.6957857	1.0000000000000000
80232502_20000	2071.0	37	35	3030632.0 0.15040691 0.8495931	3030630.0 0.15040702 0.849593	1.0000000000000000
80232502_20000	2071.0	38	36	3038509.0 0.8473906 0.1526094	3038506.0 0.8473908 0.15260921	1.0000000000000000
80232502_15000	2092.0	34	37	984794.0 0.470866 0.52913404	984792.0 0.47086492 0.5291351	1.0000000000000000
80232502_15000	2092.0	35	38	961423.0 0.5419966 0.4580034	961422.0 0.5419972 0.45800284	1.0000000000000000
80232502_15000	2092.0	38	42	1381136.0 0.85620534 0.14379467	1381136.0 0.85620606 0.14379396	1.0000000000000000
70308278_4200	989.0	68	43	515303.0 0.38222754 0.61777246	515295.0 0.38540837 0.61459166	1.0000000000000000
80232502_20000	2071.0	45	44	1174697.0 0.26959804 0.730402	1174695.0 0.26959848 0.7304015	1.0000000000000000
80232502_20000	2071.0	46	45	1477681.0 0.5806402 0.4193598	1477678.0 0.58064 0.41935998	1.0000000000000000
80232502_7050	1873.0	44	48	1350646.0 0.5862957 0.41370425	1350645.0 0.5862962 0.41370383	1.0000000000000000
80232502_10000	2010.0	47	49	1175933.0 0.4751691 0.52483094	1175933.0 0.4751691 0.52483094	1.0000000000000000
80232502_10000	2010.0	48	50	1199110.0 0.5146867 0.48531327	1199110.0 0.5146867 0.48531327	1.0000000000000000
80232502_20000	2071.0	55	53	2120581.0 0.8104878 0.18951221	2120577.0 0.81048834 0.18951163	1.0000000000000000
70305893_4800	1213.0	21	54	600949.0 0.6739041 0.32609588	600951.0 0.6687301 0.33126995	1.0000000000000000
80232502_7050	1873.0	49	55	931102.0 0.21380687 0.78619313	931102.0 0.21380794 0.78619206	1.0000000000000000
80232502_15000	2092.0	52	56	1530925.0 0.47815862 0.52184135	1530924.0 0.47815895 0.52184105	1.0000000000000000
80232502_15000	2092.0	53	57	1856880.0 0.43023783 0.5697622	1856879.0 0.4302375 0.56976247	1.0000000000000000
80018689_7050	1373.0	75	58	1963177.0 0.52904755 0.47095245	1963187.0 0.53890944 0.46109056	1.0000000000000000
80232502_7050	1873.0	55	61	941476.0 0.7889601 0.2110399	941477.0 0.7889614 0.21103862	1.0000000000000000
80232502_7050	1873.0	56	62	1234754.0 0.16091384 0.8390862	1234751.0 0.16091341 0.8390866	1.0000000000000000
80232502_7050	1873.0	57	63	1861857.0 0.5564686 0.44353136	1861855.0 0.5564681 0.44353184	1.0000000000000000
80232502_7050	1873.0	58	64	1888056.0 0.43737686 0.56262314	1888058.0 0.43737638 0.5626236	1.0000000000000000
80232502_7050	1873.0	59	65	1576968.0 0.67361164 0.32638836	1576971.0 0.67361164 0.32638836	1.0000000000000000
80232502_7050	1873.0	60	66	1374427.0 0.37448624 0.62551373	1374429.0 0.37448642 0.62551355	1.0000000000000000
80232502_6500	1632.0	65	67	1943333.0 0.4423982 0.5576018	1943329.0 0.44239756 0.55760247	1.0000000000000000
80232502_15000	2092.0	64	69	1086801.0 0.18289916 0.8171008	1086800.0 0.18289842 0.8171016	1.0000000000000000
80232502_7050	1873.0	64	70	1186917.0 0.74817866 0.2518213	1186918.0 0.74817806 0.25182194	1.0000000000000000
80232502_7050	1873.0	65	71	1158060.0 0.2580963 0.7419037	1158059.0 0.25809738 0.7419026	1.0000000000000000
80232502_6500	1632.0	70	75	2931399.0 0.45313996 0.54686004	2931399.0 0.4531403 0.5468597	1.0000000000000000
80232502_7050	1873.0	69	76	2372962.0 0.67555445 0.32444558	2372962.0 0.67555404 0.324446	1.0000000000000000
80232502_6500	1632.0	74	77	1255288.0 0.6133238 0.3866762	1255287.0 0.6133243 0.38667572	1.0000000000000000
80232502_7050	1873.0	72	78	746701.0 0.6500447 0.34995535	746702.0 0.6500438 0.3499562	1.0000000000000000
80232502_7050	1873.0	73	79	1097565.0 0.23808339 0.7619166	1097566.0 0.2380841 0.7619159	1.0000000000000000
80232502_6500	1632.0	77	80	1694108.0 0.49362436 0.5063756	1694104.0 0.49362555 0.5063745	0.9999999999999999
80232502_6500	1632.0	78	81	2189597.0 0.3917867 0.6082133	2189590.0 0.39178613 0.60821384	1.0000000000000000
80232502_10000	2010.0	78	82	3382219.0 0.39374712 0.60625285	3382219.0 0.39374712 0.60625285	1.0000000000000000
80232502_7050	1873.0	77	83	2647342.0 0.77454215 0.22545783	2647345.0 0.77454203 0.22545795	1.0000000000000000
80232502_15000	2092.0	79	84	1009604.0 0.5911833 0.40881673	1009605.0 0.59118664 0.40881336	1.0000000000000000
80232502_15000	2092.0	80	85	4151635.0 0.09941698 0.900583	4151660.0 0.09941565 0.90058434	1.0000000000000000
80993095_10000	1429.0	27	87	1268883.0 0.8429934 0.15700659	1268888.0 0.84346217 0.15653785	1.0000000000000000
81075239_6500	1610.0	29	88	397886.0 0.49947724 0.5005228	397911.0 0.49917945 0.5008205	1.0000000000000000
80232502_15000	2092.0	84	89	2150201.0 0.092682034 0.907318	2150199.0 0.09268072 0.90731925	1.0000000000000000
80232502_15000	2092.0	87	91	2326396.0 0.77005935 0.22994065	2326401.0 0.77005816 0.22994187	1.0000000000000000
80232502_7050	1873.0	89	96	7330191.0 0.09655083 0.9034492	7330166.0 0.09655129 0.9034487	1.0000000000000000
80232502_15000	2092.0	93	97	9185834.0 0.7209391 0.2790609	9185832.0 0.72093946 0.2790605	1.0000000000000000
