ID	BITRATE	START_IDX	CAPTURE_START_IDX	KEY	CAPTURE_KEY	CORRELATION
80239639_2000	696.0	0	0	608084.7 0.933763 0.23949295 0.32674396	608102.7 0.93373704 0.23948915 0.32677376	0.9999999986999423
80239639_5500	1362.0	4	6	347375.34 0.573161 0.32334188 0.6034971	347377.34 0.5731606 0.32334292 0.6034965	1.0000000000000000
80239639_5500	1362.0	5	7	291967.34 0.384704 0.7180255 0.39727047	291967.34 0.38470742 0.7180289 0.39726362	0.9999999996163251
80239639_7050	1497.0	8	11	1638453.4 0.12135164 0.7594668 0.6191815	1638449.4 0.121351324 0.7594675 0.61918116	0.9999999999992563
80239639_10000	1557.0	7	12	1780656.0 0.69881546 0.56973326 0.23145121	1780653.4 0.69881594 0.569733 0.231451	0.9999999999991542
80239639_10000	1557.0	8	13	1083541.4 0.9362808 0.38035926 0.18335986	1083534.6 0.9362848 0.38036072 0.18335454	0.9999999999809469
80239639_4800	1329.0	13	14	577610.7 0.71351695 0.34396696 0.44251606	577606.7 0.7135201 0.34395552 0.4425243	0.9999999989391297
80239639_10000	1557.0	10	15	541648.7 0.36680233 0.47190365 0.6612939	541643.3 0.36679304 0.4719065 0.66130054	0.9999999996955847
80239639_10000	1557.0	11	16	532000.0 0.4804624 0.6732876 0.34625	531998.7 0.48046172 0.67328924 0.34624898	0.9999999999963690
80239639_10000	1557.0	12	17	555148.0 0.64521354 0.3318124 0.5229741	555147.3 0.6452143 0.33181104 0.5229747	0.9999999999967549
80239639_7050	1497.0	38	40	747711.3 0.42114383 0.45200866 0.62684757	747716.0 0.42114386 0.45200852 0.6268476	0.9999999999995312
80239639_6500	1522.0	40	41	1821630.6 0.18553157 0.25729915 1.0571693	1821632.6 0.18553357 0.25729886 1.0571676	0.9999999999977588
80239639_6500	1522.0	51	53	2728404.0 0.7208119 0.07283819 0.70634997	2728398.0 0.72081345 0.07283578 0.70635074	0.9999999999995738
80239639_4800	1329.0	52	62	2813662.8 0.774515 0.2094089 0.5160761	2813665.2 0.77451396 0.20940942 0.5160767	0.9999999999981874
80239639_4800	1329.0	56	66	2836982.8 0.8196264 0.20344432 0.47692922	2836982.8 0.81962603 0.20344432 0.47692958	0.9999999999995489
80239639_4800	1329.0	60	70	2931774.0 0.81077087 0.30986255 0.37936655	2931776.0 0.81077033 0.3098627 0.37936696	0.9999999999997091
80239639_7050	1497.0	72	74	2883440.0 0.425849 0.80345076 0.27070028	2883442.8 0.42584857 0.80345035 0.27070105	0.9999999999985252
80239639_7050	1497.0	77	79	1190074.6 0.523847 0.6817312 0.29442188	1190074.6 0.5238478 0.6817312 0.29442105	0.9999999999939214
