ID	BITRATE	START_IDX	CAPTURE_START_IDX	KEY	CAPTURE_KEY	CORRELATION
14607635_4200	945.0	66	2	731602.0 0.27202222 0.72797775	731585.0 0.27256027 0.72743976	1.0000000000000000
328438_5500	1088.0	67	3	730825.0 0.7346177 0.26538226	730843.0 0.72817826 0.2718217	1.0000000000000000
70216224_2000	569.0	19	5	397491.0 0.50680393 0.49319607	397470.0 0.5002214 0.4997786	1.0000000000000000
80232502_3500	821.0	6	6	624349.0 0.3181682 0.6818318	624350.0 0.3181661 0.6818339	1.0000000000000000
80232502_4800	1104.0	8	8	689527.0 0.21830182 0.78169817	689526.0 0.21830069 0.7816993	1.0000000000000000
70021636_4200	1146.0	66	9	737707.0 0.7344325 0.26556748	737709.0 0.7306431 0.26935688	1.0000000000000000
80232502_7050	1873.0	11	10	421894.0 0.47099745 0.52900255	421891.0 0.4709913 0.5290087	1.0000000000000000
80232502_4800	1104.0	17	16	553613.0 0.36480898 0.635191	553610.0 0.36480737 0.63519263	1.0000000000000000
80232502_4800	1104.0	18	17	675578.0 0.52051723 0.47948274	675578.0 0.52051574 0.47948423	1.0000000000000000
80232502_5500	1383.0	21	18	755798.0 0.42858937 0.5714106	755799.0 0.42859146 0.5714085	1.0000000000000000
80232502_4800	1104.0	25	24	1091057.0 0.8031991 0.1968009	1091055.0 0.80319875 0.19680126	1.0000000000000000
80232502_6500	1632.0	30	25	377441.0 0.5688863 0.43111375	377442.0 0.56888473 0.43111524	1.0000000000000000
80232502_4800	1104.0	28	26	453811.0 0.35856557 0.64143443	453813.0 0.358564 0.641436	1.0000000000000000
80232502_4800	1104.0	29	27	490388.0 0.5935912 0.40640882	490391.0 0.59359163 0.40640837	1.0000000000000000
80232502_4800	1104.0	30	28	1426446.0 0.13971648 0.86028355	1426450.0 0.13971677 0.8602832	1.0000000000000000
80232502_4800	1104.0	34	32	465426.0 0.6707167 0.32928327	465451.0 0.6706764 0.3293236	1.0000000000000000
80232502_5500	1383.0	37	35	648771.0 0.3061111 0.6938889	648777.0 0.30611596 0.693884	1.0000000000000000
80232502_4800	1104.0	37	36	608182.0 0.7401995 0.25980052	608179.0 0.74020314 0.25979686	1.0000000000000000
80232502_4800	1104.0	42	40	1659190.0 0.7884124 0.21158758	1659192.0 0.7884127 0.21158732	1.0000000000000000
80232502_6500	1632.0	50	45	2530706.0 0.5508542 0.44914582	2530704.0 0.5508542 0.44914576	1.0000000000000000
80232502_6500	1632.0	51	46	2035639.0 0.558378 0.44162202	2035638.0 0.55837774 0.44162223	1.0000000000000000
80038359_1200	368.0	37	48	508281.0 0.60862595 0.39137405	508305.0 0.6083493 0.39165068	1.0000000000000000
80232502_6500	1632.0	53	49	647749.0 0.30733663 0.6926634	647750.0 0.3073377 0.6926623	1.0000000000000000
80232502_6500	1632.0	56	52	906797.0 0.35495928 0.64504075	906796.0 0.35495746 0.64504254	1.0000000000000000
80232502_6500	1632.0	57	53	1077353.0 0.54292417 0.4570758	1077352.0 0.5429256 0.45707437	1.0000000000000000
80232502_6500	1632.0	58	54	857944.0 0.5739675 0.42603245	857943.0 0.57396585 0.42603412	1.0000000000000000
80232502_6500	1632.0	59	55	564200.0 0.6478412 0.3521588	564201.0 0.6478418 0.3521582	1.0000000000000000
80232502_5500	1383.0	56	56	705400.0 0.28166714 0.7183329	705400.0 0.28166714 0.7183329	1.0000000000000000
80232502_5500	1383.0	57	57	963286.0 0.52602446 0.47397554	963286.0 0.52602446 0.47397554	1.0000000000000000
80232502_5500	1383.0	58	58	677037.0 0.6743708 0.32562917	677036.0 0.67437184 0.3256282	1.0000000000000000
80168188_2000	812.0	40	60	1099253.0 0.8216443 0.17835566	1099249.0 0.81901824 0.18098174	1.0000000000000000
80232502_4800	1104.0	61	61	1029093.0 0.1933178 0.80668217	1029096.0 0.19331919 0.8066808	1.0000000000000000
80009431_600	379.0	2	63	391429.0 0.5016951 0.49830493	391436.0 0.5078097 0.4921903	1.0000000000000000
80232502_4200	1011.0	58	65	1125877.0 0.3930314 0.60696864	1125876.0 0.39303175 0.6069683	1.0000000000000000
80232502_3500	821.0	63	66	906924.0 0.75350636 0.24649364	906918.0 0.75350916 0.24649087	1.0000000000000000
80232502_4800	1104.0	68	68	980897.0 0.7968186 0.20318137	980896.0 0.7968174 0.2031826	1.0000000000000000
80232502_4800	1104.0	69	69	532368.0 0.3743651 0.6256349	532370.0 0.37436557 0.62563443	1.0000000000000000
80232502_5500	1383.0	70	70	584558.0 0.56978095 0.43021908	584556.0 0.5697812 0.43021885	1.0000000000000000
80232502_5500	1383.0	71	71	406558.0 0.61857843 0.3814216	406556.0 0.618579 0.381421	1.0000000000000000
80232502_5500	1383.0	72	72	399291.0 0.38836336 0.61163664	399288.0 0.38836378 0.6116362	1.0000000000000000
80232502_5500	1383.0	73	73	574681.0 0.42496794 0.57503206	574678.0 0.42496666 0.5750333	1.0000000000000000
80232502_5500	1383.0	74	74	1133572.0 0.29152095 0.70847905	1133570.0 0.2915206 0.7084794	1.0000000000000000
80232502_5500	1383.0	75	75	1704804.0 0.47108757 0.5289124	1704802.0 0.47108755 0.5289124	1.0000000000000000
80232502_4200	1011.0	70	78	2012972.0 0.1161273 0.8838727	2012969.0 0.11612549 0.88387454	1.0000000000000000
80232502_4800	1104.0	79	79	2376840.0 0.74856156 0.25143847	2376838.0 0.7485626 0.25143743	1.0000000000000000
80232502_4800	1104.0	80	80	796258.0 0.75054693 0.24945307	796255.0 0.750546 0.249454	1.0000000000000000
80232502_4800	1104.0	81	81	1433993.0 0.13851462 0.86148536	1433995.0 0.13851443 0.86148554	1.0000000000000000
80232502_4800	1104.0	82	82	1434648.0 0.86109203 0.13890794	1434651.0 0.8610917 0.13890834	1.0000000000000000
80232502_3500	821.0	86	91	3352090.0 0.61175567 0.38824436	3352090.0 0.6117554 0.38824466	1.0000000000000000
80232502_4800	1104.0	91	92	3404476.0 0.38227028 0.6177297	3404480.0 0.38227013 0.6177299	1.0000000000000000
80232502_4800	1104.0	92	93	2301868.0 0.9136258 0.08637419	2301871.0 0.9136259 0.08637408	0.9999999999999999
