ID	BITRATE	START_IDX	CAPTURE_START_IDX	KEY	CAPTURE_KEY	CORRELATION
81056132_7050	504.0	42	0	341127.0 0.5836213 0.41637865	341119.0 0.5836761 0.41632393	1.0000000000000000
70102778_5500	884.0	13	1	341224.0 0.41793075 0.5820693	341239.0 0.4161775 0.5838225	1.0000000000000000
80052541_3500	937.0	90	4	353502.0 0.40358752 0.5964125	353494.0 0.40695176 0.5930483	1.0000000000000000
80239639_5500	1362.0	10	7	916111.0 0.21703483 0.7829652	916110.0 0.21703398 0.782966	1.0000000000000000
80239639_4800	1329.0	11	8	1585724.0 0.45233786 0.54766214	1585726.0 0.4523373 0.54766273	1.0000000000000000
14607635_2000	669.0	37	10	518673.0 0.6162399 0.3837601	518698.0 0.6169794 0.38302055	1.0000000000000000
70021636_4200	1146.0	21	11	407130.0 0.48302263 0.51697737	407124.0 0.48798892 0.5120111	1.0000000000000000
80239639_5500	1362.0	9	24	314790.0 0.3683789 0.63162106	314772.0 0.36685282 0.6331472	1.0000000000000000
80031611_600	407.0	30	26	208339.0 0.48766193 0.51233804	208358.0 0.4815222 0.5184778	1.0000000000000000
70130445_4800	728.0	5	29	373787.0 0.52500486 0.4749951	373791.0 0.53212893 0.46787107	1.0000000000000000
80239639_2000	696.0	31	30	1019667.0 0.17151187 0.8284881	1019670.0 0.17151235 0.82848763	1.0000000000000000
80239639_2000	696.0	33	33	982057.0 0.57970667 0.42029333	982056.0 0.57970524 0.42029476	0.9999999999999999
80239639_3500	979.0	43	39	1471756.0 0.8458121 0.15418792	1471756.0 0.8458121 0.15418792	1.0000000000000000
80239639_3500	979.0	44	40	938334.0 0.24184033 0.7581597	938337.0 0.24183956 0.7581605	1.0000000000000000
80239639_3500	979.0	45	41	910138.0 0.7816474 0.2183526	910136.0 0.7816524 0.2183476	1.0000000000000000
80239639_3500	979.0	46	42	1441971.0 0.13781899 0.862181	1441965.0 0.1378161 0.86218387	1.0000000000000000
80239639_3500	979.0	47	43	1544562.0 0.8049143 0.19508572	1544559.0 0.8049152 0.19508481	1.0000000000000000
70243464_2000	585.0	29	46	397953.0 0.507188 0.49281198	397949.0 0.50058675 0.49941325	1.0000000000000000
80993095_6500	1358.0	13	47	1087003.0 0.18284218 0.8171578	1087012.0 0.18283239 0.81716764	1.0000000000000000
70213513_800	424.0	31	51	272036.0 0.4941221 0.5058779	272014.0 0.4867507 0.51324934	1.0000000000000000
70019012_4800	1398.0	0	62	410401.0 0.5223574 0.4776426	410389.0 0.5274045 0.4725955	1.0000000000000000
70041162_1200	376.0	56	63	391512.0 0.49774975 0.50225025	391509.0 0.4953858 0.5046142	1.0000000000000000
80198592_20000	2086.0	85	65	484872.0 0.4093802 0.5906198	484852.0 0.40998077 0.5900192	1.0000000000000000
80239639_3500	979.0	70	67	720424.0 0.7018686 0.29813138	720426.0 0.7018667 0.2981333	1.0000000000000000
70102778_4800	838.0	64	70	886849.0 0.22509018 0.7749098	886848.0 0.2345712 0.7654288	1.0000000000000000
80206300_4800	987.0	5	73	503742.0 0.61083454 0.3891655	503758.0 0.61935294 0.38064706	1.0000000000000000
