ID	BITRATE	START_IDX	CAPTURE_START_IDX	KEY	CAPTURE_KEY	CORRELATION
80986885_1200	402.0	47	0	353629.0 0.5390536 0.46094635	353625.0 0.5390541 0.4609459	1.0000000000000000
80122759_1200	482.0	10	2	315812.0 0.63109064 0.36890936	315816.0 0.62841654 0.37158346	1.0000000000000000
70243464_20000	3948.0	1	4	323963.0 0.39335355 0.6066464	323972.0 0.3849067 0.6150933	1.0000000000000000
80171659_5500	1576.0	16	6	443364.0 0.44226867 0.55773133	443362.0 0.44032416 0.5596758	1.0000000000000000
80081155_1200	381.0	58	10	645170.0 0.30339447 0.69660556	645190.0 0.3079868 0.6920132	1.0000000000000000
80986885_6500	2057.0	10	11	910943.0 0.49013054 0.50986946	910943.0 0.49012947 0.5098705	1.0000000000000000
80986885_6500	2057.0	11	12	663048.0 0.7004953 0.2995047	663051.0 0.70049363 0.29950637	1.0000000000000000
80991158_10000	1572.0	15	13	586031.0 0.33911175 0.66088825	586018.0 0.33887696 0.66112304	1.0000000000000000
80986885_6500	2057.0	15	17	1800746.0 0.4237838 0.57621616	1800745.0 0.42378405 0.576216	1.0000000000000000
80986885_6500	2057.0	16	18	1688872.0 0.61438584 0.3856142	1688873.0 0.61438483 0.38561514	1.0000000000000000
80986885_6500	2057.0	21	22	2173232.0 0.52759576 0.47240424	2173236.0 0.5275948 0.4724052	1.0000000000000000
80986885_7050	2123.0	24	26	2216374.0 0.67430496 0.32569504	2216374.0 0.67430544 0.3256946	1.0000000000000000
80986885_6500	2057.0	29	30	329000.0 0.6055046 0.39449543	329000.0 0.6055046 0.39449543	1.0000000000000000
80986885_6500	2057.0	30	31	874711.0 0.1483793 0.85162073	874709.0 0.14837964 0.8516204	1.0000000000000000
80986885_6500	2057.0	31	32	2216779.0 0.336038 0.663962	2216776.0 0.33603755 0.6639624	1.0000000000000000
80986885_6500	2057.0	32	33	2983178.0 0.49338558 0.50661445	2983177.0 0.4933854 0.50661457	1.0000000000000000
80986885_5500	1568.0	38	35	2671914.0 0.29005837 0.7099416	2671916.0 0.29005888 0.7099411	1.0000000000000000
80986885_5500	1568.0	39	36	3393204.0 0.55903006 0.44096994	3393204.0 0.55903006 0.44096994	1.0000000000000000
80986885_5500	1568.0	45	43	1083853.0 0.8162924 0.18370757	1083854.0 0.8162926 0.1837074	1.0000000000000000
80986885_4800	1452.0	46	45	2359202.0 0.5920578 0.40794218	2359203.0 0.592058 0.407942	1.0000000000000000
80986885_5500	1568.0	48	46	2601316.0 0.36997274 0.63002723	2601320.0 0.36997294 0.63002706	1.0000000000000000
80986885_4800	1452.0	48	47	2345535.0 0.69873226 0.3012677	2345533.0 0.69873327 0.3012667	1.0000000000000000
80986885_4800	1452.0	49	48	2124463.0 0.3326177 0.6673823	2124460.0 0.33261675 0.66738325	1.0000000000000000
80102952_7050	1936.0	66	56	2680250.0 0.5326339 0.4673661	2680235.0 0.54026043 0.45973954	1.0000000000000000
80986885_6500	2057.0	60	59	2979411.0 0.49726406 0.502736	2979411.0 0.49726373 0.5027363	1.0000000000000000
80986885_7050	2123.0	68	62	4528285.0 0.5157363 0.4842637	4528287.0 0.5157361 0.48426393	1.0000000000000000
80986885_6500	2057.0	66	63	2392010.0 0.91675454 0.08324547	2392010.0 0.91675454 0.08324547	1.0000000000000000
80986885_6500	2057.0	67	64	1603102.0 0.124211684 0.87578833	1603102.0 0.124211684 0.87578833	1.0000000000000000
80986885_7050	2123.0	70	65	2901131.0 0.4839416 0.5160584	2901134.0 0.4839411 0.5160589	1.0000000000000000
80986885_6500	2057.0	69	66	2236446.0 0.6694344 0.33056554	2236447.0 0.669435 0.33056495	1.0000000000000000
80986885_6500	2057.0	70	67	1700232.0 0.4348183 0.5651817	1700230.0 0.43481824 0.5651818	1.0000000000000000
80986885_6500	2057.0	71	68	1159537.0 0.8287273 0.17127267	1159537.0 0.8287265 0.17127353	1.0000000000000000
80986885_6500	2057.0	72	69	1372926.0 0.14465237 0.85534763	1372927.0 0.14465299 0.855347	1.0000000000000000
80986885_7050	2123.0	74	70	2181176.0 0.5383926 0.4616074	2181177.0 0.53839236 0.46160766	1.0000000000000000
80986885_7050	2123.0	77	73	2123799.0 0.61989105 0.38010895	2123799.0 0.619892 0.380108	1.0000000000000000
80986885_7050	2123.0	78	74	1819164.0 0.44376153 0.5562385	1819163.0 0.44376066 0.5562393	1.0000000000000000
80986885_7050	2123.0	79	75	2092798.0 0.4835101 0.51648986	2092801.0 0.4835099 0.5164901	1.0000000000000000
