ID	BITRATE	START_IDX	CAPTURE_START_IDX	KEY	CAPTURE_KEY	CORRELATION
70167075_5500	1101.0	7	2	412646.0 0.4765271 0.5234729	412661.0 0.4826504 0.5173496	1.0000000000000000
80986885_1200	402.0	47	4	353629.0 0.5390536 0.46094635	353626.0 0.53905255 0.46094745	1.0000000000000000
80986885_10000	2285.0	2	5	287702.0 0.56656885 0.43343112	287700.0 0.56657284 0.43342718	1.0000000000000000
80986885_4200	1096.0	8	7	284636.0 0.48477706 0.51522297	284635.0 0.48477876 0.51522124	1.0000000000000000
81074663_3500	1160.0	43	8	345254.0 0.42233545 0.57766455	345238.0 0.42477942 0.5752206	1.0000000000000000
80986885_4200	1096.0	10	9	431949.0 0.45974872 0.54025126	431949.0 0.45974872 0.54025126	1.0000000000000000
80986885_4200	1096.0	11	10	500580.0 0.46618122 0.5338188	500583.0 0.46617845 0.5338216	1.0000000000000000
80986885_4200	1096.0	12	11	465959.0 0.5734818 0.4265182	465961.0 0.5734858 0.42651424	1.0000000000000000
80075563_4800	1258.0	72	12	565151.0 0.35285082 0.64714915	565136.0 0.3516658 0.6483342	1.0000000000000000
80986885_4800	1452.0	16	14	1020280.0 0.36168993 0.6383101	1020279.0 0.3616893 0.6383107	1.0000000000000000
80986885_6500	2057.0	17	15	1172083.0 0.5556373 0.44436273	1172085.0 0.555638 0.44436198	0.9999999999999999
80986885_4800	1452.0	18	16	1014651.0 0.5133075 0.48669246	1014653.0 0.51330847 0.4866915	1.0000000000000000
80986885_4200	1096.0	19	17	1127570.0 0.43795064 0.5620494	1127575.0 0.43795136 0.5620487	1.0000000000000000
80986885_4800	1452.0	21	18	1206560.0 0.5252561 0.4747439	1206557.0 0.5252566 0.47474343	1.0000000000000000
80986885_5500	1568.0	25	19	1777993.0 0.32216492 0.67783505	1777992.0 0.322164 0.677836	1.0000000000000000
80986885_5500	1568.0	28	22	1636991.0 0.685914 0.31408602	1636992.0 0.68591297 0.31408706	1.0000000000000000
80986885_5500	1568.0	29	23	1247375.0 0.4121904 0.5878096	1247379.0 0.41219068 0.5878093	1.0000000000000000
80986885_4800	1452.0	27	24	1409593.0 0.520165 0.47983497	1409594.0 0.52016467 0.47983533	1.0000000000000000
80986885_4800	1452.0	28	25	1365492.0 0.4953321 0.50466794	1365492.0 0.4953328 0.50466716	1.0000000000000000
80986885_4800	1452.0	29	26	888332.0 0.775746 0.224254	888331.0 0.77574575 0.22425425	1.0000000000000000
80986885_4800	1452.0	30	27	302049.0 0.65953535 0.34046462	302050.0 0.6595332 0.3404668	1.0000000000000000
80986885_4800	1452.0	31	28	700062.0 0.14689699 0.853103	700063.0 0.14689821 0.8531018	0.9999999999999999
80986885_4800	1452.0	32	29	1750550.0 0.3411642 0.65883577	1750549.0 0.3411644 0.6588356	1.0000000000000000
80986885_4800	1452.0	33	30	2210530.0 0.5217414 0.4782586	2210527.0 0.5217416 0.47825834	1.0000000000000000
80986885_5500	1568.0	48	43	2601316.0 0.36997274 0.63002723	2601317.0 0.36997336 0.63002664	1.0000000000000000
80986885_4800	1452.0	48	44	2345535.0 0.69873226 0.3012677	2345533.0 0.698732 0.30126798	1.0000000000000000
80986885_4800	1452.0	49	45	2124463.0 0.3326177 0.6673823	2124463.0 0.3326177 0.6673823	1.0000000000000000
80986885_5500	1568.0	61	57	2639792.0 0.466783 0.533217	2639791.0 0.46678317 0.53321683	1.0000000000000000
80986885_5500	1568.0	62	58	2879815.0 0.48877513 0.51122487	2879813.0 0.48877513 0.51122487	1.0000000000000000
80986885_5500	1568.0	63	59	2608102.0 0.5644844 0.43551555	2608102.0 0.56448406 0.43551594	1.0000000000000000
80986885_5500	1568.0	64	60	2224249.0 0.5106753 0.48932472	2224250.0 0.5106755 0.48932448	1.0000000000000000
80986885_5500	1568.0	65	61	2060686.0 0.5281639 0.4718361	2060686.0 0.5281639 0.4718361	1.0000000000000000
80986885_5500	1568.0	66	62	2612338.0 0.37219763 0.6278024	2612341.0 0.3721972 0.6278028	1.0000000000000000
80986885_5500	1568.0	67	63	3077407.0 0.53292656 0.4670734	3077409.0 0.5329272 0.46707278	1.0000000000000000
70213513_4200	686.0	44	65	704834.0 0.2814209 0.7185791	704833.0 0.28251374 0.71748626	1.0000000000000000
80986885_4800	1452.0	69	72	1106563.0 0.43664843 0.5633516	1106563.0 0.43664932 0.5633507	1.0000000000000000
80986885_4800	1452.0	70	73	821982.0 0.7583913 0.2416087	821980.0 0.7583919 0.24160807	1.0000000000000000
80986885_4800	1452.0	71	74	903233.0 0.2198746 0.7801254	903231.0 0.21987398 0.78012604	1.0000000000000000
80986885_4800	1452.0	72	75	1250398.0 0.5635286 0.43647143	1250398.0 0.56352776 0.43647224	1.0000000000000000
80986885_4800	1452.0	73	76	1294215.0 0.42169422 0.5783058	1294217.0 0.42169434 0.57830566	1.0000000000000000
80986885_4800	1452.0	74	77	1197105.0 0.62521833 0.37478167	1197106.0 0.62521863 0.37478134	1.0000000000000000
