ID	BITRATE	START_IDX	CAPTURE_START_IDX	KEY	CAPTURE_KEY	CORRELATION
81074663_7050	2426.0	14	2	370101.0 0.5379829 0.46201712	370126.0 0.538033 0.461967	1.0000000000000000
80986885_7050	2123.0	3	7	317245.0 0.6265473 0.3734527	317230.0 0.62650126 0.37349874	1.0000000000000000
80144140_7050	572.0	15	9	420360.0 0.52702445 0.47297555	420335.0 0.53170687 0.46829316	1.0000000000000000
70102778_7050	876.0	1	10	381103.0 0.52093005 0.47906995	381082.0 0.51652926 0.48347074	0.9999999999999999
80174429_3500	1124.0	14	13	537523.0 0.6351747 0.3648253	537533.0 0.6291874 0.3708126	1.0000000000000000
70123542_15000	1121.0	48	14	931685.0 0.21067421 0.7893258	931682.0 0.21393995 0.78606004	1.0000000000000000
80986885_15000	2407.0	11	15	1483647.0 0.49362013 0.5063799	1483646.0 0.49362046 0.50637954	1.0000000000000000
80986885_15000	2407.0	12	16	949877.0 0.79093295 0.20906706	949876.0 0.7909327 0.20906729	1.0000000000000000
80986885_15000	2407.0	13	17	931793.0 0.21312459 0.7868754	931794.0 0.21312436 0.78687567	1.0000000000000000
81074663_5500	1746.0	56	18	1203647.0 0.61297375 0.38702625	1203642.0 0.6091562 0.39084378	1.0000000000000000
80986885_10000	2285.0	16	19	998120.0 0.47131807 0.52868193	998126.0 0.47131926 0.52868074	1.0000000000000000
80986885_10000	2285.0	17	20	726427.0 0.72641575 0.27358428	726432.0 0.7264135 0.2735865	1.0000000000000000
80986885_10000	2285.0	18	21	961868.0 0.20661774 0.7933822	961871.0 0.20662022 0.7933798	1.0000000000000000
80986885_10000	2285.0	19	22	1275036.0 0.5985156 0.40148434	1275038.0 0.59851474 0.4014853	1.0000000000000000
80986885_10000	2285.0	20	23	1163161.0 0.44009987 0.5599001	1163162.0 0.4401012 0.5598988	1.0000000000000000
80986885_6500	2057.0	17	24	1172083.0 0.5556373 0.44436273	1172082.0 0.5556377 0.44436225	1.0000000000000000
80986885_20000	2363.0	26	27	4490153.0 0.4599714 0.5400286	4490148.0 0.45997125 0.54002875	1.0000000000000000
80986885_20000	2363.0	27	28	2623510.0 0.92426217 0.07573785	2623507.0 0.92426246 0.07573755	1.0000000000000000
80986885_20000	2363.0	30	31	2409747.0 0.43679398 0.563206	2409746.0 0.43679458 0.5632054	1.0000000000000000
80986885_20000	2363.0	31	32	2576179.0 0.52682054 0.47317946	2576176.0 0.52682036 0.47317964	1.0000000000000000
80986885_20000	2363.0	32	33	2460297.0 0.4954666 0.5045334	2460297.0 0.4954662 0.5045338	1.0000000000000000
80986885_20000	2363.0	33	34	1415174.0 0.87713736 0.12286263	1415175.0 0.8771375 0.12286254	1.0000000000000000
80986885_7050	2123.0	28	35	1129571.0 0.15392835 0.84607166	1129569.0 0.15392774 0.84607226	1.0000000000000000
80986885_7050	2123.0	29	36	2882543.0 0.33154684 0.66845316	2882542.0 0.3315466 0.6684534	1.0000000000000000
80986885_20000	2363.0	37	37	4267645.0 0.45150006 0.54849994	4267652.0 0.45150003 0.54849994	1.0000000000000000
80986885_7050	2123.0	34	41	4914172.0 0.5099504 0.4900496	4914177.0 0.5099442 0.4900558	1.0000000000000000
80986885_15000	2407.0	36	42	2606964.0 0.9237646 0.07623542	2606964.0 0.9237646 0.07623542	1.0000000000000000
80986885_6500	2057.0	40	47	2921221.0 0.5958402 0.40415975	2921222.0 0.59584004 0.40415996	1.0000000000000000
80986885_6500	2057.0	41	48	1379750.0 0.85569125 0.14430875	1379753.0 0.8556901 0.1443099	1.0000000000000000
80986885_6500	2057.0	42	49	2019503.0 0.09859356 0.9014064	2019504.0 0.09859451 0.9014055	1.0000000000000000
80986885_6500	2057.0	43	50	3169160.0 0.57440865 0.42559132	3169158.0 0.5744087 0.4255913	1.0000000000000000
80986885_6500	2057.0	44	51	3695164.0 0.3650087 0.6349913	3695164.0 0.3650084 0.6349916	1.0000000000000000
80986885_7050	2123.0	46	52	3394566.0 0.6912215 0.3087785	3394567.0 0.6912216 0.3087784	1.0000000000000000
80986885_7050	2123.0	47	53	1247007.0 0.8405478 0.15945219	1247006.0 0.84054846 0.15945151	1.0000000000000000
80986885_6500	2057.0	47	54	2222264.0 0.08947452 0.9105255	2222265.0 0.089474924 0.9105251	1.0000000000000000
80986885_7050	2123.0	50	55	4132286.0 0.4896631 0.5103369	4132286.0 0.4896631 0.5103369	0.9999999999999999
80986885_7050	2123.0	51	56	3766311.0 0.5599267 0.4400733	3766310.0 0.5599268 0.44007316	1.0000000000000000
80986885_7050	2123.0	52	57	1856073.0 0.8929891 0.10701088	1856074.0 0.8929881 0.1070119	1.0000000000000000
80986885_7050	2123.0	53	58	2118753.0 0.09374382 0.9062562	2118755.0 0.09374467 0.9062553	1.0000000000000000
80986885_7050	2123.0	55	60	4866686.0 0.49489284 0.50510716	4866688.0 0.4948986 0.50510144	1.0000000000000000
80986885_15000	2407.0	54	61	4004177.0 0.6139017 0.38609833	4004176.0 0.61390185 0.38609818	1.0000000000000000
80986885_6500	2057.0	60	68	2979411.0 0.49726406 0.502736	2979414.0 0.49726388 0.5027361	1.0000000000000000
80986885_6500	2057.0	72	75	1372926.0 0.14465237 0.85534763	1372927.0 0.14465372 0.85534626	1.0000000000000000
80986885_7050	2123.0	74	76	2181176.0 0.5383926 0.4616074	2181176.0 0.5383921 0.46160787	1.0000000000000000
80986885_7050	2123.0	77	79	2123799.0 0.61989105 0.38010895	2123801.0 0.6198914 0.3801086	1.0000000000000000
