ID	BITRATE	START_IDX	CAPTURE_START_IDX	KEY	CAPTURE_KEY	CORRELATION
80986885_6500	2057.0	10	12	786956.8 0.56735134 0.5902001 0.25234675 0.49231163 0.5977901	786957.2 0.56735104 0.5901998 0.25234792 0.49231267 0.5977886	0.9999999999873641
80986885_10000	2285.0	19	19	1339041.2 0.569907 0.38229367 0.48635843 0.38895515 0.67248565	1339044.4 0.5699049 0.382295 0.48635805 0.3889565 0.67248553	0.9999999999623291
80986885_15000	2407.0	30	33	2605176.0 0.36684316 0.7396218 0.89853275 0.4186988 0.07630348	2605177.5 0.36684486 0.739621 0.89853185 0.4186989 0.07630344	0.9999999999964519
80986885_15000	2407.0	31	34	3225293.5 0.59741694 0.7257746 0.3381968 0.06163284 0.7769789	3225280.8 0.597419 0.72577715 0.33819845 0.061633084 0.77697235	0.9999999999286510
80986885_15000	2407.0	36	39	3367250.0 0.7151893 0.05902235 0.6182235 0.38917544 0.7183895	3367236.0 0.7151827 0.059022 0.61822546 0.38917705 0.7183928	0.9999999999057322
80986885_15000	2407.0	37	40	3100194.0 0.064106636 0.6714783 0.4226997 0.7802728 0.5614426	3100192.8 0.06410602 0.6714779 0.42269984 0.78027344 0.56144285	0.9999999999991424
80986885_15000	2407.0	38	41	3492952.8 0.59597516 0.37516996 0.6925364 0.4983122 0.3380063	3492952.8 0.59597456 0.37516996 0.6925367 0.4983122 0.3380066	0.9999999999973468
80986885_7050	2123.0	50	51	3163396.8 0.63963777 0.66664356 0.52394724 0.06278694 0.60698456	3163408.5 0.6396439 0.66664106 0.5239453 0.06278734 0.6069823	0.9999999998940005
80986885_7050	2123.0	51	52	3317420.8 0.63569206 0.49962097 0.059871815 0.578803 0.72601223	3317433.2 0.6356897 0.4996191 0.05987219 0.5788008 0.72601825	0.9999999999100687
80986885_7050	2123.0	52	53	3457156.8 0.47942662 0.057451837 0.5554081 0.69666725 0.71104616	3457169.2 0.4794249 0.057452206 0.55540615 0.69667315 0.7110436	0.9999999999155154
80986885_7050	2123.0	53	54	3412578.0 0.058202334 0.5626635 0.70576787 0.7203346 0.4530317	3412590.5 0.058202706 0.5626614 0.70577383 0.72033197 0.45303005	0.9999999999170788
80986885_7050	2123.0	54	55	4123465.2 0.46566004 0.5840932 0.5961486 0.37492883 0.4791693	4123476.5 0.46565878 0.58409864 0.59614694 0.37492782 0.47916776	0.9999999995576643
80986885_10000	2285.0	68	69	3051415.5 0.76534975 0.71864486 0.46010646 0.0652566 0.49064246	3051417.2 0.76534927 0.71864444 0.46010685 0.06525689 0.49064252	0.9999999999996676
