ID	BITRATE	START_IDX	CAPTURE_START_IDX	KEY	CAPTURE_KEY	CORRELATION
60027695_4200	1027.0	23	1	506414.0 0.3927577 0.6072423	506402.0 0.392611 0.607389	1.0000000000000000
70297757_3500	663.0	5	6	500268.0 0.39171803 0.60828197	500261.0 0.39738655 0.60261345	1.0000000000000000
80986885_20000	2363.0	16	15	2388527.0 0.48401085 0.5159891	2388521.0 0.48401082 0.5159892	1.0000000000000000
80986885_20000	2363.0	17	16	1431195.0 0.8611363 0.13886368	1431193.0 0.8611354 0.13886458	1.0000000000000000
80986885_10000	2285.0	26	26	4696586.0 0.51629204 0.48370796	4696583.0 0.51629215 0.48370785	1.0000000000000000
80986885_20000	2363.0	29	27	3324339.0 0.6833767 0.31662324	3324337.0 0.68337655 0.31662345	1.0000000000000000
80986885_20000	2363.0	30	28	2409747.0 0.43679398 0.563206	2409748.0 0.4367938 0.5632062	1.0000000000000000
80986885_20000	2363.0	31	29	2576179.0 0.52682054 0.47317946	2576179.0 0.5268209 0.47317907	1.0000000000000000
80986885_20000	2363.0	32	30	2460297.0 0.4954666 0.5045334	2460297.0 0.4954662 0.5045338	1.0000000000000000
80986885_20000	2363.0	33	31	1415174.0 0.87713736 0.12286263	1415176.0 0.8771368 0.122863166	1.0000000000000000
70052701_7050	1562.0	2	32	373107.0 0.47390962 0.5260904	373084.0 0.4660425 0.5339575	1.0000000000000000
80986885_20000	2363.0	35	33	1154908.0 0.17249079 0.8275092	1154908.0 0.17249079 0.8275092	1.0000000000000000
80986885_7050	2123.0	29	34	2882543.0 0.33154684 0.66845316	2882541.0 0.33154672 0.6684533	1.0000000000000000
80986885_20000	2363.0	37	35	4267645.0 0.45150006 0.54849994	4267649.0 0.45150012 0.5484999	1.0000000000000000
80986885_20000	2363.0	38	36	2539586.0 0.9217262 0.07827378	2539591.0 0.9217252 0.07827481	1.0000000000000000
80986885_7050	2123.0	32	37	1289570.0 0.1541475 0.8458525	1289572.0 0.15414882 0.8458512	1.0000000000000000
80986885_7050	2123.0	34	39	4914172.0 0.5099504 0.4900496	4914176.0 0.5099441 0.49005592	1.0000000000000000
80986885_6500	2057.0	40	44	2921221.0 0.5958402 0.40415975	2921217.0 0.59584033 0.40415964	1.0000000000000000
80986885_6500	2057.0	41	45	1379750.0 0.85569125 0.14430875	1379749.0 0.8556904 0.14430958	1.0000000000000000
80986885_6500	2057.0	42	46	2019503.0 0.09859356 0.9014064	2019502.0 0.09859411 0.9014059	1.0000000000000000
80986885_6500	2057.0	44	49	3695164.0 0.3650087 0.6349913	3695164.0 0.3650087 0.6349913	1.0000000000000000
80986885_7050	2123.0	46	50	3394566.0 0.6912215 0.3087785	3394565.0 0.6912217 0.3087783	1.0000000000000000
80986885_20000	2363.0	54	51	1246791.0 0.8406934 0.15930657	1246790.0 0.8406933 0.1593067	1.0000000000000000
80986885_10000	2285.0	53	54	2307481.0 0.91392213 0.08607785	2307473.0 0.91393703 0.086062975	1.0000000000000000
81056132_15000	498.0	33	55	398021.0 0.49865207 0.5013479	398005.0 0.49895856 0.5010415	1.0000000000000000
80986885_6500	2057.0	60	66	2979411.0 0.49726406 0.502736	2979411.0 0.49726406 0.502736	1.0000000000000000
80986885_20000	2363.0	72	70	3596887.0 0.39033115 0.60966885	3596892.0 0.39033115 0.60966885	1.0000000000000000
80986885_20000	2363.0	73	71	2391509.0 0.9169566 0.08304338	2391511.0 0.9169571 0.0830429	1.0000000000000000
80986885_20000	2363.0	74	72	1695753.0 0.11711552 0.8828845	1695753.0 0.11711493 0.88288504	0.9999999999999999
81074663_6500	1946.0	34	75	938136.0 0.7875095 0.21249051	938132.0 0.7880469 0.21195312	1.0000000000000000
80986885_7050	2123.0	74	77	2181176.0 0.5383926 0.4616074	2181176.0 0.5383921 0.46160787	1.0000000000000000
80986885_6500	2057.0	74	78	2323373.0 0.43335617 0.56664383	2323373.0 0.43335617 0.56664383	1.0000000000000000
80986885_20000	2363.0	80	79	1515798.0 0.86853725 0.13146277	1515794.0 0.8685382 0.1314618	1.0000000000000000
80023001_3500	1030.0	44	80	1211165.0 0.16417004 0.83583	1211159.0 0.16452754 0.83547246	1.0000000000000000
80986885_7050	2123.0	79	81	2092798.0 0.4835101 0.51648986	2092799.0 0.48351038 0.5164896	1.0000000000000000
