ID	BITRATE	START_IDX	CAPTURE_START_IDX	KEY	CAPTURE_KEY	CORRELATION
70301367_7050	464.0	10	3	589176.0 0.3325373 0.6674627	589155.0 0.33761403 0.66238594	1.0000000000000000
80093138_7050	2102.0	12	4	588810.0 0.6624972 0.33750275	588801.0 0.6627842 0.3372158	1.0000000000000000
80993095_4800	1006.0	70	9	480787.0 0.513298 0.48670202	480784.0 0.513297 0.48670298	1.0000000000000000
80993095_6500	1358.0	76	14	1152974.0 0.3828872 0.6171128	1152976.0 0.38288742 0.6171126	1.0000000000000000
80993095_6500	1358.0	77	15	1512980.0 0.47027388 0.5297261	1512980.0 0.47027457 0.52972543	1.0000000000000000
80993095_5500	1194.0	76	16	1106980.0 0.72400856 0.27599144	1106979.0 0.7240101 0.2759899	1.0000000000000000
80993095_5500	1194.0	77	17	610586.0 0.50036687 0.49963313	610582.0 0.50036687 0.49963313	1.0000000000000000
80993095_15000	1411.0	17	27	4750585.0 0.20204923 0.7979508	4750585.0 0.20204923 0.7979508	1.0000000000000000
80993095_20000	1498.0	21	33	1116151.0 0.59747916 0.4025208	1116149.0 0.59747934 0.40252063	1.0000000000000000
80993095_15000	1411.0	27	37	994609.0 0.79969513 0.20030484	994606.0 0.79969555 0.20030445	1.0000000000000000
80986885_7050	2123.0	3	38	317245.0 0.6265473 0.3734527	317242.0 0.62798744 0.37201253	1.0000000000000000
80993095_6500	1358.0	27	40	1184950.0 0.4022271 0.5977729	1184950.0 0.40222877 0.5977712	1.0000000000000000
80993095_7050	1366.0	24	41	1071675.0 0.6609569 0.33904308	1071675.0 0.6609551 0.33904496	0.9999999999999999
80993095_20000	1498.0	38	49	1909526.0 0.7165307 0.2834693	1909526.0 0.7165302 0.28346983	1.0000000000000000
80183328_1200	490.0	1	51	551262.0 0.35651106 0.64348894	551273.0 0.3602335 0.6397665	1.0000000000000000
80993095_15000	1411.0	44	54	3876292.0 0.4017231 0.5982769	3876292.0 0.4017231 0.5982769	1.0000000000000000
80993095_10000	1429.0	39	57	3320929.0 0.2940123 0.7059877	3320905.0 0.29401505 0.70598495	1.0000000000000000
70021636_10000	1359.0	57	64	1224464.0 0.5598507 0.44014934	1224483.0 0.55388516 0.4461148	1.0000000000000000
80993095_7050	1366.0	50	68	1026423.0 0.6919613 0.30803868	1026430.0 0.6919595 0.3080405	1.0000000000000000
80993095_20000	1498.0	59	71	640161.0 0.50844866 0.49155134	640163.0 0.5084486 0.49155137	0.9999999999999999
80993095_15000	1411.0	62	72	514513.0 0.61159194 0.38840806	514514.0 0.6115927 0.38840732	1.0000000000000000
80993095_7050	1366.0	54	73	501570.0 0.3984309 0.60156906	501568.0 0.39843252 0.6015675	1.0000000000000000
80993095_7050	1366.0	55	74	483368.0 0.6242221 0.37577787	483368.0 0.624218 0.375782	1.0000000000000000
80993095_7050	1366.0	56	75	432369.0 0.42010182 0.5798982	432371.0 0.4201045 0.5798955	1.0000000000000000
80993095_6500	1358.0	61	76	531516.0 0.47172052 0.5282795	531519.0 0.4717235 0.5282765	1.0000000000000000
80993095_7050	1366.0	59	77	550248.0 0.5102917 0.48970827	550251.0 0.5102926 0.4897074	1.0000000000000000
80993095_4800	1006.0	63	78	468424.0 0.5752502 0.4247498	468424.0 0.57525235 0.42474768	1.0000000000000000
80993095_20000	1498.0	67	81	1075646.0 0.72485095 0.27514908	1075649.0 0.7248508 0.27514923	1.0000000000000000
80993095_7050	1366.0	64	83	1350932.0 0.4242545 0.57574546	1350936.0 0.42425475 0.5757453	1.0000000000000000
80993095_7050	1366.0	65	84	1607507.0 0.48385045 0.5161495	1607510.0 0.4838508 0.5161492	1.0000000000000000
80993095_20000	1498.0	72	85	1140201.0 0.7276901 0.27230987	1140201.0 0.7276919 0.27230814	1.0000000000000000
80993095_20000	1498.0	73	86	952469.0 0.32598227 0.6740177	952469.0 0.32598016 0.6740198	1.0000000000000000
80993095_20000	1498.0	74	87	1000833.0 0.64144665 0.35855332	1000836.0 0.64144677 0.35855326	1.0000000000000000
80993095_15000	1411.0	80	88	901427.0 0.39809325 0.6019068	901429.0 0.39809346 0.60190654	1.0000000000000000
80993095_6500	1358.0	76	91	1152974.0 0.3828872 0.6171128	1152976.0 0.38288742 0.6171126	1.0000000000000000
80993095_6500	1358.0	77	92	1512980.0 0.47027388 0.5297261	1512980.0 0.47027457 0.52972543	1.0000000000000000
70296965_15000	2473.0	16	93	999866.0 0.80405074 0.19594926	999883.0 0.8015578 0.19844222	1.0000000000000000
80993095_5500	1194.0	77	95	610586.0 0.50036687 0.49963313	610582.0 0.50036687 0.49963313	1.0000000000000000
80993095_10000	1429.0	76	96	517390.0 0.5896287 0.41037127	517389.0 0.5896279 0.41037208	1.0000000000000000
81076251_6500	1775.0	27	97	376882.0 0.5616612 0.4383388	376900.0 0.56333774 0.43666226	1.0000000000000000
80038359_4800	957.0	1	98	360674.0 0.44781992 0.5521801	360666.0 0.45631692 0.54368305	1.0000000000000000
81000864_4800	1666.0	10	99	324917.0 0.612301 0.387699	324931.0 0.6034758 0.3965242	1.0000000000000000
80993095_7050	1366.0	79	100	321647.0 0.4005727 0.59942734	321645.0 0.40057516 0.59942484	1.0000000000000000
80993095_6500	1358.0	85	101	471304.0 0.4090884 0.5909116	471301.0 0.40908465 0.5909154	1.0000000000000000
80993095_6500	1358.0	86	102	684103.0 0.40710098 0.592899	684103.0 0.40710098 0.592899	1.0000000000000000
80993095_7050	1366.0	82	103	602562.0 0.6731324 0.3268676	602561.0 0.6731335 0.32686648	1.0000000000000000
80993095_7050	1366.0	83	104	794437.0 0.24792148 0.75207853	794436.0 0.24792054 0.7520795	1.0000000000000000
80993095_7050	1366.0	84	105	1170269.0 0.5105484 0.48945156	1170272.0 0.5105471 0.48945287	1.0000000000000000
80993095_7050	1366.0	85	106	751250.0 0.76244926 0.23755075	751252.0 0.76245123 0.23754878	1.0000000000000000
80993095_15000	1411.0	99	109	751762.0 0.73549074 0.26450926	751761.0 0.7354904 0.2645096	1.0000000000000000
80993095_20000	1498.0	98	111	3100642.0 0.76741266 0.23258732	3100642.0 0.76741236 0.23258764	1.0000000000000000
80993095_6500	1358.0	96	112	1474166.0 0.48920473 0.51079524	1474168.0 0.48920545 0.5107946	0.9999999999999999
80993095_20000	1498.0	106	118	1176280.0 0.18170333 0.8182967	1176276.0 0.1817031 0.8182969	1.0000000000000000
80993095_5500	1194.0	104	121	3374917.0 0.42492807 0.57507193	3374919.0 0.42492843 0.5750716	1.0000000000000000
80993095_15000	1411.0	115	122	3352047.0 0.57899487 0.42100513	3352044.0 0.578996 0.42100403	1.0000000000000000
80993095_10000	1429.0	109	126	1800493.0 0.7157734 0.2842266	1800494.0 0.7157741 0.28422588	1.0000000000000000
80993095_15000	1411.0	120	127	710561.0 0.72020274 0.27979723	710558.0 0.7202044 0.2797956	1.0000000000000000
80993095_20000	1498.0	116	128	2321039.0 0.085656464 0.91434354	2321038.0 0.08565607 0.91434395	1.0000000000000000
