ID	BITRATE	START_IDX	CAPTURE_START_IDX	KEY	CAPTURE_KEY	CORRELATION
80993095_3500	682.0	16	20	418814.0 0.47392398 0.5854198 0.67140543 0.2935623 0.4756885	418812.0 0.47392386 0.5854202 0.67140865 0.2935613 0.47568598	0.9999999999460589
80993095_3500	682.0	17	21	464177.6 0.5282073 0.60578966 0.26487276 0.42919996 0.6719303	464175.6 0.5282074 0.6057923 0.26487175 0.4291975 0.6719311	0.9999999999614055
80993095_4800	1006.0	47	45	1681171.2 0.20258316 0.2872325 1.2320286 0.44195735 0.33619836	1681170.0 0.20258214 0.2872321 1.2320288 0.44195828 0.3361986	0.9999999999986856
80993095_4800	1006.0	48	46	1829039.2 0.2640113 1.1324257 0.40622747 0.30901852 0.388317	1829038.8 0.26401082 1.1324254 0.40622813 0.3090186 0.38831708	0.9999999999993211
80993095_7050	1366.0	62	61	1398040.4 0.5576985 0.382514 0.40995884 0.55634516 0.59348357	1398054.0 0.5576938 0.38250956 0.40997702 0.5563419 0.5934778	0.9999999960086304
80993095_7050	1366.0	63	62	1342958.8 0.39820284 0.42677334 0.57916373 0.6178254 0.4780348	1342973.2 0.3981978 0.42679182 0.57915974 0.6178187 0.47803187	0.9999999953394199
80993095_4200	882.0	70	65	871255.6 0.9523198 0.73684573 0.28325555 0.2685779 0.2590009	871257.6 0.95231766 0.7368475 0.28325605 0.26857728 0.25900146	0.9999999999908139
80993095_4800	1006.0	88	83	665286.4 0.17446171 0.8980764 0.860927 0.26828748 0.29824752	665285.6 0.1744589 0.8980789 0.8609295 0.26828778 0.29824483	0.9999999999942830
80993095_4800	1006.0	93	89	2300628.0 0.1931603 1.0342567 0.81425726 0.19650722 0.2618185	2300641.2 0.1931592 1.0342647 0.814253 0.19650652 0.26181656	0.9999999999503708
80993095_4800	1006.0	94	90	2243916.0 1.0603962 0.8348365 0.20147367 0.26843563 0.13485798	2243929.5 1.0604041 0.83483195 0.20147291 0.26843357 0.13485762	0.9999999999513831
80993095_4800	1006.0	95	91	1371588.0 1.3657913 0.32961065 0.4391603 0.22062747 0.14481024	1371588.4 1.3657917 0.32961127 0.43915945 0.22062814 0.14480948	0.9999999999988959
80993095_4800	1006.0	103	99	1568642.8 0.076667555 0.9142292 0.98403794 0.3984164 0.12664898	1568644.4 0.07666747 0.91422826 0.98403883 0.39841536 0.12665012	0.9999999999972585
80993095_4800	1006.0	104	100	2085028.4 0.6878079 0.7403276 0.29974318 0.09528264 0.67683876	2085030.8 0.68780714 0.7403282 0.29974234 0.095283486 0.67683893	0.9999999999964467
80993095_4800	1006.0	111	107	1091753.2 0.27916747 1.0317954 0.18210343 0.82489794 0.18203564	1091752.8 0.27916944 1.0317941 0.18210442 0.82489645 0.18203573	0.9999999999978779
