ID	BITRATE	START_IDX	CAPTURE_START_IDX	KEY	CAPTURE_KEY	CORRELATION
80993095_6500	1358.0	13	15	1475282.8 0.13471994 0.60209 0.39603662 1.2324499 0.13470367	1475282.4 0.13472065 0.6020888 0.39603606 1.2324516 0.13470303	0.9999999999976205
80993095_6500	1358.0	34	36	2225205.2 0.44149187 0.6148794 0.08924525 0.69979835 0.654585	2225206.8 0.4414938 0.61487997 0.08924474 0.699797 0.6545846	0.9999999999875216
80993095_6500	1358.0	40	42	3524548.0 0.65798366 0.27702788 0.23042671 0.6652013 0.66936046	3524527.2 0.65798783 0.27702922 0.23042835 0.66519815 0.66935647	0.9999999999022608
80993095_6500	1358.0	41	43	2676432.8 0.3648132 0.30344495 0.8759921 0.8814692 0.07428059	2676411.5 0.3648157 0.30344772 0.87598974 0.88146573 0.07428118	0.9999999999898341
80993095_6500	1358.0	42	44	3078714.0 0.2637952 0.7615303 0.7662917 0.06457469 0.64380807	3078705.2 0.26379627 0.7615243 0.76628476 0.064574875 0.6438197	0.9999999997435624
80993095_6500	1358.0	43	45	2837286.8 0.8263296 0.8314961 0.07006941 0.6985903 0.0735146	2837277.2 0.82632357 0.8314891 0.07006964 0.6986032 0.07351449	0.9999999998006160
80993095_7050	1366.0	61	68	1184540.4 0.24985556 0.6582173 0.4514578 0.4838493 0.6566201	1184540.4 0.24985556 0.65821564 0.45145613 0.4838493 0.6566235	0.9999999999299577
80993095_7050	1366.0	62	69	1398040.4 0.5576985 0.382514 0.40995884 0.55634516 0.59348357	1398040.4 0.55769706 0.38251257 0.40995884 0.556348 0.59348357	0.9999999998568039
80993095_7050	1366.0	63	70	1342958.8 0.39820284 0.42677334 0.57916373 0.6178254 0.4780348	1342960.4 0.39820087 0.42677283 0.579166 0.6178246 0.4780357	0.9999999998889805
80993095_7050	1366.0	64	71	1253246.0 0.4573236 0.62062275 0.662052 0.5122546 0.24774705	1253248.4 0.45732275 0.6206248 0.6620507 0.5122552 0.24774659	0.9999999999689344
80993095_7050	1366.0	65	72	1167530.8 0.66618633 0.71065706 0.5498622 0.2659356 0.30735892	1167534.0 0.6661879 0.7106551 0.5498624 0.26593485 0.30735978	0.9999999999772131
80993095_7050	1366.0	66	73	1042220.4 0.7961023 0.6159743 0.29791012 0.34431395 0.4456994	1042220.8 0.7961019 0.615976 0.29791 0.3443157 0.44569632	0.9999999999543951
80993095_7050	1366.0	67	74	927365.6 0.6922631 0.33480647 0.3869574 0.50089955 0.5850735	927365.6 0.6922653 0.33480647 0.38695955 0.5008963 0.58507234	0.9999999998762259
80993095_6500	1358.0	72	75	847155.2 0.36650544 0.42359653 0.5483222 0.64046824 0.5211076	847156.4 0.36650613 0.42359713 0.5483214 0.64046735 0.52110803	0.9999999999935411
80993095_7050	1366.0	82	90	780516.4 0.5196611 0.2523432 0.76549196 0.7338603 0.2286435	780518.4 0.5196623 0.25234127 0.76549125 0.7338623 0.22864293	0.9999999999875134
80993095_15000	1411.0	95	91	839441.2 0.2346299 0.711758 0.68234915 0.21259381 0.6586691	839441.2 0.2346287 0.7117592 0.68235034 0.21259381 0.6586679	0.9999999999916352
