ID	BITRATE	START_IDX	CAPTURE_START_IDX	KEY	CAPTURE_KEY	CORRELATION
80096067_4200	981.0	5	1	456906.66 0.5698188 0.43599495 0.49418628	456904.0 0.5744423 0.43503448 0.49052316	0.9991139491351058
80991158_5500	1488.0	2	2	421846.66 0.47118545 0.5312831 0.4975315	421848.66 0.47118556 0.53128535 0.49752915	0.9999999978757161
80991158_6500	1457.0	9	8	706248.0 0.56846744 0.65038484 0.2811477	706246.7 0.5684671 0.65038466 0.28114823	0.9999999999996035
80991158_6500	1457.0	14	13	521755.34 0.6415842 0.47753417 0.38088158	521755.34 0.6415785 0.47753417 0.38088733	0.9999999999792594
80991158_4200	1213.0	13	14	547834.7 0.45480144 0.36275542 0.6824431	547833.3 0.45480257 0.3627563 0.6824412	0.9999999999935849
80991158_7050	1433.0	44	39	1410221.4 0.73247576 0.14092185 0.62660235	1410221.4 0.73247504 0.14092256 0.62660235	0.9999999999996948
80991158_7050	1433.0	45	40	1314761.4 0.15115367 0.6720976 0.67674863	1314762.0 0.15115435 0.6720973 0.67674834	1.0000000000000000
80991158_7050	1433.0	46	41	1732048.0 0.5101752 0.51370573 0.476119	1732048.6 0.51017505 0.51370555 0.47611943	0.9999999999990673
80991158_7050	1433.0	47	42	2050080.0 0.43401378 0.40225795 0.66372824	2050100.0 0.43400955 0.40225452 0.6637359	0.9999999999683312
80991158_7050	1433.0	48	43	1589550.0 0.51880157 0.85602593 0.12517254	1589570.0 0.51879567 0.8560334 0.12517096	0.9999999998948534
80991158_7050	1433.0	49	44	1462168.0 0.93060166 0.13607739 0.43332094	1462188.6 0.9306084 0.13607547 0.4333162	0.9999999999629032
80991158_7050	1433.0	50	45	1271462.0 0.15648757 0.49831453 0.8451979	1271464.0 0.15648733 0.49831533 0.8451973	0.9999999999980342
80991158_6500	1457.0	42	46	1747240.0 0.36262333 0.61504775 0.5223289	1747241.4 0.36262307 0.6150484 0.5223285	0.9999999999947612
80991158_6500	1457.0	43	47	1925390.0 0.5581394 0.47399956 0.46786106	1925391.4 0.55814004 0.4739992 0.46786073	0.9999999999997384
80991158_6500	1457.0	47	51	2049712.6 0.4061145 0.4106449 0.68324065	2049713.4 0.40611434 0.41064474 0.6832409	0.9999999999999997
80991158_7050	1433.0	57	52	2445965.2 0.34411815 0.5725531 0.5833288	2445988.8 0.34411606 0.5725488 0.58333504	0.9999999992626876
80991158_6500	1457.0	51	54	1899810.6 0.75102276 0.4723971 0.27658018	1899829.4 0.7510311 0.47239083 0.276578	0.9999999997949400
80991158_7050	1433.0	61	55	1361635.4 0.65910745 0.38589847 0.45499405	1361631.4 0.6591079 0.38589814 0.45499393	1.0000000000000000
80991158_6500	1457.0	53	56	1254759.4 0.41876554 0.49374884 0.58748555	1254759.4 0.41876635 0.49374726 0.5874863	0.9999999998672218
80991158_5500	1488.0	61	66	1260954.0 0.50227845 0.4616013 0.5361203	1260955.4 0.5022779 0.4616016 0.5361205	0.9999999999249165
80991158_4200	1213.0	62	68	1742284.0 0.3880108 0.4604106 0.6515786	1742285.4 0.3880099 0.46041024 0.6515798	0.9999999999999729
80991158_7050	1433.0	75	69	2040332.0 0.39315465 0.55639815 0.55044717	2040334.0 0.39315426 0.5563981 0.55044764	0.9999999999960997
80991158_4200	1213.0	64	70	2136845.2 0.5312668 0.5255865 0.44314674	2136848.8 0.53126734 0.52558565 0.44314694	0.9999999998967858
80991158_4200	1213.0	65	71	1512439.4 0.74257326 0.6260985 0.13132824	1512441.4 0.74257225 0.626099 0.13132873	0.9999999999979916
80991158_4200	1213.0	66	72	1399616.0 0.67656845 0.14191464 0.68151695	1399618.0 0.67656887 0.14191516 0.68151593	0.9999999999973462
80991158_4200	1213.0	67	73	1308047.4 0.15184924 0.7292259 0.61892486	1308049.4 0.15184978 0.72922474 0.6189254	0.9999999999969902
80991158_4800	1336.0	72	77	2107142.0 0.35958043 0.6141271 0.5262925	2107163.2 0.35957727 0.6141356 0.5262872	0.9999999990724452
