ID	BITRATE	START_IDX	CAPTURE_START_IDX	KEY	CAPTURE_KEY	CORRELATION
80993095_15000	1411.0	20	18	2725958.0 0.07291052 0.7308337 0.6962558	2725941.2 0.07290069 0.7308386 0.6962608	0.9999999999991773
80993095_20000	1498.0	19	19	3038044.8 0.6557586 0.62473273 0.21950862	3038043.2 0.6557586 0.62473303 0.2195084	0.9999999999997552
80993095_20000	1498.0	20	20	2009411.4 0.9445383 0.33187678 0.22358488	2009410.0 0.94453895 0.33187652 0.22358453	0.9999999999999948
80993095_20000	1498.0	24	23	1549546.0 0.51330066 0.2344848 0.7522145	1549546.0 0.5133 0.23448546 0.7522145	0.9999999999977962
80993095_20000	1498.0	25	24	1337038.6 0.27175355 0.8717706 0.35647586	1337039.4 0.27175415 0.87177014 0.35647565	0.9999999999994433
80993095_6500	1358.0	26	25	1567027.4 0.743823 0.30415487 0.4520221	1567028.0 0.7438227 0.30415666 0.45202065	0.9999999999791457
80993095_6500	1358.0	27	26	1218561.4 0.39113253 0.58128464 0.52758276	1218560.6 0.39113525 0.58128333 0.52758145	0.9999999999780930
80993095_20000	1498.0	28	27	1253400.0 0.56512684 0.5129201 0.42195308	1253396.0 0.56512785 0.51291853 0.42195365	0.9999999998224653
80993095_7050	1366.0	38	41	3786749.2 0.2578457 0.6191419 0.6230125	3786731.2 0.25784692 0.61913794 0.62301517	0.9999999998747062
80993095_7050	1366.0	39	42	4457218.0 0.5260086 0.529297 0.44469443	4457201.5 0.52600473 0.5292987 0.44469652	0.9999999982045915
80993095_10000	1429.0	49	51	1214475.4 0.44979092 0.4653919 0.5848171	1214475.4 0.44978845 0.4653919 0.5848196	0.9999999999079493
80993095_15000	1411.0	65	59	489398.0 0.6165309 0.51232123 0.3711478	489396.66 0.6165265 0.51232266 0.37115088	0.9999999999228892
80993095_7050	1366.0	61	64	1073612.6 0.27567112 0.7262256 0.49810332	1073611.4 0.27567145 0.72622555 0.49810296	0.9999999999992696
80993095_5500	1194.0	76	76	941366.0 0.851383 0.32454646 0.32407054	941365.3 0.8513836 0.32454562 0.32407078	0.9999999999984754
80993095_15000	1411.0	86	77	548603.3 0.55608124 0.55689967 0.3870192	548603.3 0.5568978 0.556083 0.3870192	0.9999651718259794
80993095_4200	882.0	82	78	454625.34 0.67103386 0.46696034 0.36200577	454642.66 0.6710083 0.46700412 0.3619876	0.9999999728547372
80993095_7050	1366.0	84	87	899152.7 0.6644911 0.63703305 0.19847575	899154.7 0.6644897 0.637035 0.1984753	0.9999999999784547
80993095_10000	1429.0	89	91	2435702.8 0.22700348 0.2960829 0.9769136	2435703.2 0.22700426 0.29608285 0.9769129	0.9999999999996023
80993095_10000	1429.0	94	96	642056.7 0.47131354 0.4858356 0.5428508	642057.3 0.4713146 0.4858336 0.54285187	0.9999999989880444
80993095_6500	1358.0	100	97	704672.0 0.44266412 0.4946145 0.5627214	704674.0 0.44266284 0.49461454 0.5627226	0.9999999999983334
80993095_15000	1411.0	108	98	624651.3 0.5579753 0.63480854 0.3072162	624653.3 0.5579767 0.63480973 0.3072136	0.9999999999934139
80993095_5500	1194.0	100	99	534778.7 0.7414918 0.35884377 0.3996644	534780.7 0.74149275 0.35884243 0.39966476	0.9999999999932295
80993095_20000	1498.0	105	100	912121.3 0.21039088 0.23432629 1.0552828	912139.3 0.21038672 0.23432057 1.0552927	0.9999999999978532
80993095_5500	1194.0	103	103	2513602.8 0.15733871 0.57053447 0.7721268	2513600.8 0.15733804 0.5705345 0.7721274	0.9999999999999694
80993095_15000	1411.0	114	104	3190763.2 0.44945297 0.60826135 0.44228572	3190763.2 0.44945234 0.608262 0.44228572	0.9999999999936674
80993095_20000	1498.0	116	110	2385366.0 0.08334654 0.8896861 0.52696735	2385382.8 0.08334553 0.8896916 0.5269628	0.9999999999485450
80993095_10000	1429.0	112	111	3017352.8 0.70334965 0.41659364 0.38005665	3017351.2 0.7033503 0.4165932 0.3800565	0.9999999999992681
