ID	BITRATE	START_IDX	CAPTURE_START_IDX	KEY	CAPTURE_KEY	CORRELATION
80991158_7050	1433.0	15	11	706248.0 0.56846744 0.2811463 0.6503863	706249.3 0.56846637 0.28114718 0.65038645	0.9999999999919442
80991158_7050	1433.0	16	12	653164.7 0.3039953 0.7032438 0.49276087	653164.7 0.30399683 0.7032453 0.4927578	0.9999999999119432
80991158_6500	1457.0	12	14	662909.3 0.48551738 0.50951165 0.504971	662906.0 0.4855168 0.50951266 0.50497055	0.9999999986406559
80991158_7050	1433.0	20	15	614445.3 0.54969907 0.54480195 0.40549907	614442.0 0.5497004 0.5448 0.40549964	0.9999999997957426
80991158_6500	1457.0	14	16	521755.34 0.6415842 0.47753417 0.38088158	521755.34 0.6415804 0.47753417 0.38088542	0.9999999999907822
80991158_6500	1457.0	15	17	597486.7 0.4170068 0.33260491 0.75038826	597487.3 0.41700634 0.3326079 0.7503858	0.9999999999833790
80991158_20000	1531.0	20	20	1178378.6 0.7453903 0.1686003 0.58600944	1178379.4 0.745389 0.1686019 0.5860091	0.9999999999999629
80991158_20000	1531.0	21	21	993882.0 0.19989797 0.69479173 0.60531026	993882.0 0.19989999 0.69479173 0.6053083	0.9999999999880875
80991158_20000	1531.0	22	22	1409758.0 0.48982945 0.42674488 0.58342564	1409756.6 0.48982993 0.42674387 0.58342624	0.9999999999809799
80991158_6500	1457.0	20	23	1719700.6 0.34983242 0.47827512 0.6718925	1719698.0 0.34983176 0.47827527 0.671893	0.9999999999992356
80991158_6500	1457.0	21	24	1451206.6 0.56676286 0.79620224 0.13703494	1451204.6 0.5667629 0.79620266 0.13703443	1.0000000000000000
80991158_6500	1457.0	22	25	1821988.0 0.63417214 0.10914781 0.7566801	1821986.6 0.6341721 0.10914734 0.7566806	0.9999999999997529
80991158_7050	1433.0	30	26	2106124.0 0.09442084 0.6545968 0.75098234	2106127.2 0.09442212 0.6545958 0.75098217	0.9999999999988188
80991158_7050	1433.0	31	27	2971983.2 0.4638862 0.53219074 0.5039231	2971986.0 0.46388575 0.5321909 0.5039233	0.9999999999891334
80991158_7050	1433.0	32	28	2891971.2 0.5469148 0.5178651 0.4352201	2891972.0 0.5469154 0.51786566 0.43521893	0.9999999999906809
80991158_5500	1488.0	26	30	2545259.2 0.49450484 0.61194354 0.39355165	2545258.0 0.4945043 0.61194384 0.39355186	0.9999999999914022
80991158_7050	1433.0	36	31	2261588.0 0.6886997 0.44291446 0.36838585	2261588.8 0.6886995 0.44291475 0.36838573	0.9999999999989411
80991158_7050	1433.0	37	32	1830773.4 0.54714036 0.4550738 0.4977858	1830754.0 0.5471467 0.45507863 0.4977747	0.9999999782985409
80991158_7050	1433.0	41	36	1724411.4 0.5015625 0.5379737 0.4604638	1724411.4 0.5015625 0.5379737 0.4604638	1.0000000000000000
80991158_7050	1433.0	42	37	1836446.6 0.5051538 0.43237248 0.5624737	1836446.6 0.5051538 0.43237248 0.5624737	1.0000000000000000
80991158_7050	1433.0	43	38	1350475.4 0.58796257 0.764881 0.14715633	1350475.4 0.58796257 0.764881 0.14715633	1.0000000000000000
80991158_7050	1433.0	44	39	1410221.4 0.73247576 0.14092185 0.62660235	1410221.4 0.73247576 0.14092185 0.62660235	1.0000000000000000
80991158_7050	1433.0	45	40	1314761.4 0.15115367 0.6720976 0.67674863	1314761.4 0.15115367 0.6720976 0.67674863	1.0000000000000000
80991158_7050	1433.0	46	41	1732048.0 0.5101752 0.51370573 0.476119	1732048.6 0.51017505 0.51370555 0.47611943	0.9999999999990673
80991158_7050	1433.0	47	42	2050080.0 0.43401378 0.40225795 0.66372824	2050080.6 0.43401366 0.40225834 0.66372806	0.9999999999987377
80991158_7050	1433.0	48	43	1589550.0 0.51880157 0.85602593 0.12517254	1589549.4 0.5188024 0.85602623 0.12517132	0.9999999999981810
80991158_7050	1433.0	49	44	1462168.0 0.93060166 0.13607739 0.43332094	1462168.0 0.93060166 0.13607602 0.4333223	0.9999999999949907
80991158_7050	1433.0	50	45	1271462.0 0.15648757 0.49831453 0.8451979	1271462.6 0.15648592 0.49831587 0.8451983	0.9999999999945184
80991158_6500	1457.0	42	46	1747240.0 0.36262333 0.61504775 0.5223289	1747240.6 0.3626232 0.61504865 0.5223282	0.9999999999832094
80991158_6500	1457.0	43	47	1925390.0 0.5581394 0.47399956 0.46786106	1925390.6 0.5581402 0.47399887 0.4678609	0.9999999999817429
80991158_6500	1457.0	48	52	1627406.6 0.5172057 0.8605391 0.12225525	1627406.6 0.5172051 0.8605385 0.12225648	0.9999999999991039
80991158_6500	1457.0	49	53	2017471.4 0.69415957 0.098618 0.7072224	2017472.6 0.6941586 0.09861893 0.70722246	0.9999999999989394
80991158_20000	1531.0	59	59	1184508.6 0.16740528 0.62232894 0.7102658	1184508.6 0.16740698 0.62232727 0.7102658	0.9999999999934421
80991158_10000	1572.0	57	60	1499406.0 0.49163067 0.5610989 0.44727045	1499404.6 0.4916298 0.56110007 0.44727018	0.9999999999298315
80991158_7050	1433.0	78	72	1399615.4 0.14191541 0.6815165 0.67656803	1399616.6 0.14191458 0.68151736 0.67656815	0.9999999999993667
80991158_7050	1433.0	79	73	1806920.6 0.5278931 0.5240601 0.4480468	1806922.0 0.52789384 0.52406025 0.4480459	0.9999999999855059
80991158_7050	1433.0	80	74	1676138.6 0.5649503 0.483006 0.45204374	1676140.0 0.5649504 0.483005 0.45204458	0.9999999998787400
80991158_7050	1433.0	81	75	1177391.4 0.6876091 0.64353114 0.16885974	1177392.6 0.6876075 0.64353216 0.1688604	0.9999999999905339
80991158_7050	1433.0	85	78	2363796.8 0.5474477 0.46914947 0.48340282	2363794.8 0.5474481 0.46914986 0.48340195	0.9999999998639857
80991158_10000	1572.0	75	79	2388861.2 0.46422663 0.47833085 0.5574426	2388861.2 0.46422705 0.47832957 0.55744344	0.9999999998284437
