ID	BITRATE	START_IDX	CAPTURE_START_IDX	KEY	CAPTURE_KEY	CORRELATION
80993095_4200	882.0	0	0	542537.0 0.80731267 0.19268732	542540.0 0.8073119 0.1926881	1.0000000000000000
80993095_7050	1366.0	1	1	333409.0 0.31355482 0.6864452	333408.0 0.31355277 0.68644726	1.0000000000000000
80993095_4200	882.0	2	2	512542.0 0.44653317 0.55346686	512544.0 0.44653141 0.5534686	1.0000000000000000
80993095_4200	882.0	3	3	513713.0 0.5522052 0.4477948	513718.0 0.5522037 0.44779626	1.0000000000000000
80093138_1200	360.0	13	4	428473.0 0.5394902 0.46050978	428483.0 0.5368731 0.4631269	1.0000000000000000
80191608_7050	1808.0	1	6	308421.0 0.6443952 0.35560483	308403.0 0.6436416 0.3563584	1.0000000000000000
80991158_2000	562.0	5	8	500288.0 0.6028547 0.39714524	500276.0 0.60283524 0.39716476	1.0000000000000000
80091879_7050	1337.0	27	11	968599.0 0.20279393 0.79720604	968604.0 0.20538528 0.79461473	1.0000000000000000
80993095_4800	1006.0	9	12	1083806.0 0.7101529 0.28984708	1083806.0 0.71015203 0.289848	1.0000000000000000
80993095_4200	882.0	11	13	621923.0 0.50510913 0.49489084	621925.0 0.5051075 0.49489248	1.0000000000000000
80993095_4800	1006.0	12	15	602286.0 0.66986114 0.33013883	602283.0 0.66986287 0.33013716	1.0000000000000000
80993095_6500	1358.0	12	16	397587.0 0.50010943 0.4998906	397584.0 0.5001107 0.49988934	1.0000000000000000
80993095_7050	1366.0	88	17	751401.0 0.26415455 0.73584545	751380.0 0.26451063 0.73548937	1.0000000000000000
80993095_4200	882.0	15	18	914502.0 0.60429937 0.3957006	914501.0 0.60429895 0.39570105	1.0000000000000000
80993095_7050	1366.0	16	20	2016939.0 0.9014715 0.09852851	2016938.0 0.9014719 0.098528065	1.0000000000000000
80993095_6500	1358.0	17	21	1028731.0 0.19317587 0.80682415	1028730.0 0.19317508 0.8068249	1.0000000000000000
80993095_6500	1358.0	18	22	1540557.0 0.5387694 0.46123058	1540557.0 0.5387694 0.46123058	0.9999999999999999
70167075_800	367.0	0	24	477642.0 0.5890186 0.41098145	477636.0 0.584443 0.41555703	1.0000000000000000
70021636_1200	369.0	46	29	616895.0 0.6689258 0.33107418	616896.0 0.67705256 0.32294747	1.0000000000000000
70295915_3500	548.0	74	30	437725.0 0.4526221 0.54737794	437723.0 0.45513943 0.54486054	1.0000000000000000
80091879_1200	357.0	6	36	480628.0 0.40895662 0.5910434	480603.0 0.41296247 0.58703756	1.0000000000000000
80993095_6500	1358.0	37	41	3013781.0 0.5166915 0.4833085	3013781.0 0.51669216 0.48330784	1.0000000000000000
80993095_6500	1358.0	40	44	3295493.0 0.7037172 0.29628283	3295493.0 0.7037172 0.29628283	1.0000000000000000
80993095_6500	1358.0	41	45	1788548.0 0.54591656 0.4540834	1788548.0 0.54591656 0.4540834	1.0000000000000000
80993095_15000	1411.0	46	46	3156660.0 0.25728175 0.7427183	3156658.0 0.2572816 0.7427184	1.0000000000000000
70251894_4800	916.0	6	51	412921.0 0.48171684 0.5182831	412941.0 0.48124793 0.5187521	1.0000000000000000
80993095_20000	1498.0	55	56	984593.0 0.72136307 0.27863696	984593.0 0.72136307 0.27863696	1.0000000000000000
80993095_20000	1498.0	56	57	590526.0 0.46457565 0.53542435	590525.0 0.46457642 0.5354236	0.9999999999999999
80993095_7050	1366.0	51	58	630850.0 0.50119364 0.4988064	630854.0 0.5011952 0.4988048	1.0000000000000000
80993095_5500	1194.0	54	59	640160.0 0.4915521 0.5084479	640162.0 0.49155214 0.5084479	1.0000000000000000
80993095_5500	1194.0	55	60	525327.0 0.61959124 0.38040876	525328.0 0.61959195 0.38040805	1.0000000000000000
80993095_7050	1366.0	54	61	501570.0 0.3984309 0.60156906	501568.0 0.39842853 0.6015715	1.0000000000000000
80993095_7050	1366.0	55	62	483368.0 0.6242221 0.37577787	483370.0 0.62421954 0.37578046	1.0000000000000000
80993095_7050	1366.0	56	63	432369.0 0.42010182 0.5798982	432370.0 0.42010546 0.57989454	1.0000000000000000
80993095_6500	1358.0	61	64	531516.0 0.47172052 0.5282795	531519.0 0.47172162 0.5282784	1.0000000000000000
80993095_7050	1366.0	60	67	565425.0 0.47656363 0.52343637	565421.0 0.47656348 0.52343655	1.0000000000000000
80993095_7050	1366.0	61	68	1075649.0 0.27514923 0.7248508	1075646.0 0.27514815 0.72485185	0.9999999999999999
80993095_7050	1366.0	62	69	1314455.0 0.5931622 0.40683782	1314453.0 0.5931623 0.40683767	1.0000000000000000
80993095_7050	1366.0	63	70	1107909.0 0.48268405 0.5173159	1107908.0 0.48268357 0.5173164	1.0000000000000000
80993095_7050	1366.0	64	71	1350932.0 0.4242545 0.57574546	1350935.0 0.42425358 0.5757464	1.0000000000000000
80993095_7050	1366.0	65	72	1607507.0 0.48385045 0.5161495	1607511.0 0.48385113 0.51614887	1.0000000000000000
80993095_7050	1366.0	66	73	1471695.0 0.5637812 0.43621877	1471697.0 0.56378114 0.43621886	1.0000000000000000
81006261_4200	1029.0	42	74	952451.0 0.6672805 0.33271948	952469.0 0.6740188 0.3259812	1.0000000000000000
80993095_7050	1366.0	68	75	669339.0 0.46387255 0.53612745	669338.0 0.46387178 0.5361282	1.0000000000000000
80993095_7050	1366.0	69	76	823368.0 0.43583307 0.56416696	823368.0 0.43583307 0.56416696	1.0000000000000000
80993095_5500	1194.0	73	78	640422.0 0.68932515 0.31067485	640421.0 0.6893262 0.31067377	1.0000000000000000
80993095_10000	1429.0	76	83	517390.0 0.5896287 0.41037127	517390.0 0.58963066 0.41036937	1.0000000000000000
80239639_4800	1329.0	6	84	408410.0 0.5133077 0.4866923	408409.0 0.51987344 0.48012653	1.0000000000000000
80993095_6500	1358.0	85	87	471304.0 0.4090884 0.5909116	471300.0 0.40908974 0.59091026	1.0000000000000000
80993095_6500	1358.0	86	88	684103.0 0.40710098 0.592899	684101.0 0.4070978 0.59290224	1.0000000000000000
80993095_7050	1366.0	82	89	602562.0 0.6731324 0.3268676	602563.0 0.67313296 0.32686707	1.0000000000000000
80993095_7050	1366.0	83	90	794437.0 0.24792148 0.75207853	794438.0 0.24792117 0.75207883	1.0000000000000000
80993095_7050	1366.0	84	91	1170269.0 0.5105484 0.48945156	1170271.0 0.5105484 0.4894516	1.0000000000000000
80993095_5500	1194.0	93	95	4889103.0 0.48668826 0.51331174	4889106.0 0.48668855 0.51331145	1.0000000000000000
80993095_6500	1358.0	97	98	1055608.0 0.71333015 0.28666985	1055609.0 0.71332943 0.28667054	1.0000000000000000
80993095_6500	1358.0	98	99	501231.0 0.6037356 0.3962644	501233.0 0.6037352 0.39626482	1.0000000000000000
80993095_6500	1358.0	99	100	510553.0 0.38902915 0.61097085	510555.0 0.3890296 0.61097044	1.0000000000000000
80993095_6500	1358.0	100	101	660474.0 0.47228658 0.5277134	660475.0 0.47228736 0.52771264	1.0000000000000000
80993095_6500	1358.0	101	102	745075.0 0.46779317 0.53220683	745076.0 0.46779254 0.5322074	1.0000000000000000
80993095_5500	1194.0	100	103	588436.0 0.6738779 0.32612213	588436.0 0.67387956 0.32612044	1.0000000000000000
80993095_5500	1194.0	101	104	405634.0 0.4730915 0.5269085	405635.0 0.47308788 0.52691215	1.0000000000000000
80993095_5500	1194.0	104	106	3374917.0 0.42492807 0.57507193	3374919.0 0.42492813 0.5750719	1.0000000000000000
80993095_6500	1358.0	105	107	2903362.0 0.6684733 0.3315267	2903367.0 0.6684725 0.3315275	1.0000000000000000
80993095_6500	1358.0	108	109	1609896.0 0.12340362 0.8765964	1609898.0 0.12340471 0.87659526	1.0000000000000000
80993095_7050	1366.0	105	110	2557995.0 0.551693 0.44830698	2557995.0 0.55169344 0.4483066	1.0000000000000000
80993095_10000	1429.0	109	112	1800493.0 0.7157734 0.2842266	1800494.0 0.7157736 0.28422645	1.0000000000000000
80993095_6500	1358.0	112	113	2633973.0 0.1942871 0.8057129	2633973.0 0.1942875 0.8057125	1.0000000000000000
80993095_6500	1358.0	113	114	2321039.0 0.9143431 0.085656896	2321038.0 0.91434306 0.08565693	1.0000000000000000
80993095_7050	1366.0	110	115	1455823.0 0.1365633 0.8634367	1455823.0 0.13656399 0.863436	1.0000000000000000
80993095_15000	1411.0	123	116	1455747.0 0.8634811 0.13651891	1455746.0 0.8634817 0.13651831	1.0000000000000000
