ID	BITRATE	START_IDX	CAPTURE_START_IDX	KEY	CAPTURE_KEY	CORRELATION
80991158_7050	1433.0	31	22	2395040.0 0.99386734 1.00825 1.0058221 0.60838526 0.08302492	2395034.0 0.99387026 1.008252 1.0058129 0.60838634 0.08302471	0.9999999998451835
80991158_7050	1433.0	32	23	2181114.5 1.10714 1.1044738 0.6680562 0.48770845 0.7141097	2181108.8 1.1071424 1.1044639 0.6680575 0.48770928 0.71411157	0.9999999998365595
80991158_7050	1433.0	33	24	2016609.2 1.1945715 0.72255296 0.52749336 1.232387 0.49671993	2016602.2 1.1945618 0.722555 0.5274947 1.2323903 0.49672216	0.9999999998058369
80991158_7050	1433.0	34	25	1891524.0 0.7703349 0.56237614 1.3138839 0.94935036 0.44045806	1891511.2 0.7703396 0.5623794 1.3138918 0.94935673 0.44045997	0.9999999997650562
80991158_7050	1433.0	35	26	1703811.8 0.6243342 1.4586371 1.0539421 1.0952443 0.5348789	1703805.0 0.6243361 1.4586416 1.0539463 1.0952474 0.534864	0.9999999997406209
80991158_7050	1433.0	36	27	1837075.8 1.3528255 0.97748774 1.0157937 0.604256 0.10803202	1837068.8 1.3528296 0.97749144 1.0157965 0.60424143 0.10803243	0.9999999997416037
80991158_7050	1433.0	37	28	1714852.0 1.0471568 1.088193 0.6473235 0.631023 0.5043584	1714844.4 1.0471615 1.0881968 0.6473083 0.6310252 0.5043606	0.9999999995796434
80991158_7050	1433.0	38	29	1665734.8 1.1202804 0.66641104 0.64962983 1.0533868 0.5569242	1665727.0 1.1202844 0.6663955 0.6496323 1.0533911 0.5569256	0.9999999995722078
80991158_7050	1433.0	39	30	1711824.4 0.6484684 0.632139 1.0250251 1.0236733 0.46384957	1711817.4 0.64845294 0.63214105 1.0250287 1.023677 0.4638509	0.9999999995584886
80991158_7050	1433.0	40	31	1634852.6 0.66190124 1.0732851 1.0718697 1.3179934 0.6318325	1634851.0 0.6619013 1.0732856 1.0718702 1.3179941 0.63183314	0.9999999999965222
