ID	BITRATE	START_IDX	CAPTURE_START_IDX	KEY	CAPTURE_KEY	CORRELATION
896970_2000	677.0	9	0	397460.0 0.49964023 0.5003598	397445.0 0.49987546 0.5001246	1.0000000000000000
80018689_7050	1373.0	2	3	390423.0 0.5101877 0.48981234	390424.0 0.5095691 0.49043092	1.0000000000000000
80991158_20000	1531.0	19	15	1566287.0 0.43921387 0.5607861	1566289.0 0.43921396 0.560786	1.0000000000000000
80991158_20000	1531.0	22	17	1292148.0 0.5344132 0.46558675	1292147.0 0.5344144 0.46558556	1.0000000000000000
80991158_6500	1457.0	20	18	1424097.0 0.42244804 0.57755196	1424094.0 0.42244753 0.57755244	1.0000000000000000
80991158_6500	1457.0	21	19	1977944.0 0.4158308 0.5841692	1977943.0 0.4158305 0.5841695	1.0000000000000000
80991158_5500	1488.0	22	20	1543974.0 0.74836427 0.2516357	1543974.0 0.7483636 0.25163636	1.0000000000000000
80991158_7050	1433.0	31	22	2960324.0 0.4657132 0.5342868	2960325.0 0.46571305 0.5342869	1.0000000000000000
80991158_7050	1433.0	32	23	3079313.0 0.5136412 0.48635882	3079315.0 0.5136412 0.48635882	1.0000000000000000
80991158_7050	1433.0	33	24	2756295.0 0.5433566 0.45664343	2756295.0 0.54335696 0.45664307	1.0000000000000000
80991158_7050	1433.0	34	25	1457492.0 0.86356837 0.13643162	1457490.0 0.8635689 0.13643113	1.0000000000000000
80991158_7050	1433.0	35	26	1756403.0 0.1132132 0.8867868	1756402.0 0.11321269 0.8867873	1.0000000000000000
80991158_7050	1433.0	36	27	2559245.0 0.6085994 0.39140058	2559246.0 0.6085992 0.3914008	1.0000000000000000
80991158_7050	1433.0	37	28	1834827.0 0.5459316 0.45406842	1834826.0 0.5459324 0.4540676	1.0000000000000000
80991158_5500	1488.0	29	29	1744441.0 0.47759482 0.52240515	1744439.0 0.4775948 0.5224052	1.0000000000000000
80991158_15000	1665.0	46	30	1109765.0 0.8211675 0.17883246	1109767.0 0.821167 0.17883304	1.0000000000000000
80991158_7050	1433.0	40	31	1063363.0 0.18663712 0.8133629	1063363.0 0.18663712 0.8133629	1.0000000000000000
80991158_7050	1433.0	41	32	1792588.0 0.48248678 0.5175132	1792586.0 0.48248732 0.5175127	1.0000000000000000
80991158_7050	1433.0	42	33	1721717.0 0.5388156 0.46118438	1721714.0 0.5388154 0.46118462	1.0000000000000000
80991158_7050	1433.0	43	34	1826982.0 0.4346124 0.5653876	1826981.0 0.43461207 0.5653879	1.0000000000000000
80991158_7050	1433.0	44	35	1231684.0 0.838651 0.16134901	1231682.0 0.8386524 0.16134766	1.0000000000000000
80991158_7050	1433.0	45	36	1082379.0 0.18360575 0.81639427	1082376.0 0.1836044 0.8163956	1.0000000000000000
80991158_7050	1433.0	46	37	1773411.0 0.49827594 0.50172406	1773409.0 0.4982759 0.50172406	1.0000000000000000
80991158_7050	1433.0	47	38	1714424.0 0.5189865 0.48101345	1714424.0 0.518986 0.48101404	1.0000000000000000
80991158_7050	1433.0	48	39	2185357.0 0.37735757 0.62264246	2185358.0 0.37735784 0.62264216	1.0000000000000000
80991158_7050	1433.0	51	41	1708225.0 0.3709043 0.6290957	1708224.0 0.37090334 0.6290966	1.0000000000000000
80991158_5500	1488.0	43	42	1975453.0 0.5439947 0.45600528	1975453.0 0.54399574 0.45600426	1.0000000000000000
80991158_6500	1457.0	47	45	1674122.0 0.4972266 0.5027734	1674121.0 0.4972269 0.5027731	1.0000000000000000
80991158_6500	1457.0	49	48	1599406.0 0.87560445 0.12439556	1599408.0 0.875604 0.124396026	1.0000000000000000
80991158_10000	1572.0	52	49	724410.0 0.2746497 0.72535026	724413.0 0.27464995 0.72535	0.9999999999999999
80991158_20000	1531.0	58	52	1625094.0 0.8779806 0.1220194	1625098.0 0.87797904 0.12202095	1.0000000000000000
80991158_20000	1531.0	59	53	935447.0 0.21197674 0.7880233	935450.0 0.21197926 0.78802073	1.0000000000000000
80991158_4800	1336.0	53	54	1578468.0 0.46700534 0.5329946	1578470.0 0.4670054 0.5329946	1.0000000000000000
80991158_6500	1457.0	57	55	1465560.0 0.5740557 0.42594436	1465565.0 0.57405573 0.42594427	1.0000000000000000
80991158_4800	1336.0	56	58	2082221.0 0.32207915 0.6779208	2082221.0 0.32207915 0.6779208	1.0000000000000000
80991158_7050	1433.0	71	61	1751926.0 0.6677605 0.33223948	1751924.0 0.6677607 0.3322393	1.0000000000000000
80991158_7050	1433.0	72	62	780773.0 0.7454907 0.2545093	780770.0 0.7454923 0.25450772	1.0000000000000000
80991158_4200	1213.0	62	64	1478191.0 0.45733264 0.5426673	1478192.0 0.45733234 0.5426677	1.0000000000000000
80991158_7050	1433.0	75	65	1937403.0 0.41404188 0.5859581	1937405.0 0.41404197 0.585958	1.0000000000000000
80991158_10000	1572.0	67	66	1333863.0 0.8510889 0.14891109	1333865.0 0.8510891 0.14891087	1.0000000000000000
80991158_10000	1572.0	68	67	1321721.0 0.15027907 0.84972095	1321725.0 0.15027861 0.8497214	1.0000000000000000
80991158_10000	1572.0	69	68	2076955.0 0.54074067 0.45925936	2076958.0 0.5407418 0.4592582	1.0000000000000000
80991158_4200	1213.0	68	69	1763445.0 0.5409083 0.45909172	1763445.0 0.54090714 0.45909286	1.0000000000000000
80991158_4800	1336.0	72	72	2051740.0 0.36928996 0.63071	2051742.0 0.36929008 0.6307099	1.0000000000000000
80991158_20000	1531.0	80	73	2436717.0 0.53106457 0.46893546	2436718.0 0.53106433 0.46893567	1.0000000000000000
