ID	BITRATE	START_IDX	CAPTURE_START_IDX	KEY	CAPTURE_KEY	CORRELATION
70052701_600	347.0	8	1	276429.0 0.5224741 0.47752586	276420.0 0.5244447 0.4755553	1.0000000000000000
80102952_5500	1342.0	33	2	398797.0 0.33187813 0.6681219	398808.0 0.32961476 0.67038524	1.0000000000000000
80993095_800	354.0	23	3	380928.0 0.7018518 0.2981482	380928.0 0.7018518 0.2981482	1.0000000000000000
80993095_800	354.0	24	4	227711.0 0.4987594 0.5012406	227712.0 0.4987572 0.5012428	1.0000000000000000
60027695_1200	382.0	1	5	312854.0 0.36374795 0.63625205	312872.0 0.36481053 0.6351895	1.0000000000000000
80122759_3500	1073.0	52	6	306307.0 0.64825815 0.35174188	306313.0 0.6487906 0.35120937	1.0000000000000000
70123542_2000	501.0	52	7	235560.0 0.45757344 0.5424266	235553.0 0.4567125 0.5432875	0.9999999999999999
70243464_2000	585.0	29	10	397953.0 0.507188 0.49281198	397968.0 0.504528 0.49547198	1.0000000000000000
70052701_6500	1443.0	17	11	301936.0 0.64971715 0.35028285	301945.0 0.65303946 0.34696054	1.0000000000000000
70019012_1200	388.0	11	17	259109.0 0.5836501 0.4163499	259101.0 0.57419693 0.42580307	1.0000000000000000
60033314_5500	467.0	4	20	468737.0 0.5807841 0.4192159	468727.0 0.5875083 0.4124917	0.9999999999999999
80993095_800	354.0	16	21	358698.0 0.5390133 0.46098667	358701.0 0.5390172 0.46098283	1.0000000000000000
80993095_600	385.0	14	22	273136.0 0.60539436 0.3946056	273135.0 0.6053966 0.3946034	1.0000000000000000
80993095_800	354.0	23	25	380928.0 0.7018518 0.2981482	380928.0 0.7018518 0.2981482	1.0000000000000000
70103763_4200	1124.0	88	28	342090.0 0.5268321 0.47316787	342078.0 0.5353428 0.4646572	1.0000000000000000
80993095_800	354.0	27	30	505109.0 0.6077223 0.39227772	505110.0 0.6077211 0.3922789	1.0000000000000000
80993095_600	385.0	30	37	228661.0 0.5304446 0.46955538	228659.0 0.5304405 0.46955946	1.0000000000000000
80993095_800	354.0	8	38	232452.0 0.4618889 0.5381111	232454.0 0.46189353 0.53810644	1.0000000000000000
80091879_2000	566.0	26	43	419747.0 0.52443737 0.47556266	419766.0 0.52080923 0.4791908	1.0000000000000000
80192445_1200	550.0	27	44	301692.0 0.6586651 0.34133488	301690.0 0.6667374 0.33326262	1.0000000000000000
