ID	BITRATE	START_IDX	CAPTURE_START_IDX	KEY	CAPTURE_KEY	CORRELATION
80993095_4200	882.0	0	0	514046.8 0.8520566 0.2033667 0.44522598 0.5518466 0.44750398	514050.0 0.85205525 0.20336738 0.44522324 0.5518471 0.44750705	0.9999999999602264
80993095_4200	882.0	1	1	418226.4 0.2499603 0.54723233 0.67828095 0.5500322 0.4744942	418227.2 0.24996223 0.54723126 0.67828447 0.5500384 0.47448373	0.9999999991997053
80993095_4800	1006.0	6	9	692682.8 0.2870881 0.3612505 0.2870116 1.1111406 0.45350915	692665.6 0.28685126 0.3612551 0.28720495 1.1111667 0.45352185	0.9999999040749485
80993095_6500	1358.0	40	44	3524548.0 0.65798366 0.27702788 0.23042671 0.6652013 0.66936046	3524525.2 0.6579879 0.27702966 0.2304282 0.66519827 0.669356	0.9999999998932824
80993095_6500	1358.0	41	45	2676432.8 0.3648132 0.30344495 0.8759921 0.8814692 0.07428059	2676410.5 0.36481625 0.30344748 0.8759897 0.88146496 0.07428158	0.9999999999884749
80993095_6500	1358.0	42	46	3078714.0 0.2637952 0.7615303 0.7662917 0.06457469 0.64380807	3078703.2 0.26379612 0.7615245 0.7662843 0.06457524 0.64381975	0.9999999997375133
80993095_5500	1194.0	54	59	529346.4 0.5944539 0.61488664 0.3775203 0.56999916 0.34314016	529348.4 0.5944535 0.61488616 0.37751886 0.5700008 0.34314075	0.9999999999613287
80993095_5500	1194.0	55	60	503769.6 0.6461049 0.3966873 0.59893847 0.36056167 0.4977077	503770.8 0.6461053 0.39668635 0.598941 0.36056277 0.4977045	0.9999999998552191
80993095_5500	1194.0	56	61	485890.4 0.4112841 0.62097746 0.37382916 0.5160217 0.57788754	485891.2 0.41128343 0.6209806 0.37383062 0.5160188 0.5778866	0.9999999997644236
80993095_7050	1366.0	60	67	981207.6 0.27462178 0.30163237 0.7946178 0.54501206 0.5841159	981205.2 0.27462044 0.3016311 0.7946187 0.5450124 0.58411735	0.9999999999960539
80993095_7050	1366.0	61	68	1184540.4 0.24985556 0.6582173 0.4514578 0.4838493 0.6566201	1184540.0 0.24985395 0.6582167 0.4514571 0.48384944 0.6566228	0.9999999999740778
80993095_7050	1366.0	62	69	1398040.4 0.5576985 0.382514 0.40995884 0.55634516 0.59348357	1398041.2 0.5576974 0.38251305 0.40995857 0.55634695 0.5934839	0.9999999999421355
80993095_7050	1366.0	63	70	1342958.8 0.39820284 0.42677334 0.57916373 0.6178254 0.4780348	1342960.4 0.3982016 0.42677283 0.5791653 0.6178254 0.47803494	0.9999999999726119
80993095_7050	1366.0	64	71	1253246.0 0.4573236 0.62062275 0.662052 0.5122546 0.24774705	1253247.6 0.457323 0.62062436 0.6620519 0.5122547 0.24774593	0.9999999999911496
80993095_7050	1366.0	65	72	1167530.8 0.66618633 0.71065706 0.5498622 0.2659356 0.30735892	1167532.4 0.66618794 0.71065694 0.54986227 0.26593438 0.3073585	0.9999999999936690
80993095_7050	1366.0	66	73	1042220.4 0.7961023 0.6159743 0.29791012 0.34431395 0.4456994	1042220.8 0.7961029 0.615975 0.29790905 0.3443138 0.44569921	0.9999999999984487
80993095_6500	1358.0	85	87	668537.2 0.28839833 0.41657966 0.6067037 0.2946074 0.893711	668537.2 0.28839684 0.4165752 0.6067052 0.29461038 0.89371246	0.9999999999362607
80993095_6500	1358.0	86	88	820532.0 0.33941272 0.4943183 0.24003452 0.7281605 0.6980739	820532.0 0.33940905 0.49431953 0.24003695 0.72816175 0.69807273	0.9999999999356689
80993095_6500	1358.0	97	98	765880.8 0.9831778 0.39511502 0.2593354 0.4072866 0.45508516	765882.0 0.98317623 0.3951157 0.2593363 0.40728727 0.45508447	0.9999999999984031
80993095_6500	1358.0	98	99	623295.6 0.48550156 0.31866097 0.5004575 0.5591905 0.6361893	623297.2 0.48550195 0.31866178 0.5004579 0.5591891 0.6361893	0.9999999999828120
