ID	BITRATE	START_IDX	CAPTURE_START_IDX	KEY	CAPTURE_KEY	CORRELATION
81006261_6500	1780.0	10	11	749127.4 0.5365416 0.9273296 1.1587268 0.71200573 0.46247676	749127.4 0.5365416 0.9273323 1.1587296 0.7120044 0.46247542	0.9999999999850973
81006261_6500	1780.0	11	12	795264.2 0.8735311 1.091504 0.6706991 1.2985597 0.56656647	795264.4 0.8735334 1.0915062 0.6706977 1.2985581 0.56656504	0.9999999999879527
81006261_6500	1780.0	12	13	1002518.4 0.8658534 0.5320431 1.0301038 1.4574466 0.19797543	1002518.8 0.8658551 0.5320419 1.0301024 1.457446 0.19797534	0.9999999999952626
81006261_5500	1444.0	30	33	2074220.2 0.93937564 1.2420927 0.91089267 0.8490106 0.09587892	2074218.6 0.9393749 1.2420933 0.91089195 0.8490103 0.09587948	0.9999999999963881
81006261_5500	1444.0	31	34	1719426.4 1.4983916 1.0988503 1.0241991 0.56645405 0.58070356	1719425.0 1.4983922 1.0988493 1.0241988 0.56645507 0.58070403	0.9999999999947878
81006261_5500	1444.0	32	35	1826208.2 1.0345984 0.96431226 0.5333324 1.197001 0.10893555	1826207.8 1.0345969 0.9643114 0.53333306 1.1970018 0.108935036	0.9999999999918514
81006261_5500	1444.0	33	36	1580927.8 1.113925 0.61607873 1.3827153 0.5042963 0.67103827	1580927.8 1.1139238 0.6160794 1.382716 0.5042944 0.67103887	0.9999999999940148
81006261_5500	1444.0	34	37	1698661.6 0.57337844 1.2868797 0.46934363 1.3169585 0.33130082	1698661.2 0.57337916 1.2868805 0.46934196 1.3169601 0.33130148	0.9999999999945944
81006261_5500	1444.0	35	38	1802346.6 1.2128483 0.44234332 1.2411969 0.76183957 0.4816687	1802347.0 1.2128485 0.44234157 1.2411977 0.76184165 0.48166752	0.9999999999892284
81006261_5500	1444.0	36	39	1724990.8 0.46217987 1.2968574 0.7960037 0.618808 0.44933692	1724991.6 0.4621779 1.2968578 0.7960056 0.6188071 0.44933668	0.9999999999910049
81006261_5500	1444.0	37	40	1680078.8 1.3315251 0.8172825 0.63535 0.7967841 0.7068097	1680079.0 1.331526 0.81728476 0.6353493 0.7967834 0.70681024	0.9999999999877677
