ID	BITRATE	START_IDX	CAPTURE_START_IDX	KEY	CAPTURE_KEY	CORRELATION
81000864_7050	2214.0	0	0	1247489.0 0.84028554 0.15971443	1247485.0 0.8402867 0.15971334	1.0000000000000000
81000864_7050	2214.0	1	1	379471.0 0.52505195 0.47494802	379465.0 0.525055 0.47494498	1.0000000000000000
81000864_7050	2214.0	2	2	299682.0 0.6014008 0.39859918	299678.0 0.6013955 0.3986045	0.9999999999999999
81000864_7050	2214.0	3	3	377655.0 0.3163019 0.68369806	377655.0 0.3163019 0.68369806	1.0000000000000000
81000864_5500	1849.0	1	4	394555.0 0.6544157 0.34558427	394552.0 0.6544182 0.34558183	1.0000000000000000
80199806_2000	663.0	40	5	335046.0 0.40582487 0.5941751	335058.0 0.40694448 0.59305555	1.0000000000000000
81000864_7050	2214.0	5	6	931393.0 0.21334282 0.7866572	931396.0 0.21334428 0.7866557	1.0000000000000000
80168188_15000	4442.0	57	9	2825975.0 0.06960536 0.93039465	2825984.0 0.07046042 0.92953956	1.0000000000000000
81000864_20000	4096.0	9	11	497787.0 0.601454 0.39854595	497788.0 0.60145485 0.39854518	1.0000000000000000
81000864_20000	4096.0	10	12	1556505.0 0.12745927 0.8725407	1556507.0 0.12745911 0.8725409	1.0000000000000000
81000864_20000	4096.0	11	13	2814741.0 0.48250052 0.5174995	2814744.0 0.48250073 0.51749927	1.0000000000000000
81000864_20000	4096.0	12	14	2013377.0 0.72347456 0.27652547	2013380.0 0.72347397 0.27652603	0.9999999999999999
80122759_6500	2111.0	52	15	755715.0 0.7362524 0.26374757	755699.0 0.7367378 0.2632622	1.0000000000000000
81000864_20000	4096.0	24	28	2368578.0 0.80064833 0.19935168	2368577.0 0.8006487 0.19935134	1.0000000000000000
81000864_10000	3648.0	26	30	3758193.0 0.05291958 0.94708043	3758193.0 0.052920114 0.9470799	1.0000000000000000
80986885_1200	402.0	12	33	343133.0 0.5790699 0.4209301	343131.0 0.57922775 0.42077225	1.0000000000000000
81000864_20000	4096.0	30	35	735269.0 0.27027795 0.729722	735269.0 0.27027932 0.7297207	0.9999999999999999
81000864_20000	4096.0	37	41	821589.0 0.8017841 0.1982159	821587.0 0.80178607 0.19821395	1.0000000000000000
81000864_20000	4096.0	48	51	575414.0 0.65366846 0.3463315	575419.0 0.65366626 0.3463337	1.0000000000000000
