ID	BITRATE	START_IDX	CAPTURE_START_IDX	KEY	CAPTURE_KEY	CORRELATION
81006261_7050	1797.0	29	27	3472719.2 0.56659144 0.5451722 0.3882364	3472718.0 0.5665911 0.5451727 0.38823625	0.9999999999898637
81006261_7050	1797.0	30	28	3224604.8 0.58712 0.4181089 0.49477103	3224602.0 0.58712083 0.41810897 0.4947702	0.9999999999659310
81006261_7050	1797.0	31	29	3040106.8 0.4434831 0.5247977 0.53171915	3040103.2 0.4434833 0.52479696 0.53171974	0.9999999999068770
81006261_7050	1797.0	34	33	4163305.2 0.56438595 0.5045914 0.43102267	4163305.2 0.56438667 0.5045914 0.43102196	0.9999999999997938
81006261_7050	1797.0	35	34	3385194.0 0.62057537 0.53009635 0.34932828	3385191.2 0.62057585 0.5300959 0.34932828	0.9999999999947716
81006261_6500	1780.0	38	39	2218976.8 0.6530204 0.33518332 0.51179624	2218977.2 0.6530202 0.3351837 0.5117961	0.9999999999997377
81006261_6500	1780.0	39	40	1944216.0 0.38255215 0.5841244 0.53332347	1944216.0 0.38255265 0.5841244 0.53332293	0.9999999999941878
81006261_7050	1797.0	43	41	2486431.2 0.45674416 0.4170222 0.6262337	2486430.8 0.45674467 0.41702145 0.6262338	0.9999999999867117
81006261_7050	1797.0	44	42	2270248.0 0.45673293 0.6858665 0.3574006	2270248.0 0.45673203 0.6858665 0.3574015	0.9999999999875138
81006261_7050	1797.0	45	43	2628472.8 0.59239227 0.3086918 0.5989159	2628474.0 0.592392 0.30869243 0.5989156	0.9999999999999987
81006261_7050	1797.0	46	44	2296511.2 0.35331333 0.68548936 0.4611974	2296512.8 0.35331395 0.6854889 0.46119708	0.9999999999980717
81006261_7050	1797.0	47	45	2252900.0 0.69875896 0.47012517 0.3311159	2252900.8 0.6987587 0.47012502 0.33111623	0.9999999999996387
81006261_10000	2524.0	68	64	3991546.8 0.6963441 0.049763415 0.7538925	3991565.2 0.69634813 0.049762934 0.75388896	0.9999999999530708
81006261_10000	2524.0	69	65	3576850.0 0.05553294 0.84129804 0.60316896	3576848.8 0.055532683 0.84129834 0.6031689	0.9999999999999629
81006261_10000	2524.0	70	66	4544639.5 0.6621421 0.474723 0.36313486	4544640.0 0.662142 0.47472274 0.36313525	0.9999999999982426
81006261_10000	2524.0	71	67	3689364.0 0.58477426 0.44731748 0.4679083	3689365.2 0.5847738 0.44731787 0.4679084	0.9999999999994195
81006261_10000	2524.0	72	68	3148291.2 0.52419454 0.5483241 0.4274814	3148292.8 0.5241949 0.54832417 0.4274809	0.9999999999928133
81006261_10000	2524.0	76	71	3783074.8 0.43196872 0.6738511 0.39418015	3783074.0 0.43196934 0.67385095 0.3941797	0.9999999999935840
81006261_10000	2524.0	77	72	3348400.0 0.7613275 0.44535092 0.29332158	3348396.8 0.7613279 0.44535074 0.29332128	0.9999999999999736
81006261_10000	2524.0	81	76	3442596.8 0.3651505 0.5283314 0.60651803	3442596.0 0.3651506 0.5283315 0.60651785	0.9999999999995930
81006261_10000	2524.0	85	80	4101796.8 0.69228566 0.3294973 0.478217	4101799.2 0.69228524 0.32949737 0.47821745	0.9999999999982885
