ID	BITRATE	START_IDX	CAPTURE_START_IDX	KEY	CAPTURE_KEY	CORRELATION
81006261_6500	1780.0	10	11	425098.0 0.47862846 0.55339 0.4679815	425098.66 0.4786277 0.5533915 0.46798077	0.9999999999944302
81006261_6500	1780.0	11	12	421789.34 0.55773103 0.4716525 0.47061643	421789.34 0.5577334 0.4716525 0.47061408	0.9999999997289931
81006261_6500	1780.0	12	13	495928.66 0.4011424 0.4002612 0.6985965	495927.34 0.40114343 0.40026024 0.6985963	0.9999999999827675
81006261_6500	1780.0	13	14	663683.3 0.29908994 0.52201706 0.6788931	663681.3 0.29908934 0.5220171 0.6788936	1.0000000000000000
81006261_6500	1780.0	14	15	663665.3 0.5220312 0.6789115 0.29905736	663664.0 0.5220307 0.6789113 0.29905796	0.9999999999982463
81006261_6500	1780.0	15	16	738991.3 0.60970944 0.2685742 0.6217164	738991.3 0.60970813 0.2685742 0.62171775	0.9999999999772475
81006261_6500	1780.0	16	17	884675.3 0.22434671 0.51933515 0.75631815	884677.3 0.2243462 0.51933515 0.7563187	0.9999999999999645
81006261_6500	1780.0	17	18	975614.0 0.47092703 0.6858204 0.34325257	975616.0 0.4709271 0.68582106 0.34325185	0.9999999999996293
81006261_7050	1797.0	20	19	1126814.0 0.5937945 0.29719192 0.60901356	1126816.0 0.59379524 0.29719314 0.6090116	0.9999999999727988
81006261_7050	1797.0	21	20	1354446.6 0.24724488 0.5066608 0.74609435	1354449.4 0.24724586 0.50665903 0.74609506	0.9999999999819251
81006261_7050	1797.0	22	21	1263894.0 0.5429609 0.79954886 0.15749027	1263894.0 0.5429601 0.79955125 0.15748869	0.9999999999960498
81006261_7050	1797.0	23	22	1166096.6 0.86660486 0.17069855 0.46269664	1166095.4 0.8666084 0.17069702 0.4626946	0.9999999999904493
81006261_7050	1797.0	24	23	814206.0 0.24447253 0.6626689 0.59285855	814204.0 0.24447067 0.66266686 0.5928625	0.9999999998980691
81006261_6500	1780.0	26	27	2549006.8 0.56845945 0.5342889 0.3972516	2549006.0 0.5684592 0.53428864 0.3972521	0.9999999999995557
81006261_6500	1780.0	27	28	2374624.8 0.5735247 0.426424 0.5000512	2374624.0 0.5735245 0.42642456 0.50005096	0.9999999999945476
81006261_6500	1780.0	28	29	2269992.8 0.4460794 0.5231004 0.5308202	2269993.2 0.44607973 0.5230998 0.53082055	0.9999999999518127
81006261_6500	1780.0	31	33	3061110.8 0.57153505 0.495085 0.43337995	3061106.8 0.57153547 0.49508533 0.4333792	0.9999999999898050
81006261_5500	1444.0	31	34	2490024.0 0.6086331 0.5327756 0.35859132	2490020.0 0.6086333 0.53277487 0.35859188	0.9999999999894311
81006261_5500	1444.0	32	35	1612266.0 0.822832 0.55381745 0.12335061	1612264.0 0.8228305 0.5538181 0.12335139	0.9999999999978167
81006261_5500	1444.0	33	36	1393501.4 0.6407608 0.14271532 0.7165239	1393502.0 0.6407605 0.14271598 0.7165235	0.9999999999999869
81006261_5500	1444.0	34	37	930860.0 0.21364544 1.0726392 0.21371527	930860.0 0.21364652 1.0726392 0.2137142	0.9999999999976537
81006261_5500	1444.0	35	38	1505519.4 0.663211 0.13213979 0.7046492	1505519.4 0.663211 0.13213912 0.70464987	0.9999999999995757
81006261_5500	1444.0	36	39	1215046.6 0.16372952 0.87310475 0.46316576	1215047.4 0.1637286 0.87310505 0.4631663	0.9999999999988203
81006261_5500	1444.0	37	40	1661176.6 0.63862145 0.33877674 0.52260184	1661176.6 0.63862205 0.33877733 0.52260065	0.9999999999766199
81006261_5500	1444.0	38	41	1470669.4 0.38266113 0.59029853 0.5270403	1470668.6 0.382662 0.5902975 0.52704054	0.9999999999923643
81006261_5500	1444.0	39	42	1887154.6 0.46002272 0.4107252 0.6292521	1887154.0 0.46002182 0.41072536 0.62925285	0.9999999999839650
81006261_5500	1444.0	40	43	1707276.6 0.45399907 0.69554985 0.3504511	1707276.0 0.45399922 0.6955507 0.35045007	0.9999999999979061
81006261_5500	1444.0	41	44	1974678.0 0.6013619 0.30299473 0.59564346	1974678.0 0.60136235 0.3029937 0.59564394	0.9999999999999962
81006261_5500	1444.0	42	45	1723234.6 0.34720576 0.6825559 0.47023836	1723236.0 0.34720433 0.682556 0.4702397	0.9999999999710317
81006261_5500	1444.0	43	46	1457226.0 0.80715275 0.5560778 0.13676944	1457229.4 0.80715156 0.55607855 0.13676982	0.9999999999973195
81006261_5500	1444.0	44	47	1048795.4 0.7726302 0.19003135 0.5373384	1048797.4 0.7726316 0.19003195 0.5373364	0.9999999999822439
81006261_6500	1780.0	52	54	1886992.6 0.43344313 0.10519437 0.96136254	1886973.4 0.4334486 0.10519438 0.96135694	0.9999999999492472
81006261_6500	1780.0	53	55	2472956.0 0.08026872 0.7335691 0.68616223	2472936.0 0.080268554 0.73356324 0.6861682	0.9999999998701401
81006261_6500	1780.0	54	56	3577990.0 0.507012 0.47424644 0.51874155	3577972.0 0.50700647 0.4742491 0.5187444	0.9999999794940513
81006261_6500	1780.0	71	77	1330310.6 0.82437587 0.5260358 0.14958838	1330313.4 0.8243749 0.52603394 0.14959107	0.9999999999909271
