ID	BITRATE	START_IDX	CAPTURE_START_IDX	KEY	CAPTURE_KEY	CORRELATION
81006261_10000	2524.0	13	13	1191740.8 0.5825546 0.6574534 0.5600077 0.1669306 0.5330539	1191740.4 0.5825556 0.6574536 0.56000704 0.16693066 0.53305316	0.9999999999933068
81006261_10000	2524.0	14	14	1273266.4 0.6153575 0.52415115 0.15624225 0.4989231 0.7053261	1273266.8 0.6153573 0.5241502 0.1562422 0.49892217 0.7053282	0.9999999999844533
81006261_10000	2524.0	15	15	1039250.4 0.64217824 0.19142452 0.6112695 0.8641498 0.19097804	1039249.6 0.64217776 0.19142465 0.61126894 0.8641533 0.1909753	0.9999999999864250
81006261_10000	2524.0	16	16	1137694.4 0.17486067 0.55837667 0.7893754 0.17445283 0.80293447	1137693.6 0.17486079 0.55837613 0.7893786 0.17445031 0.8029341	0.9999999999865838
81006261_15000	2561.0	16	17	1423383.2 0.44630426 0.6309411 0.1394368 0.64177585 0.6415419	1423383.2 0.44630355 0.6309411 0.1394361 0.64177585 0.6415433	0.9999999999955320
81006261_20000	2763.0	24	27	4713319.0 0.57135874 0.5832194 0.43000442 0.45133102 0.46408635	4713319.0 0.5713585 0.5832132 0.43000463 0.45133737 0.46408615	0.9999999989338587
81006261_20000	2763.0	35	37	2694928.0 0.68056583 0.38263175 0.75451034 0.07381979 0.6084723	2694938.8 0.6805628 0.38263097 0.75451845 0.07381874 0.6084691	0.9999999998723755
81006261_20000	2763.0	36	38	2612411.5 0.39471766 0.77834255 0.07615148 0.6276917 0.6230967	2612422.8 0.39471674 0.77835065 0.07615039 0.6276882 0.623094	0.9999999998775759
81006261_20000	2763.0	37	39	3045942.8 0.66756046 0.06531278 0.5383519 0.5344109 0.694364	3045965.5 0.66756535 0.06531164 0.5383472 0.5344069 0.694369	0.9999999998588649
81006261_20000	2763.0	38	40	2737264.5 0.07267803 0.5990612 0.59467584 0.77266663 0.4609182	2737274.8 0.07267703 0.5990583 0.5946736 0.7726751 0.4609161	0.9999999998717289
81006261_20000	2763.0	45	47	2242295.5 0.66775095 0.47234052 0.64742804 0.6239659 0.08851465	2242295.5 0.66775143 0.47234094 0.6474276 0.6239659 0.0885142	0.9999999999986030
81006261_20000	2763.0	46	48	2453110.0 0.4317487 0.5917896 0.5703438 0.08090791 0.82521003	2453122.5 0.4317469 0.5917862 0.5703409 0.08090709 0.82521886	0.9999999998737803
81006261_20000	2763.0	47	49	2481333.5 0.5850584 0.5638565 0.07998764 0.81582385 0.45527375	2481346.5 0.58505493 0.56385356 0.07998681 0.81583244 0.45527217	0.9999999998723567
81006261_10000	2524.0	51	50	2364438.8 0.5917324 0.08394212 0.85615796 0.47778147 0.49038616	2364452.0 0.5917295 0.08394123 0.8561658 0.47778004 0.4903834	0.9999999999153174
81006261_10000	2524.0	52	51	1884192.8 0.10533742 1.0743768 0.5995591 0.61537653 0.10535016	1884206.4 0.10533612 1.0743849 0.5995564 0.61537206 0.10535046	0.9999999999489275
81006261_10000	2524.0	54	53	2969992.0 0.38036636 0.39040107 0.066835195 0.8542461 0.80815136	2970006.8 0.38036546 0.3903991 0.06683554 0.8542526 0.8081473	0.9999999999311201
81006261_10000	2524.0	68	64	3918032.8 0.7094096 0.050697125 0.76803774 0.55064493 0.42121062	3918044.0 0.70940727 0.05069698 0.76803553 0.5506508 0.4212094	0.9999999999320975
81006261_10000	2524.0	69	65	3496750.5 0.056805026 0.86056954 0.6169857 0.47195733 0.49368235	3496761.5 0.056804847 0.86056685 0.61699206 0.47195584 0.4936805	0.9999999999218828
