ID	BITRATE	START_IDX	CAPTURE_START_IDX	KEY	CAPTURE_KEY	CORRELATION
81006261_4800	1211.0	4	1	407175.0 0.39871308 0.6012869	407177.0 0.39871603 0.60128397	1.0000000000000000
81006261_6500	1780.0	6	4	365409.0 0.59259623 0.40740377	365407.0 0.592594 0.407406	1.0000000000000000
80191608_4800	1510.0	10	7	409426.0 0.4855847 0.5144153	409409.0 0.4860616 0.51393837	1.0000000000000000
60026145_15000	4441.0	80	10	675605.0 0.7097683 0.2902317	675613.0 0.70613205 0.29386795	1.0000000000000000
70308278_3500	1007.0	60	14	702083.0 0.7194577 0.28054234	702097.0 0.71665025 0.28334972	1.0000000000000000
70301367_7050	464.0	25	15	697165.0 0.28199494 0.71800506	697168.0 0.28535303 0.714647	1.0000000000000000
81006261_7050	1797.0	16	16	1164856.0 0.4277181 0.5722819	1164853.0 0.42771834 0.57228166	1.0000000000000000
81006261_7050	1797.0	19	18	1293534.0 0.482738 0.51726204	1293533.0 0.48273683 0.5172632	1.0000000000000000
81006261_4200	1029.0	18	21	825569.0 0.40634882 0.5936512	825570.0 0.40634835 0.59365165	1.0000000000000000
81006261_7050	1797.0	26	25	1562510.0 0.30893177 0.69106823	1562512.0 0.30893204 0.691068	1.0000000000000000
81006261_7050	1797.0	29	27	3860843.0 0.509633 0.490367	3860842.0 0.5096326 0.49036738	1.0000000000000000
81006261_7050	1797.0	30	28	3241466.0 0.584066 0.41593403	3241466.0 0.5840663 0.41593373	1.0000000000000000
81006261_7050	1797.0	31	29	2943677.0 0.45801085 0.54198915	2943672.0 0.4580113 0.54198873	1.0000000000000000
81006261_7050	1797.0	32	30	3211924.0 0.4967244 0.50327563	3211920.0 0.49672377 0.5032762	0.9999999999999999
81006261_7050	1797.0	34	33	4450479.0 0.5279681 0.4720319	4450482.0 0.5279684 0.47203156	1.0000000000000000
81006261_7050	1797.0	35	34	3895247.0 0.53931576 0.46068427	3895244.0 0.5393162 0.46068385	1.0000000000000000
81006261_7050	1797.0	36	35	2977023.0 0.60277635 0.39722368	2977019.0 0.6027761 0.39722386	1.0000000000000000
81006261_6500	1780.0	35	36	2516983.0 0.4698244 0.5301756	2516984.0 0.4698254 0.5301746	1.0000000000000000
81006261_6500	1780.0	38	39	2192801.0 0.66081554 0.33918446	2192802.0 0.66081524 0.33918476	1.0000000000000000
81006261_6500	1780.0	39	40	1879428.0 0.39573956 0.60426044	1879429.0 0.39573988 0.60426015	1.0000000000000000
81006261_7050	1797.0	43	41	2172560.0 0.52273035 0.47726968	2172559.0 0.522731 0.47726896	1.0000000000000000
81006261_7050	1797.0	44	42	2593984.0 0.39973146 0.60026854	2593982.0 0.39973098 0.600269	1.0000000000000000
81006261_7050	1797.0	45	43	2368475.0 0.65742177 0.34257823	2368477.0 0.65742123 0.3425788	1.0000000000000000
81006261_7050	1797.0	46	44	2385622.0 0.3401159 0.6598841	2385624.0 0.34011647 0.65988356	1.0000000000000000
81006261_7050	1797.0	47	45	2633379.0 0.5978 0.40219998	2633379.0 0.5978 0.40219998	1.0000000000000000
81006261_7050	1797.0	48	46	1805116.0 0.5867462 0.41325378	1805117.0 0.5867459 0.4132541	1.0000000000000000
81006261_6500	1780.0	47	47	1690272.0 0.44133133 0.5586687	1690272.0 0.44133252 0.5586675	1.0000000000000000
81006261_20000	2763.0	52	52	1357991.0 0.14617328 0.8538267	1357989.0 0.14617276 0.85382724	1.0000000000000000
81006261_10000	2524.0	62	60	1872551.0 0.89339304 0.106606975	1872549.0 0.893394 0.10660602	1.0000000000000000
81006261_10000	2524.0	69	65	3207830.0 0.0619213 0.9380787	3207829.0 0.061921008 0.938079	1.0000000000000000
81006261_10000	2524.0	70	66	5166642.0 0.582428 0.417572	5166641.0 0.5824281 0.41757187	1.0000000000000000
81006261_10000	2524.0	71	67	3807762.0 0.5665913 0.43340865	3807763.0 0.56659096 0.43340907	1.0000000000000000
81006261_20000	2763.0	66	68	3376602.0 0.4887511 0.5112489	3376604.0 0.4887511 0.5112489	1.0000000000000000
81006261_10000	2524.0	73	69	3072120.0 0.56191945 0.43808055	3072120.0 0.5619198 0.43808022	1.0000000000000000
81006261_20000	2763.0	68	71	4183400.0 0.39063227 0.6093677	4183400.0 0.3906325 0.6093675	1.0000000000000000
81006261_10000	2524.0	77	72	4040442.0 0.6309283 0.36907175	4040439.0 0.63092846 0.36907154	1.0000000000000000
81006261_10000	2524.0	78	73	2473371.0 0.6029071 0.39709288	2473367.0 0.6029073 0.3970927	1.0000000000000000
80986885_3500	950.0	63	74	1178408.0 0.8310212 0.16897883	1178420.0 0.83345157 0.16654843	1.0000000000000000
81056132_2000	522.0	31	75	1453345.0 0.13671634 0.8632837	1453330.0 0.13504435 0.86495566	1.0000000000000000
81006261_10000	2524.0	81	76	3075898.0 0.4086826 0.5913174	3075898.0 0.4086826 0.5913174	1.0000000000000000
81006261_20000	2763.0	74	77	3906827.0 0.4655522 0.5344478	3906828.0 0.4655521 0.5344479	1.0000000000000000
81006261_10000	2524.0	85	80	4191146.0 0.6775271 0.3224729	4191147.0 0.67752695 0.32247305	1.0000000000000000
81006261_10000	2524.0	86	81	3313080.0 0.40793794 0.59206206	3313084.0 0.40793774 0.59206223	1.0000000000000000
