ID	BITRATE	START_IDX	CAPTURE_START_IDX	KEY	CAPTURE_KEY	CORRELATION
81006261_3500	773.0	0	0	290138.0 0.55342287 0.44657713	290136.0 0.5534267 0.44657332	1.0000000000000000
81006261_3500	773.0	1	1	328827.0 0.39403394 0.60596603	328824.0 0.39403147 0.60596853	1.0000000000000000
81006261_3500	773.0	2	2	361777.0 0.55077577 0.44922423	361779.0 0.5507699 0.44923005	1.0000000000000000
81006261_3500	773.0	3	3	344774.0 0.47137836 0.5286217	344774.0 0.47138706 0.528613	1.0000000000000000
80192815_7050	1931.0	2	5	485796.0 0.5916105 0.40838954	485783.0 0.5904488 0.40955117	1.0000000000000000
80109295_1200	381.0	37	6	376693.0 0.5200415 0.47995847	376679.0 0.5281765 0.47182348	1.0000000000000000
81006261_7050	1797.0	5	7	283481.0 0.626945 0.37305498	283479.0 0.6269459 0.3730541	1.0000000000000000
70251894_1200	400.0	22	8	239095.0 0.43816474 0.5618352	239077.0 0.44233868 0.55766135	1.0000000000000000
80081155_3500	980.0	72	10	458748.0 0.42668742 0.5733126	458732.0 0.43277338 0.5672266	1.0000000000000000
81006261_7050	1797.0	12	11	574958.0 0.45256522 0.54743475	574958.0 0.4525635 0.54743654	1.0000000000000000
81006261_7050	1797.0	13	12	513691.0 0.61272633 0.38727367	513692.0 0.6127271 0.38727292	0.9999999999999999
81006261_7050	1797.0	14	13	448859.0 0.44321045 0.5567896	448858.0 0.44321144 0.55678856	1.0000000000000000
81006261_4800	1211.0	12	15	507275.0 0.42554235 0.57445765	507277.0 0.4255466 0.5744534	1.0000000000000000
81006261_4800	1211.0	13	16	489881.0 0.59485465 0.40514532	489878.0 0.59485626 0.40514374	1.0000000000000000
81006261_4800	1211.0	14	17	498246.0 0.39834338 0.6016566	498245.0 0.39834017 0.60165983	1.0000000000000000
81006261_4800	1211.0	15	18	599146.0 0.5003338 0.49966618	599148.0 0.5003338 0.49966618	1.0000000000000000
81006261_4800	1211.0	16	19	407909.0 0.73392105 0.26607895	407912.0 0.7339181 0.2660819	1.0000000000000000
81006261_3500	773.0	17	22	689150.0 0.7111659 0.28883407	689151.0 0.7111649 0.2888351	1.0000000000000000
81006261_5500	1444.0	20	23	584836.0 0.34035012 0.6596499	584837.0 0.34035295 0.65964705	1.0000000000000000
81006261_4800	1211.0	24	27	1355802.0 0.14668292 0.8533171	1355804.0 0.14668344 0.85331655	1.0000000000000000
81006261_4800	1211.0	25	28	2223318.0 0.5203615 0.47963855	2223321.0 0.5203612 0.4796388	1.0000000000000000
81006261_4800	1211.0	26	29	1841553.0 0.5790705 0.42092952	1841555.0 0.5790709 0.42092904	1.0000000000000000
81006261_4800	1211.0	27	30	1692004.0 0.45813367 0.5418663	1692006.0 0.45813313 0.5418669	1.0000000000000000
81006261_4800	1211.0	28	31	1859805.0 0.49297643 0.5070236	1859807.0 0.49297696 0.50702304	1.0000000000000000
81006261_4800	1211.0	29	32	1141886.0 0.82579607 0.1742039	1141886.0 0.82579607 0.1742039	1.0000000000000000
81006261_6500	1780.0	31	34	3265042.0 0.53583753 0.46416247	3265042.0 0.53583753 0.46416247	1.0000000000000000
81006261_6500	1780.0	32	35	2842134.0 0.5332296 0.46677038	2842134.0 0.5332296 0.46677038	1.0000000000000000
81006261_5500	1444.0	32	36	2219525.0 0.59770626 0.40229374	2219526.0 0.597706 0.402294	1.0000000000000000
81006261_5500	1444.0	33	37	1091775.0 0.81784344 0.18215658	1091775.0 0.81784433 0.18215567	1.0000000000000000
81006261_5500	1444.0	34	38	1197351.0 0.16609499 0.83390504	1197351.0 0.16609415 0.8339059	1.0000000000000000
81006261_5500	1444.0	39	42	1643236.0 0.52830756 0.47169244	1643235.0 0.52830666 0.47169334	1.0000000000000000
81006261_5500	1444.0	40	43	1962598.0 0.3949367 0.60506326	1962600.0 0.39493683 0.6050632	1.0000000000000000
81006261_5500	1444.0	41	44	1785813.0 0.664961 0.335039	1785814.0 0.66496116 0.3350388	1.0000000000000000
81006261_5500	1444.0	42	45	1774521.0 0.337171 0.662829	1774521.0 0.337171 0.662829	1.0000000000000000
81006261_5500	1444.0	50	54	1149996.0 0.46218422 0.5378158	1149997.0 0.4621838 0.53781617	0.9999999999999999
81006261_5500	1444.0	56	61	2326744.0 0.5907921 0.40920788	2326745.0 0.59079313 0.40920687	1.0000000000000000
81006261_5500	1444.0	57	62	1896104.0 0.5021465 0.4978535	1896100.0 0.5021465 0.4978535	1.0000000000000000
81006261_5500	1444.0	58	63	2294420.0 0.4114251 0.5885749	2294419.0 0.41142443 0.5885756	1.0000000000000000
81006261_5500	1444.0	63	69	2528687.0 0.58442265 0.41557732	2528686.0 0.5844225 0.4155775	1.0000000000000000
81006261_5500	1444.0	64	70	1913009.0 0.5493257 0.4506743	1913007.0 0.54932624 0.45067373	1.0000000000000000
81006261_5500	1444.0	65	71	1773335.0 0.48617098 0.51382905	1773330.0 0.48617122 0.5138288	1.0000000000000000
81006261_5500	1444.0	66	72	1589027.0 0.573427 0.42657298	1589023.0 0.57342654 0.42657343	1.0000000000000000
81006261_5500	1444.0	69	75	2376181.0 0.37736392 0.6226361	2376182.0 0.37736252 0.6226375	1.0000000000000000
81006261_5500	1444.0	70	76	2329352.0 0.6351535 0.36484653	2329356.0 0.63515407 0.3648459	1.0000000000000000
81006261_5500	1444.0	71	77	1369280.0 0.62065905 0.37934098	1369280.0 0.62065905 0.37934098	1.0000000000000000
81006261_5500	1444.0	74	79	1571972.0 0.4379569 0.5620431	1571973.0 0.43795663 0.56204337	1.0000000000000000
81006261_5500	1444.0	75	80	2108739.0 0.41897836 0.58102167	2108741.0 0.41897842 0.58102155	1.0000000000000000
81006261_4800	1211.0	78	82	2241803.0 0.69593716 0.30406284	2241799.0 0.69593704 0.30406293	1.0000000000000000
81006261_4800	1211.0	79	83	1687464.0 0.40394875 0.5960512	1687463.0 0.40394843 0.5960516	1.0000000000000000
