ID	BITRATE	START_IDX	CAPTURE_START_IDX	KEY	CAPTURE_KEY	CORRELATION
81006261_4800	1211.0	4	0	407175.0 0.39871308 0.6012869	407174.0 0.39870915 0.6012908	1.0000000000000000
80081770_3500	1048.0	16	2	340059.0 0.57637644 0.42362356	340064.0 0.5853104 0.4146896	1.0000000000000000
81006261_6500	1780.0	6	4	365409.0 0.59259623 0.40740377	365408.0 0.5925951 0.40740487	1.0000000000000000
80191608_4800	1510.0	10	7	409426.0 0.4855847 0.5144153	409410.0 0.486058 0.513942	1.0000000000000000
81006261_15000	2561.0	12	13	1477767.0 0.46979937 0.53020066	1477769.0 0.4697994 0.5302006	1.0000000000000000
81006261_10000	2524.0	14	14	1450898.0 0.54002005 0.45997995	1450897.0 0.5400204 0.4599796	1.0000000000000000
81006261_10000	2524.0	15	15	866322.0 0.7703648 0.22963516	866321.0 0.7703646 0.22963543	1.0000000000000000
81006261_10000	2524.0	16	16	834200.0 0.23847759 0.7615224	834199.0 0.23847787 0.7615221	1.0000000000000000
81006261_15000	2561.0	16	17	1533333.0 0.4143014 0.5856986	1533332.0 0.414301 0.58569896	1.0000000000000000
81006261_15000	2561.0	17	18	1096543.0 0.8190021 0.18099792	1096542.0 0.8190028 0.18099718	1.0000000000000000
81006261_15000	2561.0	18	19	1111965.0 0.17848763 0.82151234	1111964.0 0.1784869 0.8215131	1.0000000000000000
81006261_15000	2561.0	19	20	1826653.0 0.50009114 0.49990886	1826655.0 0.5000906 0.4999094	1.0000000000000000
81006261_15000	2561.0	29	30	4314680.0 0.49303007 0.5069699	4314683.0 0.4930367 0.5069633	1.0000000000000000
81006261_15000	2561.0	32	32	6015464.0 0.5261398 0.4738602	6015468.0 0.52613515 0.47386488	1.0000000000000000
81006261_20000	2763.0	31	33	5347532.0 0.5330532 0.4669468	5347531.0 0.5330533 0.46694672	1.0000000000000000
81006261_20000	2763.0	32	34	4108483.0 0.6077701 0.39222994	4108481.0 0.60777014 0.39222988	1.0000000000000000
81006261_20000	2763.0	35	37	2865241.0 0.6401123 0.3598877	2865242.0 0.64011174 0.3598883	1.0000000000000000
81006261_20000	2763.0	38	40	1838728.0 0.108193815 0.8918062	1838724.0 0.108192965 0.891807	1.0000000000000000
81006261_20000	2763.0	39	41	3267574.0 0.50183684 0.49816316	3267572.0 0.50183654 0.49816346	1.0000000000000000
81006261_20000	2763.0	45	47	2556422.0 0.58569944 0.41430053	2556424.0 0.5856994 0.4143006	1.0000000000000000
81006261_20000	2763.0	46	48	2510852.0 0.42181978 0.57818025	2510852.0 0.42182016 0.57817984	1.0000000000000000
81006261_20000	2763.0	47	49	2850841.0 0.5092269 0.49077308	2850840.0 0.50922674 0.49077326	1.0000000000000000
81006261_20000	2763.0	48	50	1597592.0 0.8757655 0.124234475	1597591.0 0.8757661 0.124233924	1.0000000000000000
81006261_10000	2524.0	54	53	2289173.0 0.49349046 0.50650954	2289176.0 0.4934911 0.5065089	0.9999999999999999
81006261_10000	2524.0	55	54	1357988.0 0.8538279 0.14617214	1357990.0 0.8538266 0.14617339	1.0000000000000000
81006261_10000	2524.0	62	60	1872551.0 0.89339304 0.106606975	1872550.0 0.8933935 0.1066065	1.0000000000000000
81006261_10000	2524.0	68	64	2978123.0 0.93330264 0.06669738	2978122.0 0.9333026 0.066697404	1.0000000000000000
81006261_10000	2524.0	69	65	3207830.0 0.0619213 0.9380787	3207830.0 0.0619213 0.9380787	1.0000000000000000
81006261_15000	2561.0	67	67	3807794.0 0.5665942 0.4334058	3807791.0 0.56659466 0.43340534	1.0000000000000000
81006261_20000	2763.0	66	68	3376602.0 0.4887511 0.5112489	3376600.0 0.4887511 0.5112489	1.0000000000000000
81006261_10000	2524.0	85	83	4191146.0 0.6775271 0.3224729	4191145.0 0.6775275 0.3224725	1.0000000000000000
81006261_20000	2763.0	79	85	2943709.0 0.3336461 0.6663539	2943709.0 0.3336461 0.6663539	1.0000000000000000
