ID	BITRATE	START_IDX	CAPTURE_START_IDX	KEY	CAPTURE_KEY	CORRELATION
81056132_7050	504.0	12	16	458166.4 0.43311337 0.2620336 0.76133037 0.43406937 0.36148003 0.2726586 0.43418285 0.6981961 0.62815386 0.5333826 0.43345168 0.5991273 0.6076177 0.65101236 0.43552953 0.9758856 0.24987864 0.43319196 0.23346758 0.5622368	458166.6 0.43311757 0.26203352 0.7613257 0.4340692 0.36147988 0.27266064 0.43417832 0.698198 0.62814707 0.53338677 0.4334515 0.59912926 0.60761744 0.65101427 0.43553373 0.97588086 0.24987637 0.43319395 0.23346967 0.56223655	0.9999999998780906
81056132_7050	504.0	13	17	455175.9 0.26375517 0.7663323 0.43692118 0.36385494 0.27444994 0.43703544 0.7027832 0.6322808 0.53688693 0.43629944 0.6030636 0.6116097 0.65528953 0.43839094 0.9822972 0.25152034 0.43603802 0.23500146 0.56593066 0.37025905	455175.9 0.26375517 0.7663279 0.43692118 0.36385494 0.27445215 0.43703103 0.70278543 0.6322742 0.53689134 0.43629944 0.6030657 0.6116097 0.65529174 0.43839535 0.9822928 0.25151816 0.43604022 0.23500365 0.56593066 0.37025905	0.9999999998907270
81056132_7050	504.0	14	18	460127.3 0.75808585 0.4322195 0.35993952 0.2714966 0.43233252 0.69522065 0.6254769 0.5311095 0.43160444 0.596574 0.6050282 0.648238 0.43367344 0.9717267 0.24881375 0.43134585 0.23247261 0.5598407 0.3662747 0.36852628	460127.3 0.7580815 0.4322195 0.35993952 0.27149877 0.43232816 0.6952228 0.62547034 0.53111386 0.43160444 0.5965762 0.6050282 0.64824015 0.4336778 0.97172236 0.24881157 0.431348 0.23247479 0.5598407 0.3662747 0.36852628	0.9999999998850108
81056132_7050	504.0	15	19	445101.7 0.44681025 0.37209025 0.2806617 0.4469271 0.7186897 0.64659154 0.5490386 0.44617444 0.616713 0.6254526 0.670121 0.4483133 1.00453 0.25721315 0.4459071 0.24032037 0.57873964 0.3786393 0.38096687 0.4461003	445101.9 0.44681004 0.37209007 0.28066382 0.44692236 0.7186916 0.6465845 0.5490428 0.44617423 0.61671495 0.6254523 0.6701229 0.44831756 1.0045251 0.25721076 0.4459091 0.2403225 0.5787394 0.37863913 0.3809667 0.4461001	0.9999999998803366
81056132_10000	498.0	18	20	435985.5 0.37987274 0.28652328 0.45626977 0.7337171 0.66010684 0.56052095 0.45550597 0.6296081 0.63853043 0.6841283 0.45768952 1.025541 0.2625959 0.45523074 0.24534301 0.59084076 0.38655874 0.38893265 0.4554257 0.24705867	435985.5 0.37987044 0.28653246 0.45626748 0.73371935 0.6601045 0.5605232 0.45550367 0.62961036 0.63853043 0.68413514 0.45769182 1.0255295 0.262589 0.45523304 0.2453476 0.59084076 0.38655645 0.38893265 0.455428 0.24705409	0.9999999997302806
81056132_10000	498.0	19	21	432970.7 0.28851837 0.45944682 0.738826 0.6647032 0.5644239 0.4586777 0.63399214 0.6429766 0.6888919 0.46087646 1.032682 0.26442435 0.45840055 0.24705137 0.59495485 0.38925037 0.39164084 0.45859686 0.24877897 0.31288722	432971.1 0.28852734 0.45944408 0.7388276 0.66470027 0.56442565 0.45867497 0.6339938 0.6429759 0.6888982 0.46087834 1.0326694 0.2644172 0.45840243 0.24705575 0.59495425 0.3892477 0.39164045 0.45859873 0.24877411 0.31289387	0.9999999997255853
81056132_10000	498.0	20	22	437552.9 0.45463532 0.73108876 0.6577422 0.55851305 0.45387426 0.6273527 0.63624305 0.6816776 0.45604998 1.0218673 0.2616552 0.4536 0.24446416 0.58872426 0.385174 0.38753942 0.45379427 0.24617366 0.30961055 0.39022025	437553.1 0.45463282 0.7310907 0.6577396 0.5585151 0.4538718 0.62735474 0.6362428 0.68168414 0.4560521 1.0218555 0.26164824 0.4536021 0.24446861 0.58872396 0.38517153 0.38753927 0.45379636 0.24616899 0.30961728 0.39022464	0.9999999997424746
81056132_10000	498.0	21	23	437621.8 0.7309736 0.6576386 0.55842507 0.4538028 0.62725395 0.63614285 0.68157023 0.45597818 1.0217063 0.26161402 0.45352858 0.24442565 0.5886315 0.38511336 0.3874784 0.4537228 0.24613489 0.30956182 0.3901588 0.45613813	437621.7 0.7309761 0.6576365 0.5584275 0.45380065 0.6272564 0.6361431 0.68157727 0.4559806 1.0216953 0.26160723 0.453531 0.2444303 0.5886317 0.38511118 0.3874785 0.45372522 0.24613039 0.30956876 0.39016348 0.45612913	0.9999999996835374
81056132_10000	498.0	22	24	417593.9 0.6891791 0.5852073 0.47556728 0.6573372 0.66665244 0.7142585 0.477847 1.0707077 0.2741611 0.47527993 0.25614837 0.6168625 0.40358347 0.40606195 0.47548348 0.25793958 0.32440847 0.4088709 0.47801465 0.286429	417593.8 0.68917686 0.58520985 0.475565 0.6573397 0.6666526 0.7142658 0.4778495 1.070696 0.27415398 0.47528243 0.25615323 0.6168626 0.40358117 0.40606204 0.47548598 0.25793487 0.3244157 0.4088758 0.47800517 0.28643146	0.9999999996882957
