ID	BITRATE	START_IDX	CAPTURE_START_IDX	KEY	CAPTURE_KEY	CORRELATION
81056132_7050	504.0	16	18	438863.2 0.37737957 0.28465134 0.4532802 0.728906 0.65578294	438864.0 0.37738115 0.2846531 0.45328394 0.72890234 0.6557795	0.9999999999546232
81056132_7050	504.0	17	19	470367.2 0.26558614 0.42292064 0.6800857 0.6118603 0.5195473	470368.0 0.2655878 0.4229242 0.6800824 0.6118571 0.51954854	0.9999999999343200
81056132_7050	504.0	18	20	499835.2 0.3979872 0.639991 0.5757878 0.48891717 0.39731696	499835.6 0.39799085 0.6399884 0.57578534 0.48891875 0.39731663	0.9999999998792694
81056132_7050	504.0	19	21	530064.0 0.60349315 0.5429514 0.4610349 0.37465852 0.517862	530063.6 0.6034917 0.5429499 0.4610371 0.3746588 0.5178624	0.9999999999019824
81056132_7050	504.0	20	22	513464.0 0.56050473 0.4759399 0.38677102 0.5346042 0.5421802	513464.0 0.56050277 0.47594184 0.38677102 0.5346042 0.5421802	0.9999999998444800
81056132_7050	504.0	21	23	517653.2 0.47208828 0.38364103 0.5302778 0.5377925 0.5762004	517652.4 0.47209093 0.3836416 0.5302786 0.5377933 0.57619554	0.9999999994791731
81056132_7050	504.0	22	24	499720.0 0.39740855 0.5493076 0.55709195 0.59687823 0.39931363	499719.6 0.39740887 0.54930806 0.5570924 0.59687275 0.39931795	0.9999999996623424
81056132_7050	504.0	23	25	599130.0 0.45816433 0.4646571 0.49784186 0.33305794 0.74627876	599130.8 0.4581637 0.46465644 0.4978362 0.33306083 0.74628276	0.9999999997055126
81056132_7050	504.0	24	26	535124.4 0.5202342 0.5573882 0.37289461 0.83554035 0.21394278	535125.2 0.5202334 0.55738175 0.3728978 0.83554465 0.21394247	0.9999999998400524
81056132_7050	504.0	25	27	503158.0 0.5927999 0.39658517 0.8886235 0.22753489 0.39445662	503158.8 0.5927929 0.3965885 0.888628 0.22753452 0.39445597	0.9999999998502569
81056132_6500	498.0	24	28	486891.2 0.409839 0.9183181 0.23514083 0.40763727 0.52906483	486890.0 0.40984002 0.91832036 0.2351373 0.40763623 0.5290661	0.9999999999861350
81056132_10000	498.0	35	34	312822.0 0.5420623 0.63473475 0.34433 0.43306097 0.545812	312823.6 0.5420627 0.6347283 0.34432507 0.43306515 0.5458188	0.9999999987197402
81056132_10000	498.0	36	35	324840.8 0.61125016 0.33159012 0.4170381 0.5256175 0.61450404	324841.2 0.6112464 0.33158666 0.41704378 0.52562606 0.6144972	0.9999999986344577
81056132_3500	521.0	27	36	293263.2 0.36729464 0.46195364 0.58221763 0.6806685 0.4078657	293262.8 0.36729172 0.46195084 0.5822252 0.6806659 0.40786624	0.9999999994404686
81056132_5500	505.0	34	38	341992.4 0.49925962 0.58368546 0.34975338 0.4860985 0.581203	341992.4 0.49926546 0.5836796 0.34975046 0.48609558 0.5812088	0.9999999984346221
81056132_5500	505.0	35	39	353330.0 0.56495625 0.33853054 0.47050068 0.5625534 0.5634591	353329.6 0.56495124 0.3385281 0.47049838 0.5625597 0.56346256	0.9999999990570533
81056132_4200	509.0	35	41	409500.4 0.40596053 0.48539636 0.48617047 0.87398446 0.24848816	409500.4 0.40596053 0.4853939 0.4861729 0.87398446 0.24848816	0.9999999999719200
81056132_4200	509.0	36	42	422483.2 0.47048026 0.4712306 0.8471272 0.24085219 0.47030985	422483.2 0.47047788 0.47123295 0.8471272 0.24085219 0.47030985	0.9999999999705498
81056132_4200	509.0	37	43	394144.4 0.5051118 0.9080352 0.25816932 0.5041249 0.3245587	394144.8 0.50511384 0.90803427 0.25816908 0.50412434 0.32455838	0.9999999999899353
81056132_6500	498.0	42	44	363246.8 0.98526675 0.2801291 0.547 0.35216275 0.33544135	363248.4 0.98526794 0.28012785 0.5470031 0.35216397 0.33543712	0.9999999999625583
81056132_4200	509.0	39	45	276904.4 0.367477 0.71756893 0.4619753 0.44003272 0.51294595	276904.4 0.367477 0.71756893 0.4619753 0.44003272 0.51294595	1.0000000000000000
81056132_4200	509.0	40	46	701766.0 0.28313997 0.18228726 0.1736291 0.20239937 1.6585443	701765.6 0.28314012 0.18228735 0.1736292 0.20239948 1.6585437	0.9999999999999979
81056132_4200	509.0	41	47	701909.6 0.18224996 0.17359358 0.20235796 1.6582049 0.28359348	701909.6 0.18224996 0.17359358 0.20235796 1.6582035 0.2835949	0.9999999999994709
81056132_4200	509.0	42	48	848163.6 0.14365979 0.16746415 1.3722706 0.23469174 0.58191365	848164.0 0.14365971 0.16746408 1.3722688 0.23469281 0.5819146	0.9999999999988600
81056132_4200	509.0	43	49	975499.2 0.14560443 1.193143 0.20405655 0.50595427 0.4512418	975499.6 0.14560436 1.1931415 0.20405748 0.5059551 0.45124158	0.9999999999989344
81056132_7050	504.0	49	50	1041383.6 1.1176564 0.19114953 0.4739454 0.4226934 0.29455525	1041383.2 1.1176568 0.1911477 0.47394562 0.42269358 0.29455632	0.9999999999960741
81056132_7050	504.0	50	51	727872.0 0.27348214 0.6780849 0.6047574 0.42142713 0.52224845	727871.2 0.2734797 0.6780856 0.6047581 0.42142895 0.5222476	0.9999999999628034
81056132_6500	498.0	49	52	727676.0 0.67826754 0.6049176 0.42154062 0.5223877 0.27288657	727676.4 0.6782672 0.60492 0.42154178 0.52238744 0.27288368	0.9999999999494764
81056132_6500	498.0	50	53	854141.6 0.5153525 0.35912663 0.44504213 0.23248252 0.9479962	854142.8 0.5153541 0.35912728 0.4450415 0.23247986 0.9479972	0.9999999999877182
81056132_6500	498.0	51	54	848264.0 0.361615 0.4481258 0.2340934 0.95456487 0.5016009	848276.0 0.36161107 0.4481195 0.23408772 0.9545537 0.501628	0.9999999984579954
81056132_6500	498.0	52	55	777184.4 0.48911044 0.2555031 1.0418674 0.5474763 0.16604297	777196.4 0.4891029 0.25549656 1.0418538 0.54750514 0.16604169	0.9999999988390839
81056132_6500	498.0	53	56	910952.4 0.21798395 0.88887525 0.4670826 0.14166054 0.7843978	910964.8 0.21797878 0.8888653 0.46710804 0.14165969 0.7843881	0.9999999991004640
