ID	BITRATE	START_IDX	CAPTURE_START_IDX	KEY	CAPTURE_KEY	CORRELATION
81056132_7050	504.0	12	16	566704.94 1.641498 1.3898379 1.6690907	566705.6 1.6414942 1.3898432 1.6690853	0.9999999997711894
81056132_7050	504.0	13	17	591667.75 1.3311998 1.5986708 2.0964198	591667.2 1.3312079 1.598669 2.0964217	0.9999999998692148
81056132_7050	504.0	14	18	582360.7 1.6242203 2.129924 1.4532111	582360.94 1.6242161 2.129923 1.4532036	0.9999999998601216
81056132_7050	504.0	15	19	552914.1 2.2433574 1.5306047 1.5663319	552914.25 2.243357 1.5305972 1.5663406	0.9999999998540736
81056132_7050	504.0	16	20	599918.56 1.4106798 1.4436076 1.1735476	599918.8 1.4106725 1.4436153 1.1735488	0.9999999998725495
81056132_7050	504.0	17	21	564071.44 1.5353498 1.2481273 2.3030877	564071.2 1.5353594 1.2481297 2.3030887	0.9999999998688209
81056132_7050	504.0	18	22	577946.0 1.218164 2.2477982 1.4693552	577946.7 1.2181642 2.2477956 1.4693466	0.9999999998586449
81056132_7050	504.0	19	23	542562.25 2.3943906 1.5651808 1.6785042	542563.06 2.394387 1.565171 1.678509	0.9999999998869959
81056132_7050	504.0	20	24	589599.75 1.4403127 1.5445952 1.1934621	589599.9 1.4403056 1.5446018 1.193467	0.9999999998875266
81056132_10000	498.0	23	25	509881.88 1.7860843 1.380055 2.1317348	509881.06 1.7860969 1.380063 2.1317265	0.9999999997469323
81056132_10000	498.0	24	26	509347.6 1.3815025 2.133971 1.3681874	509348.12 1.381507 2.133957 1.3681841	0.9999999997352084
81056132_10000	498.0	25	27	484135.06 2.245103 1.4394392 1.72897	484136.0 2.2450862 1.4394344 1.728979	0.9999999997329020
81056132_10000	498.0	26	28	515132.12 1.3528239 1.6249326 1.3679733	515130.94 1.3528249 1.624948 1.3679764	0.9999999996570240
81056132_10000	498.0	27	29	441436.28 1.8962079 1.5963504 2.1113896	441436.0 1.8962228 1.5963515 2.1113775	0.9999999996580838
