ID	BITRATE	START_IDX	CAPTURE_START_IDX	KEY	CAPTURE_KEY	CORRELATION
81056132_5500	505.0	0	0	629414.0 0.31573814 0.7103751 0.47388682	629414.0 0.31573814 0.7103751 0.47388682	1.0000000000000000
81056132_4800	515.0	27	5	355894.0 0.72380257 0.4735455 0.3026519	355895.34 0.7237999 0.4735437 0.30265638	0.9999999999590607
81056132_4800	515.0	5	6	274478.66 0.61400765 0.39242396 0.49356842	274480.0 0.6140047 0.39242932 0.493566	0.9999999997880802
80163052_5500	422.0	2	9	336436.66 0.59289616 0.3170047 0.5900992	336423.34 0.59130263 0.31795952 0.5907378	0.9999752685229796
81075239_1200	434.0	0	10	336112.66 0.31634036 0.5927685 0.5908912	336097.34 0.3182679 0.59131086 0.5904212	0.9999952713548844
81056132_7050	504.0	12	12	444872.66 0.44605574 0.26986375 0.78408056	444872.0 0.44605863 0.2698619 0.7840795	0.9999999999522479
81056132_7050	504.0	13	13	445164.66 0.26968673 0.78356624 0.44674706	445162.66 0.2696857 0.78356755 0.44674683	1.0000000000000000
81056132_7050	504.0	14	14	475540.0 0.73351556 0.41821086 0.34827355	475539.34 0.7335145 0.41820934 0.34827614	0.9999999999586985
81056132_7050	504.0	15	15	326278.0 0.6095293 0.5075978 0.38287288	326278.0 0.6095262 0.5076009 0.38287288	0.9999999997089913
81056132_7050	504.0	16	16	326312.66 0.5075439 0.38283223 0.6096239	326314.66 0.50754386 0.38282987 0.6096263	0.9999999999987959
81056132_4800	515.0	14	17	407766.66 0.3063615 0.48784763 0.70579094	407767.34 0.30635852 0.4878517 0.70578974	0.9999999998380484
81056132_4800	515.0	15	18	537744.7 0.3699302 0.5351945 0.5948752	537745.3 0.3699335 0.53519386 0.5948727	0.9999999999983533
81056132_4800	515.0	16	19	568043.3 0.506648 0.56314546 0.43020663	568045.3 0.5066462 0.5631417 0.43021217	0.9999999998542296
81056132_4800	515.0	17	20	508570.66 0.6290001 0.48051533 0.39048457	508575.34 0.6289923 0.48051876 0.39048883	0.9999999998448751
81056132_4800	515.0	18	21	480904.66 0.5081589 0.4129488 0.5788923	480908.66 0.50816303 0.41295367 0.57888335	0.9999999987770632
81056132_7050	504.0	22	22	500988.66 0.39640218 0.5479166 0.5556812	500988.66 0.39640218 0.5556812 0.5479166	0.9962620072090682
81056132_20000	489.0	37	24	514878.0 0.533136 0.5793042 0.38755977	514878.0 0.533136 0.5793042 0.38755977	1.0000000000000000
81056132_7050	504.0	25	25	629956.7 0.47348017 0.31675988 0.7097599	629958.0 0.4734776 0.3167608 0.7097616	0.9999999999390894
81056132_7050	504.0	26	26	507432.66 0.3932443 0.8811376 0.22561811	507436.0 0.39324367 0.88113576 0.22562057	0.9999999999948301
81056132_7050	504.0	30	29	355398.66 0.3009775 0.72481424 0.47420833	355398.66 0.30098313 0.72481143 0.4742055	0.9999999999095668
81056132_7050	504.0	31	30	397133.34 0.6486436 0.42437384 0.42698252	397132.66 0.6486422 0.42437205 0.4269858	0.9999999998064780
81056132_3500	521.0	27	34	275954.0 0.39033318 0.49092963 0.61873716	275954.66 0.39033225 0.49092847 0.6187393	0.9999999999677543
81056132_7050	504.0	35	35	337222.66 0.4017316 0.5063272 0.59194124	337222.0 0.40173537 0.5063252 0.59193945	0.9999999998695498
81056132_7050	504.0	36	36	326648.0 0.52271867 0.6111043 0.36617705	326646.66 0.5227177 0.6111038 0.36617854	0.9999999999871103
81056132_5500	505.0	35	37	323647.34 0.6167701 0.36957818 0.51365167	323646.0 0.61676955 0.36957353 0.5136569	0.9999999994024401
81056132_5500	505.0	36	38	323081.34 0.37022564 0.5145515 0.61522275	323082.66 0.37021795 0.51455253 0.61522955	0.9999999999996900
81056132_7050	504.0	40	39	376068.0 0.44205302 0.5285507 0.5293963	376066.66 0.44205728 0.5285499 0.52939284	0.9999999996659023
81056132_7050	504.0	41	40	359932.0 0.552246 0.5531295 0.39462453	359929.34 0.5522473 0.553128 0.39462468	0.9999999998847913
81056132_7050	504.0	42	41	466015.34 0.42721555 0.30479255 0.7679919	466012.66 0.42721373 0.30479217 0.76799417	0.9999999999875977
81056132_7050	504.0	43	42	465754.0 0.30496356 0.76842284 0.42661363	465752.0 0.30496272 0.768424 0.4266133	1.0000000000000000
81056132_7050	504.0	44	43	456344.0 0.784268 0.43541056 0.28032142	456342.66 0.78426814 0.43540967 0.28032225	0.9999999999945134
81056132_7050	504.0	45	44	298978.66 0.6645859 0.42786667 0.40754747	298978.0 0.66458404 0.4278676 0.40754837	0.9999999999995385
81056132_7050	504.0	46	45	234351.33 0.54585993 0.51993734 0.4342028	234352.0 0.5458584 0.51993585 0.4342058	0.9999999999562803
81056132_7050	504.0	47	46	925008.7 0.13172632 0.11000545 1.2582682	925008.7 0.13172632 0.11000653 1.258267	0.9999999999996806
81056132_7050	504.0	48	47	976483.3 0.10420659 1.1919395 0.20385396	976483.3 0.10420762 1.1919384 0.20385396	0.9999999999997361
81056132_7050	504.0	49	48	1237685.4 0.94039166 0.16083248 0.39877582	1237685.4 0.9403908 0.16083248 0.39877662	0.9999999999988946
81056132_7050	504.0	50	49	755203.3 0.26358464 0.65354455 0.58287084	755204.0 0.2635844 0.65354526 0.5828703	0.9999999999960034
81056132_7050	504.0	51	50	826993.3 0.59681135 0.53227276 0.37091595	826994.7 0.5968116 0.53227186 0.37091652	0.9999999999830382
81056132_7050	504.0	52	51	751374.0 0.5858414 0.4082454 0.50591314	751373.3 0.58584195 0.40824714 0.505911	0.9999999997767426
81056132_6500	498.0	51	52	590298.0 0.5196443 0.6439612 0.3363945	590299.3 0.51964486 0.64395803 0.33639714	0.9999999999877610
81056132_6500	498.0	52	53	925616.7 0.41067648 0.21453048 0.874793	925619.3 0.41067424 0.21453205 0.87479377	0.9999999999825642
81056132_6500	498.0	53	54	955857.3 0.20774335 0.847117 0.44513965	955879.3 0.20774066 0.8471007 0.44515872	0.9999999988777342
81056132_7050	504.0	55	55	909508.7 0.8902895 0.4678229 0.14188759	909528.0 0.89027053 0.46784487 0.14188458	0.9999999988032017
81056132_7050	504.0	56	56	846057.3 0.502908 0.15252867 0.84456336	846076.7 0.50293076 0.15252519 0.844544	0.9999999983646787
81056132_7050	504.0	57	57	928603.3 0.13897 0.76948786 0.5915421	928604.0 0.1389699 0.7694873 0.5915428	0.9999999999982797
81056132_10000	498.0	64	59	632248.7 0.8688179 0.22229543 0.40888658	632248.0 0.8688189 0.22229569 0.40888545	0.9999999999964462
81056132_7050	504.0	61	60	367133.34 0.3828146 0.7041529 0.4130325	367136.0 0.38281727 0.7041451 0.4130377	0.9999999999470727
