ID	BITRATE	START_IDX	CAPTURE_START_IDX	KEY	CAPTURE_KEY	CORRELATION
81056132_7050	504.0	12	5	412721.2 0.480804 0.29088646 0.8451614 0.48186526 0.401283	412721.2 0.48080158 0.29088646 0.84515893 0.48186767 0.40128544	0.9999999999514143
81056132_7050	504.0	13	6	383315.2 0.31320179 0.9099979 0.5188315 0.43206742 0.3259015	383316.0 0.31320113 0.90999335 0.51883304 0.4320691 0.32590345	0.9999999999783297
81056132_7050	504.0	14	7	414864.4 0.8407952 0.4793759 0.39920995 0.30111766 0.47950125	414864.0 0.8407936 0.4793788 0.39921275 0.30112037 0.47949448	0.9999999998145153
81056132_7050	504.0	15	8	403294.0 0.49312907 0.4106632 0.30975667 0.49325803 0.79319304	403294.4 0.49313107 0.41066524 0.3097588 0.49325007 0.7931947	0.9999999996979766
81056132_7050	504.0	16	9	438863.2 0.37737957 0.28465134 0.4532802 0.728906 0.65578294	438863.2 0.37738186 0.28465363 0.4532734 0.72890824 0.65578294	0.9999999997780221
81056132_7050	504.0	17	10	470367.2 0.26558614 0.42292064 0.6800857 0.6118603 0.5195473	470367.6 0.26558802 0.4229139 0.68008727 0.61185974 0.5195511	0.9999999996944547
81056132_7050	504.0	18	11	499835.2 0.3979872 0.639991 0.5757878 0.48891717 0.39731696	499835.6 0.39798087 0.6399924 0.5757873 0.48892078 0.39731863	0.9999999994576940
81056132_7050	504.0	19	12	530064.0 0.60349315 0.5429514 0.4610349 0.37465852 0.517862	530065.2 0.6034937 0.5429502 0.46103764 0.37465957 0.5178589	0.9999999997197750
81056132_7050	504.0	20	13	513464.0 0.56050473 0.4759399 0.38677102 0.5346042 0.5421802	513465.2 0.5605034 0.47594267 0.3867721 0.534601 0.54218084	0.9999999996195121
81056132_7050	504.0	21	14	517653.2 0.47208828 0.38364103 0.5302778 0.5377925 0.5762004	517653.6 0.47209176 0.38364264 0.53027546 0.537794 0.57619613	0.9999999994746647
81056132_7050	504.0	22	15	499720.0 0.39740855 0.5493076 0.55709195 0.59687823 0.39931363	499719.6 0.39741087 0.54930604 0.55709445 0.5968747 0.39931393	0.9999999997495597
81056132_7050	504.0	23	16	599130.0 0.45816433 0.4646571 0.49784186 0.33305794 0.74627876	599130.0 0.45816267 0.46465877 0.49783853 0.33305794 0.7462821	0.9999999998899450
81056132_7050	504.0	24	17	535124.4 0.5202342 0.5573882 0.37289461 0.83554035 0.21394278	535125.2 0.5202353 0.5573836 0.37289405 0.8355428 0.21394433	0.9999999999282408
81056132_3500	521.0	18	18	491596.4 0.60673755 0.40591428 0.9095266 0.23288819 0.34493336	491597.2 0.6067366 0.4059116 0.90952516 0.23288782 0.3449389	0.9999999999363727
81056132_4200	509.0	28	26	324842.0 0.3315889 0.61124796 0.41704273 0.5256217 0.61449873	324843.2 0.3315846 0.6112488 0.4170443 0.52562284 0.61449957	0.9999999998956531
81056132_7050	504.0	34	27	329602.0 0.60242355 0.41101995 0.51803386 0.6056274 0.36289525	329602.4 0.6024228 0.41102248 0.5180332 0.60562664 0.3628948	0.9999999999397476
81056132_5500	505.0	34	29	341992.4 0.49925962 0.58368546 0.34975338 0.4860985 0.581203	341994.8 0.49926195 0.58368134 0.34974506 0.48610094 0.58121055	0.9999999987033119
