ID	BITRATE	START_IDX	CAPTURE_START_IDX	KEY	CAPTURE_KEY	CORRELATION
70021636_4800	1212.0	2	0	476992.0 0.41191885 0.5880811	477017.0 0.41639397 0.58360606	1.0000000000000000
81056132_15000	498.0	6	5	412759.0 0.27736765 0.72263235	412758.0 0.27736592 0.7226341	1.0000000000000000
81056132_4800	515.0	22	6	745392.0 0.40015456 0.59984547	745389.0 0.4001575 0.5998425	1.0000000000000000
81056132_4800	515.0	0	7	645620.0 0.6925436 0.3074564	645612.0 0.692546 0.30745402	1.0000000000000000
81056132_4800	515.0	1	8	368069.0 0.53930104 0.46069893	368065.0 0.53929603 0.46070394	1.0000000000000000
81006261_1200	333.0	4	10	367150.0 0.45882338 0.5411766	367140.0 0.45904288 0.54095715	0.9999999999999999
70103763_6500	1462.0	37	11	561954.0 0.35427988 0.6457201	561935.0 0.35343412 0.64656585	1.0000000000000000
80144140_15000	594.0	55	14	306580.0 0.35155588 0.6484441	306564.0 0.3489255 0.65107447	1.0000000000000000
81056132_7050	504.0	12	16	318493.0 0.62305295 0.37694705	318495.0 0.6230553 0.3769447	0.9999999999999999
81056132_7050	504.0	13	17	468871.0 0.25605124 0.74394876	468869.0 0.25605235 0.7439477	1.0000000000000000
81056132_7050	504.0	14	18	547692.0 0.6368835 0.3631165	547690.0 0.6368822 0.3631178	1.0000000000000000
80232502_1200	452.0	14	19	364469.0 0.55519676 0.44480327	364494.0 0.54562217 0.45437786	1.0000000000000000
81056132_7050	504.0	16	20	290541.0 0.57003313 0.42996687	290542.0 0.57003117 0.4299688	1.0000000000000000
70298735_20000	448.0	8	21	323825.0 0.392428 0.607572	323850.0 0.38574648 0.6142535	1.0000000000000000
81076251_7050	1771.0	2	22	518798.0 0.38285807 0.6171419	518817.0 0.3834223 0.6165777	1.0000000000000000
81056132_7050	504.0	19	23	607689.0 0.52640414 0.47359586	607687.0 0.5264075 0.4735925	1.0000000000000000
81056132_7050	504.0	20	24	532177.0 0.5407956 0.45920438	532176.0 0.54079103 0.459209	1.0000000000000000
81056132_7050	504.0	21	25	442971.0 0.55167943 0.44832054	442973.0 0.55168146 0.4483185	1.0000000000000000
81056132_7050	504.0	22	26	473093.0 0.4197758 0.58022416	473094.0 0.41977492 0.58022505	1.0000000000000000
81056132_7050	504.0	23	27	552890.0 0.49648213 0.50351787	552891.0 0.49648303 0.503517	1.0000000000000000
81056132_7050	504.0	24	28	576662.0 0.48276114 0.51723886	576663.0 0.48276028 0.5172397	1.0000000000000000
81056132_7050	504.0	25	29	497817.0 0.59915996 0.40084007	497820.0 0.59915835 0.40084168	1.0000000000000000
81056132_7050	504.0	26	30	646663.0 0.3085765 0.69142354	646663.0 0.3085796 0.69142044	1.0000000000000000
81056132_7050	504.0	27	31	561604.0 0.7961446 0.20385538	561601.0 0.7961453 0.2038547	1.0000000000000000
70039177_20000	783.0	107	32	312956.0 0.3719021 0.6280979	312960.0 0.36581352 0.6341865	1.0000000000000000
81056132_7050	504.0	29	33	305441.0 0.6497949 0.35020512	305443.0 0.6497939 0.3502061	1.0000000000000000
81056132_7050	504.0	30	34	364565.0 0.29340994 0.70659006	364566.0 0.29341188 0.7065881	1.0000000000000000
81056132_7050	504.0	31	35	426131.0 0.6045042 0.39549574	426131.0 0.6045042 0.39549574	1.0000000000000000
81056132_7050	504.0	32	36	338102.0 0.49846792 0.5015321	338102.0 0.49846792 0.5015321	1.0000000000000000
81056132_7050	504.0	33	37	368129.0 0.46062386 0.53937614	368129.0 0.46062386 0.53937614	1.0000000000000000
70298735_20000	448.0	13	38	306280.0 0.63947695 0.36052305	306272.0 0.6483126 0.3516874	0.9999999999999999
81056132_6500	498.0	32	39	243188.0 0.44292483 0.5570752	243186.0 0.44292024 0.5570798	1.0000000000000000
80096067_4800	1064.0	3	40	306230.0 0.44625607 0.5537439	306218.0 0.44241032 0.5575897	1.0000000000000000
81056132_7050	504.0	36	41	370361.0 0.46102315 0.53897685	370356.0 0.4610267 0.53897333	1.0000000000000000
81056132_7050	504.0	37	42	319227.0 0.62531054 0.3746895	319224.0 0.62530386 0.37469614	1.0000000000000000
81056132_5500	505.0	36	43	285855.0 0.41843942 0.58156055	285856.0 0.41843447 0.58156556	1.0000000000000000
81056132_7050	504.0	40	44	365013.0 0.45544133 0.5445587	365012.0 0.45544803 0.54455197	1.0000000000000000
80183328_1200	490.0	18	45	340828.0 0.59155643 0.40844354	340804.0 0.5832326 0.41676742	1.0000000000000000
81056132_15000	498.0	45	46	341125.0 0.4163811 0.5836189	341123.0 0.41637766 0.58362234	1.0000000000000000
81056132_4200	509.0	37	47	556984.0 0.35743755 0.64256245	556984.0 0.35743755 0.64256245	1.0000000000000000
81056132_7050	504.0	44	48	556593.0 0.64301205 0.35698795	556594.0 0.6430127 0.35698733	1.0000000000000000
81056132_7050	504.0	45	49	326620.0 0.608343 0.39165697	326621.0 0.60834116 0.39165884	1.0000000000000000
81056132_7050	504.0	46	50	249771.0 0.51216114 0.48783886	249771.0 0.5121651 0.48783487	1.0000000000000000
896970_600	445.0	8	51	223605.0 0.5453724 0.45462757	223602.0 0.544928 0.45507196	0.9999999999999999
81056132_7050	504.0	48	52	1265665.0 0.08039726 0.91960275	1265664.0 0.08039653 0.91960347	1.0000000000000000
81056132_7050	504.0	49	53	1362969.0 0.8539512 0.14604881	1362968.0 0.8539518 0.14604819	1.0000000000000000
81056132_7050	504.0	50	54	692619.0 0.28740188 0.71259815	692616.0 0.28740168 0.7125983	1.0000000000000000
81056132_7050	504.0	51	55	933745.0 0.52858007 0.47141993	933743.0 0.52857906 0.47142094	1.0000000000000000
81056132_7050	504.0	52	56	746931.0 0.5893262 0.4106738	746928.0 0.5893285 0.41067144	1.0000000000000000
81056132_7050	504.0	53	57	686875.0 0.44658053 0.5534195	686871.0 0.44657877 0.55342126	1.0000000000000000
81056132_6500	498.0	52	58	578702.0 0.6568648 0.34313515	578702.0 0.6568648 0.34313515	1.0000000000000000
81056132_6500	498.0	53	59	1008296.0 0.19693919 0.8030608	1008298.0 0.1969388 0.8030612	1.0000000000000000
81056132_7050	504.0	55	60	1235215.0 0.65553445 0.34446552	1235211.0 0.65553576 0.3444642	1.0000000000000000
81056132_5500	505.0	53	63	834876.0 0.8558744 0.1441256	834872.0 0.8558749 0.14412509	1.0000000000000000
80192445_15000	2750.0	3	64	319802.0 0.37863427 0.6213657	319779.0 0.3762786 0.62372136	1.0000000000000000
81056132_10000	498.0	63	65	748762.0 0.26637703 0.73362297	748760.0 0.26637775 0.73362225	1.0000000000000000
81056132_5500	505.0	56	66	689854.0 0.79626995 0.20373006	689850.0 0.7962702 0.2037298	1.0000000000000000
60027695_1200	382.0	6	67	339400.0 0.40943134 0.59056866	339410.0 0.41408032 0.5859197	1.0000000000000000
70297757_2000	491.0	4	68	350506.0 0.5602786 0.43972144	350507.0 0.5673696 0.43263045	1.0000000000000000
