ID	BITRATE	START_IDX	CAPTURE_START_IDX	KEY	CAPTURE_KEY	CORRELATION
81056132_7050	504.0	12	5	444872.66 0.44605574 0.26986375 0.78408056	444871.34 0.44605482 0.26986453 0.7840806	0.9999999999948413
81056132_7050	504.0	13	6	445164.66 0.26968673 0.78356624 0.44674706	445164.66 0.26968673 0.78356403 0.4467493	0.9999999999783844
81056132_7050	504.0	14	7	475540.0 0.73351556 0.41821086 0.34827355	475540.66 0.73351246 0.4182124 0.34827515	0.9999999999979681
81056132_7050	504.0	15	8	326278.0 0.6095293 0.5075978 0.38287288	326280.0 0.6095286 0.50759774 0.3828736	1.0000000000000000
81056132_7050	504.0	16	9	326312.66 0.5075439 0.38283223 0.6096239	326312.0 0.507548 0.38283607 0.6096159	0.9999999994148956
81056132_7050	504.0	17	10	429160.66 0.2910868 0.46352804 0.74538517	429160.0 0.29108956 0.46352175 0.7453887	0.9999999997299345
81056132_7050	504.0	18	11	537744.7 0.3699302 0.59487337 0.53519636	537743.3 0.36992556 0.59487677 0.53519773	0.9999999999998518
81056132_7050	504.0	19	12	568044.7 0.5631423 0.50664854 0.4302091	568046.7 0.5631421 0.50664675 0.43021113	0.9999999997661092
81056132_7050	504.0	20	13	487180.0 0.5907447 0.5016175 0.40763783	487182.0 0.5907423 0.5016195 0.40763822	0.9999999998082443
81056132_7050	504.0	21	14	478314.0 0.5109154 0.4151938 0.5738908	478315.34 0.51091814 0.41519472 0.5738871	0.9999999994523914
81056132_7050	504.0	22	15	500988.66 0.39640218 0.5479166 0.5556812	500989.34 0.39640364 0.54791385 0.5556825	0.9999999997409577
81056132_7050	504.0	23	16	567441.3 0.48375046 0.4906058 0.52564377	567440.0 0.48374984 0.4906087 0.5256415	0.9999999958296321
81056132_7050	504.0	24	17	517471.34 0.5379815 0.57640296 0.38561556	517470.66 0.53798413 0.57639986 0.38561606	0.9999999996314565
81056132_7050	504.0	25	18	629956.7 0.47348017 0.31675988 0.7097599	629956.7 0.473477 0.31675988 0.7097631	0.9999999999171548
81056132_7050	504.0	26	19	507432.66 0.3932443 0.8811376 0.22561811	507434.66 0.39324275 0.8811381 0.2256192	0.9999999999918480
81056132_3500	521.0	20	20	487450.0 0.9172633 0.23486921 0.34786746	487452.0 0.9172596 0.23486826 0.3478722	0.9999999999589320
81056132_4800	515.0	29	26	294496.66 0.36574948 0.67423177 0.4600188	294498.0 0.3657512 0.67423207 0.4600167	0.9999999999267881
81056132_7050	504.0	34	27	336518.66 0.5900416 0.40257204 0.50738645	336519.34 0.5900404 0.40257418 0.5073854	0.9999999999677383
81056132_7050	504.0	35	28	337222.66 0.4017316 0.5063272 0.59194124	337223.34 0.40173376 0.50632614 0.59194005	0.9999999999673885
81056132_7050	504.0	36	29	326648.0 0.52271867 0.6111043 0.36617705	326648.0 0.52271867 0.6111043 0.36617705	1.0000000000000000
81056132_5500	505.0	35	30	323647.34 0.6167701 0.36957818 0.51365167	323647.34 0.6167701 0.369572 0.51365787	0.9999999991784065
81056132_5500	505.0	36	31	323081.34 0.37022564 0.5145515 0.61522275	323084.0 0.3702164 0.5145535 0.6152301	0.9999999999774319
81056132_7050	504.0	51	41	826993.3 0.59681135 0.53227276 0.37091595	826992.7 0.5968106 0.5322732 0.37091622	0.9999999999913457
81056132_7050	504.0	52	42	751374.0 0.5858414 0.4082454 0.50591314	751372.7 0.58584243 0.40824613 0.5059114	0.9999999998512329
81056132_7050	504.0	55	46	909508.7 0.8902895 0.4678229 0.14188759	909506.0 0.8902899 0.46782428 0.14188582	0.9999999999943077
81056132_7050	504.0	56	47	846057.3 0.502908 0.15252867 0.84456336	846056.0 0.50290877 0.15252654 0.8445647	0.9999999999981042
81056132_5500	505.0	52	48	642615.3 0.20081532 1.111939 0.18724577	642615.3 0.20081377 1.111939 0.18724732	0.9999999999956902
81056132_7050	504.0	62	55	392064.66 0.65937597 0.38676783 0.45385626	392065.34 0.6593748 0.3867697 0.45385545	0.9999999999718726
81056132_5500	505.0	60	56	352193.34 0.4305618 0.505231 0.56420714	352192.66 0.43055695 0.5052377 0.5642054	0.9999999964691884
