ID	BITRATE	START_IDX	CAPTURE_START_IDX	KEY	CAPTURE_KEY	CORRELATION
81056132_7050	504.0	12	5	593851.8 1.4155383 1.0197207	593852.0 1.4155362 1.0197238	0.9999999998292204
81056132_7050	504.0	13	6	570011.6 1.4107713 1.3360044	570012.2 1.4107751 1.3360031	0.9999999998377666
81056132_7050	504.0	14	7	609284.4 1.7004178 1.0539938	609285.4 1.7004133 1.0539922	0.9999999997936385
81056132_7050	504.0	15	8	595823.4 1.5450418 1.1481607	595824.2 1.5450413 1.1481642	0.9999999997298796
81056132_7050	504.0	16	9	622597.4 1.5778624 1.1037984	622597.6 1.5778633 1.103798	0.9999999996961041
81056132_7050	504.0	17	10	648394.6 1.3676348 1.1130506	648394.6 1.3676348 1.1130506	0.9999999996678028
81056132_7050	504.0	18	11	701851.4 1.6653298 1.163715	701851.4 1.6653327 1.163715	0.9999999997913418
81056132_7050	504.0	19	12	726571.4 1.2816924 1.0485467	726573.4 1.2816902 1.0485424	0.9999999998970461
81056132_3500	521.0	13	13	624800.2 1.4907358 1.5523219	624801.4 1.4907361 1.5523189	0.9999999999244162
