ID	BITRATE	START_IDX	CAPTURE_START_IDX	KEY	CAPTURE_KEY	CORRELATION
81056132_7050	504.0	12	16	601572.1 2.7812042 2.4510977	601572.3 2.7812052 2.4510984	0.9999999998780906
81056132_7050	504.0	13	17	602641.6 2.4467478 2.6592753	602641.5 2.44675 2.6592758	0.9999999998907270
81056132_7050	504.0	14	18	595573.0 2.6908371 2.7607465	595573.1 2.6908367 2.760744	0.9999999998850108
81056132_7050	504.0	15	19	570479.1 2.8821843 2.722303	570479.5 2.8821807 2.722303	0.9999999998803366
81056132_10000	498.0	18	20	580520.7 2.6752155 2.3452826	580520.4 2.6752172 2.345289	0.9999999997302806
81056132_10000	498.0	19	21	571710.6 2.3814232 2.7650754	571711.1 2.3814266 2.765073	0.9999999997255853
81056132_10000	498.0	20	22	561209.4 2.8168151 2.7763987	561209.5 2.8168144 2.7764034	0.9999999997424746
81056132_10000	498.0	21	23	575811.4 2.705992 2.4941866	575811.4 2.7059972 2.4941778	0.9999999996835374
81056132_10000	498.0	22	24	541419.0 2.652624 2.7732809	541419.1 2.652614 2.773284	0.9999999996882957
