ID	BITRATE	START_IDX	CAPTURE_START_IDX	KEY	CAPTURE_KEY	CORRELATION
81056132_7050	504.0	12	16	517956.1 1.5111763 1.9225857 1.6143453 1.7190106 0.9242038	517956.6 1.5111768 1.9225878 1.6143379 1.7190089 0.924201	0.9999999998780906
81056132_7050	504.0	13	17	513604.4 1.9388756 1.9561611 1.7335755 0.93203443 1.1641197	513604.3 1.9388797 1.9561557 1.7335758 0.93203264 1.1641257	0.9999999998907270
81056132_7050	504.0	14	18	547703.3 1.8343745 1.9352467 0.8740079 1.0916439 1.066791	547703.5 1.8343685 1.935246 0.87400573 1.091649 1.0667889	0.9999999998850108
81056132_7050	504.0	15	19	510689.4 2.07551 1.3261622 1.1707644 1.1441103 1.7148584	510689.5 2.0755098 1.3261601 1.17077 1.144108 1.714862	0.9999999998803366
81056132_10000	498.0	18	20	522092.4 1.2972033 1.3515003 1.119118 1.6774004 1.2562469	522092.0 1.2971966 1.351509 1.1191207 1.6774093 1.256246	0.9999999997302806
81056132_10000	498.0	19	21	484134.8 1.4574618 1.486681 1.8089135 1.3547404 1.7785728	484134.9 1.4574698 1.486689 1.8089215 1.3547381 1.7785642	0.9999999997255853
81056132_10000	498.0	20	22	495621.7 1.4522246 2.1114895 1.323342 1.7373513 1.0323217	495621.9 1.452232 2.1115007 1.3233395 1.7373425 1.0323151	0.9999999997424746
81056132_10000	498.0	21	23	489704.5 2.137003 1.7469577 1.758344 1.0447954 1.1857927	489704.9 2.1370134 1.746946 1.7583344 1.0447884 1.1857917	0.9999999996835374
81056132_10000	498.0	22	24	490254.9 1.7449963 2.0003471 1.0436224 1.1844614 1.0623596	490255.3 1.7449846 2.0003393 1.0436155 1.1844604 1.0623689	0.9999999996882957
