ID	BITRATE	START_IDX	CAPTURE_START_IDX	KEY	CAPTURE_KEY	CORRELATION
81056132_7050	504.0	12	5	318493.0 0.62305295 0.37694705	318492.0 0.62305176 0.37694824	1.0000000000000000
81056132_7050	504.0	13	6	468871.0 0.25605124 0.74394876	468870.0 0.25605178 0.7439482	1.0000000000000000
81056132_7050	504.0	14	7	547692.0 0.6368835 0.3631165	547692.0 0.63688165 0.36311832	1.0000000000000000
81056132_7050	504.0	15	8	364494.0 0.54562217 0.45437786	364496.0 0.5456219 0.4543781	1.0000000000000000
81056132_7050	504.0	16	9	290541.0 0.57003313 0.42996687	290543.0 0.57003266 0.42996734	1.0000000000000000
70298735_20000	448.0	8	10	323825.0 0.392428 0.607572	323849.0 0.38574767 0.6142523	1.0000000000000000
81076251_7050	1771.0	2	11	518798.0 0.38285807 0.6171419	518816.0 0.3834211 0.6165789	1.0000000000000000
81056132_7050	504.0	19	12	607689.0 0.52640414 0.47359586	607690.0 0.5264049 0.47359508	1.0000000000000000
81056132_7050	504.0	20	13	532177.0 0.5407956 0.45920438	532179.0 0.5407936 0.4592064	0.9999999999999999
81056132_7050	504.0	21	14	442971.0 0.55167943 0.44832054	442974.0 0.5516802 0.44831976	1.0000000000000000
81056132_7050	504.0	22	15	473093.0 0.4197758 0.58022416	473093.0 0.41977793 0.5802221	1.0000000000000000
81056132_7050	504.0	23	16	552890.0 0.49648213 0.50351787	552890.0 0.49648032 0.5035197	1.0000000000000000
81056132_7050	504.0	24	17	576662.0 0.48276114 0.51723886	576661.0 0.4827637 0.5172363	1.0000000000000000
81056132_7050	504.0	25	18	497817.0 0.59915996 0.40084007	497815.0 0.59915835 0.40084168	1.0000000000000000
81056132_7050	504.0	26	19	646663.0 0.3085765 0.69142354	646665.0 0.30857554 0.6914245	1.0000000000000000
81056132_7050	504.0	27	20	561604.0 0.7961446 0.20385538	561607.0 0.79614395 0.20385608	1.0000000000000000
81056132_3500	521.0	21	21	284055.0 0.40304518 0.5969548	284058.0 0.40304092 0.59695905	1.0000000000000000
81056132_4200	509.0	1	22	368021.0 0.45794126 0.54205877	368046.0 0.46073318 0.5392668	0.9999999999999999
81056132_6500	498.0	27	23	456072.0 0.43518347 0.56481653	456073.0 0.4351825 0.5648175	1.0000000000000000
81056132_4800	515.0	29	26	306271.0 0.35168853 0.64831144	306273.0 0.35168952 0.6483105	1.0000000000000000
81056132_7050	504.0	34	27	334033.0 0.5944323 0.4055677	334034.0 0.5944305 0.4055695	1.0000000000000000
80096067_4800	1064.0	3	28	306230.0 0.44625607 0.5537439	306219.0 0.44240886 0.55759114	1.0000000000000000
81056132_7050	504.0	36	29	370361.0 0.46102315 0.53897685	370361.0 0.46102315 0.53897685	1.0000000000000000
81056132_7050	504.0	37	30	319227.0 0.62531054 0.3746895	319227.0 0.62531054 0.3746895	1.0000000000000000
81056132_5500	505.0	36	31	285855.0 0.41843942 0.58156055	285855.0 0.4184324 0.5815676	1.0000000000000000
81056132_7050	504.0	40	32	365013.0 0.45544133 0.5445587	365015.0 0.4554443 0.5445557	1.0000000000000000
70220028_6500	1001.0	69	33	306356.0 0.6560668 0.3439332	306352.0 0.6488321 0.35116795	1.0000000000000000
81056132_15000	498.0	45	35	341125.0 0.4163811 0.5836189	341125.0 0.4163811 0.5836189	1.0000000000000000
80993095_2000	497.0	75	36	460104.0 0.43178716 0.56821287	460096.0 0.43270752 0.56729245	1.0000000000000000
81056132_7050	504.0	51	41	933745.0 0.52858007 0.47141993	933744.0 0.5285796 0.47142044	1.0000000000000000
81056132_7050	504.0	52	42	746931.0 0.5893262 0.4106738	746931.0 0.5893262 0.4106738	1.0000000000000000
81056132_7050	504.0	53	43	686875.0 0.44658053 0.5534195	686873.0 0.44658184 0.55341816	1.0000000000000000
81056132_7050	504.0	55	46	1235215.0 0.65553445 0.34446552	1235213.0 0.6555339 0.3444661	1.0000000000000000
81056132_7050	504.0	56	47	554537.0 0.76728696 0.23271306	554535.0 0.7672897 0.23271029	1.0000000000000000
81056132_7050	504.0	57	48	843597.0 0.15297352 0.84702647	843595.0 0.1529715 0.8470285	1.0000000000000000
81056132_5500	505.0	53	49	834876.0 0.8558744 0.1441256	834877.0 0.8558734 0.14412662	1.0000000000000000
81056132_7050	504.0	62	55	410156.0 0.6302919 0.36970812	410157.0 0.6302903 0.36970964	1.0000000000000000
81056132_7050	504.0	63	56	329579.0 0.46009606 0.53990394	329580.0 0.4600977 0.5399023	1.0000000000000000
81056132_5500	505.0	61	57	376649.0 0.4724266 0.5275734	376650.0 0.47243065 0.52756935	1.0000000000000000
