ID	BITRATE	START_IDX	CAPTURE_START_IDX	KEY	CAPTURE_KEY	CORRELATION
81056132_7050	504.0	16	18	730650.8 1.5456467	730650.4 1.5456504	0.9999999998752901
81056132_7050	504.0	17	19	717694.6 1.7583565	717695.4 1.7583519	0.9999999998371222
81056132_7050	504.0	18	20	866314.2 1.3427634	866314.8 1.3427659	0.9999999997230112
81056132_7050	504.0	19	21	748356.8 2.1168485	748357.2 2.1168475	0.9999999998265039
81056132_7050	504.0	20	22	800859.4 1.3470691	800860.0 1.3470694	0.9999999998404311
81056132_6500	498.0	19	23	711995.4 2.0544305	711993.8 2.0544322	0.9999999998666349
81056132_4200	509.0	35	41	963857.6 0.7646814	963857.0 0.76468295	0.9999999999988866
81056132_4200	509.0	36	42	716168.4 2.8500588	716168.8 2.8500543	0.9999999999983670
81056132_4200	509.0	37	43	1088336.0 0.70737344	1088336.4 0.70737505	0.9999999999985393
81056132_4200	509.0	38	44	871565.6 2.680131	871566.0 2.6801298	0.9999999999988256
81056132_4200	509.0	39	45	1116095.0 0.9058001	1116095.6 0.9058005	0.9999999999984700
81056132_4200	509.0	40	46	972684.8 2.3489192	972685.0 2.3489196	0.9999999999977487
81056132_6500	498.0	47	50	1300912.0 1.9895858	1300918.8 1.989597	0.9999999995743902
81056132_6500	498.0	48	51	1247194.8 1.5700371	1247207.0 1.570024	0.9999999991509707
