ID	BITRATE	START_IDX	CAPTURE_START_IDX	KEY	CAPTURE_KEY	CORRELATION
81056132_4800	515.0	8	11	547085.4 1.8136804 1.0898536	547110.4 1.8138314 1.0898057	0.9999998612642608
81056132_4800	515.0	9	12	600270.4 1.4004006 0.95535785	600270.2 1.4004093 0.9553548	0.9999999997823917
81056132_4800	515.0	10	13	570010.4 1.3544701 1.392308	570012.4 1.3544688 1.3922997	0.9999999996536417
81056132_4800	515.0	11	14	603643.2 1.77592 1.0638404	603644.6 1.7759092 1.0638461	0.9999999995415311
81056132_4800	515.0	12	15	603020.2 1.5201482 1.0812358	603020.2 1.5201564 1.0812408	0.9999999993828969
81056132_4800	515.0	13	16	621818.8 1.528225 1.163051	621820.8 1.5282232 1.1630409	0.9999999994490582
81056132_7050	504.0	40	39	655542.2 2.4408987 1.035044	655540.8 2.4409022 1.0350431	0.9999999999957565
81056132_7050	504.0	41	40	848971.4 1.0336921 0.5884085	848969.8 1.0336916 0.5884073	0.9999999999967639
81056132_7050	504.0	42	41	756915.8 1.3120363 1.8943586	756914.8 1.3120366 1.8943585	0.9999999999956436
81056132_7050	504.0	43	42	828176.8 2.2628694 0.8196366	828176.6 2.2628675 0.81963557	0.9999999999972258
81056132_7050	504.0	44	43	1048719.4 0.93976426 0.7571253	1048719.2 0.9397644 0.7571264	0.9999999999970851
81056132_7050	504.0	45	44	832293.2 1.4107312 2.0810192	832293.2 1.41073 2.081018	0.9999999999955311
81056132_6500	498.0	47	48	1169119.2 1.6522797 1.12523	1169132.2 1.6522655 1.1252209	0.9999999996267348
81056132_6500	498.0	48	49	972972.2 2.0864697 1.3352673	972981.0 2.0864549 1.335284	0.9999999992478791
81056132_6500	498.0	49	50	1255664.6 1.4721177 0.6114714	1255673.2 1.4721305 0.61147195	0.9999999991861412
