ID	BITRATE	START_IDX	CAPTURE_START_IDX	KEY	CAPTURE_KEY	CORRELATION
80198592_3500	804.0	4	3	326056.0 0.52560294 0.6096621 0.3647349	326063.34 0.52365285 0.6095104 0.3668367	0.9999295085370423
81056132_15000	498.0	45	6	359930.0 0.39462674 0.553127 0.5522463	359923.34 0.39463404 0.5540291 0.5513368	0.9999507431658478
81056132_7050	504.0	12	8	444872.66 0.44605574 0.26986375 0.78408056	444874.0 0.44605663 0.26986519 0.7840782	0.9999999999985985
81056132_7050	504.0	13	9	445164.66 0.26968673 0.78356624 0.44674706	445164.66 0.26968896 0.78356624 0.4467448	0.9999999999672332
81056132_7050	504.0	14	10	475540.0 0.73351556 0.41821086 0.34827355	475539.34 0.7335166 0.41820934 0.34827402	0.9999999999845864
81056132_7050	504.0	15	11	326278.0 0.6095293 0.5075978 0.38287288	326277.34 0.60952747 0.5075988 0.38287365	0.9999999999633347
81056132_7050	504.0	16	12	326312.66 0.5075439 0.38283223 0.6096239	326314.0 0.50754184 0.38283065 0.60962754	0.9999999998537467
81056132_7050	504.0	17	13	429160.66 0.2910868 0.46352804 0.74538517	429162.66 0.29108545 0.46353054 0.74538404	0.9999999999556793
81056132_7050	504.0	22	17	500988.66 0.39640218 0.5479166 0.5556812	500990.66 0.3964006 0.555683 0.5479164	0.9962611199329003
81056132_4800	515.0	21	19	679928.0 0.40371922 0.43868175 0.65759903	679928.7 0.4037203 0.43868276 0.6575969	0.9999999999987708
81056132_4800	515.0	22	20	573252.0 0.52031565 0.7799711 0.19971322	573253.3 0.52031624 0.7799676 0.19971624	0.9999999999974138
81056132_7050	504.0	30	24	355398.66 0.3009775 0.72481424 0.47420833	355400.0 0.30097917 0.7248115 0.47420934	0.9999999999951988
81056132_4800	515.0	27	25	355894.0 0.72380257 0.4735455 0.3026519	355896.66 0.7238 0.47354758 0.30265248	0.9999999999710151
81056132_4800	515.0	28	26	316535.34 0.53242713 0.3402843 0.6272886	316536.66 0.53243124 0.34028602 0.6272828	0.9999999995900768
81056132_4800	515.0	29	27	294496.66 0.36574948 0.67423177 0.4600188	294496.66 0.36575288 0.67422837 0.4600188	0.9999999999889312
81056132_4800	515.0	31	29	317191.34 0.42710498 0.5382997 0.5345953	317192.0 0.4271041 0.53459734 0.53829855	0.9982813126347594
81056132_7050	504.0	36	31	326648.0 0.52271867 0.6111043 0.36617705	326647.34 0.52271664 0.61110246 0.36618084	0.9999999999484401
81056132_5500	505.0	35	32	323647.34 0.6167701 0.36957818 0.51365167	323645.34 0.6167708 0.36957738 0.5136518	1.0000000000000000
81056132_5500	505.0	36	33	323081.34 0.37022564 0.5145515 0.61522275	323082.0 0.3702218 0.5145474 0.6152308	0.9999999994215518
81056132_7050	504.0	43	37	465754.0 0.30496356 0.76842284 0.42661363	465754.66 0.30496314 0.76842386 0.42661303	0.9999999999991473
81056132_20000	489.0	57	38	438897.34 0.815439 0.45271635 0.23184465	438900.66 0.81543964 0.45271522 0.23184517	0.9999999999944007
81056132_6500	498.0	45	41	942452.7 0.13573307 0.12928818 1.2349787	942454.0 0.135735 0.129288 1.234977	0.9999999999986026
81056132_6500	498.0	46	42	989878.0 0.123093955 1.1758106 0.20109549	989877.3 0.123094045 1.1758114 0.20109461	0.9999999999996020
81056132_7050	504.0	49	43	1237685.4 0.94039166 0.16083248 0.39877582	1237685.4 0.94039166 0.16083166 0.39877662	0.9999999999981364
81056132_7050	504.0	50	44	755203.3 0.26358464 0.65354455 0.58287084	755203.3 0.26358333 0.65354586 0.58287084	0.9999999999975768
81056132_7050	504.0	56	50	846057.3 0.502908 0.15252867 0.84456336	846078.0 0.50293 0.15252613 0.8445439	0.9999999984755150
81056132_7050	504.0	57	51	928603.3 0.13897 0.76948786 0.5915421	928605.3 0.13897078 0.7694873 0.59154195	1.0000000000000000
81056132_10000	498.0	64	53	632248.7 0.8688179 0.22229543 0.40888658	632247.3 0.86881983 0.22229593 0.4088843	0.9999999999857845
81056132_7050	504.0	61	54	367133.34 0.3828146 0.7041529 0.4130325	367134.66 0.38281867 0.7041449 0.41303647	0.9999999999954443
81056132_7050	504.0	62	55	392064.66 0.65937597 0.38676783 0.45385626	392064.0 0.6593719 0.3867736 0.45385447	0.9999999997989374
81056132_7050	504.0	63	56	303455.34 0.4997045 0.5863828 0.41391262	303456.0 0.49971 0.5863783 0.41391173	0.9999999984819473
