ID	BITRATE	START_IDX	CAPTURE_START_IDX	KEY	CAPTURE_KEY	CORRELATION
81074663_10000	2916.0	27	29	4160628.8 0.60398227 0.40484363 0.49117407	4160630.0 0.6039823 0.40484327 0.4911744	0.9999999999956334
81074663_10000	2916.0	28	30	2617887.2 0.6434211 0.78062683 0.07595209	2617887.2 0.64342076 0.7806276 0.0759517	0.9999999999990954
81074663_10000	2916.0	29	31	3504338.8 0.5831608 0.05673938 0.8600998	3504320.0 0.5831645 0.056739397 0.8600961	0.9999999999640166
81074663_10000	2916.0	30	32	4804658.5 0.041383587 0.6273247 0.83129174	4804637.5 0.04138356 0.6273214 0.83129495	0.9999999999704039
81074663_10000	2916.0	31	33	5828126.5 0.5171612 0.68530995 0.2975289	5828106.5 0.51715803 0.685312 0.29753008	0.9999999998966785
81074663_20000	3233.0	34	34	5877304.0 0.679575 0.29503953 0.52538544	5877305.5 0.6795752 0.29503945 0.5253853	0.9999999999998175
81074663_7050	2426.0	39	44	3013077.2 0.85284406 0.40043548 0.24672052	3013076.8 0.8528442 0.4004352 0.24672057	0.9999999999998290
81074663_7050	2426.0	40	45	1874384.6 0.64370084 0.39660376 0.4596954	1874384.6 0.6437003 0.39660376 0.45969594	0.9999999999957997
81074663_10000	2916.0	49	51	3797195.2 0.52677304 0.16992964 0.8032974	3797213.2 0.5267708 0.1699283 0.803301	0.9999999999779614
81074663_7050	2426.0	47	52	3602994.8 0.17908742 0.8465938 0.47431877	3603018.0 0.17908709 0.8465972 0.4743157	0.9999999999713862
81074663_7050	2426.0	48	53	3626348.8 0.84114164 0.4712641 0.1875942	3626369.2 0.84114575 0.47126144 0.18759286	0.9999999999791733
81074663_7050	2426.0	57	63	3094288.0 0.27745703 0.9406632 0.28187972	3094284.8 0.27745637 0.94066393 0.2818797	0.9999999999996438
81074663_7050	2426.0	60	67	4635962.0 0.8090461 0.36244085 0.32851306	4635986.0 0.8090484 0.3624392 0.32851243	0.9999999999971234
81074663_15000	3277.0	64	69	2774844.0 0.5488517 0.071583845 0.8795644	2774826.0 0.54885566 0.07158431 0.87956	0.9999999999600796
81074663_20000	3233.0	74	72	4696548.5 0.7667548 0.51700693 0.21623836	4696529.5 0.7667513 0.5170092 0.21623945	0.9999999999696916
