ID	BITRATE	START_IDX	CAPTURE_START_IDX	KEY	CAPTURE_KEY	CORRELATION
70102778_4200	890.0	0	2	583435.0 0.6591034 0.34089658	583429.0 0.6594153 0.34058473	1.0000000000000000
81075239_20000	1783.0	9	6	1647265.0 0.8792963 0.12070371	1647260.0 0.87929714 0.12070286	1.0000000000000000
81075239_20000	1783.0	10	7	2065691.0 0.09625399 0.903746	2065689.0 0.09625311 0.9037469	1.0000000000000000
81075239_15000	1778.0	11	8	4054693.0 0.46041957 0.5395804	4054695.0 0.46041933 0.53958064	1.0000000000000000
81075239_15000	1778.0	12	9	2386965.0 0.91657525 0.08342477	2386968.0 0.9165749 0.08342508	1.0000000000000000
81075239_7050	1516.0	18	13	1369398.0 0.85468507 0.14531495	1369400.0 0.85468525 0.14531474	0.9999999999999999
81075239_5500	1429.0	21	16	792894.0 0.25117102 0.74882895	792889.0 0.25116882 0.74883115	1.0000000000000000
81075239_7050	1516.0	22	17	1220138.0 0.4866179 0.5133821	1220136.0 0.4866179 0.51338214	1.0000000000000000
81075239_4200	1406.0	21	18	4359575.0 0.14368258 0.8563174	4359575.0 0.14368281 0.85631716	1.0000000000000000
81075239_20000	1783.0	27	23	3647159.0 0.20306572 0.79693425	3647160.0 0.20306621 0.79693377	1.0000000000000000
81075239_7050	1516.0	35	28	1017422.0 0.42076543 0.5792346	1017420.0 0.42076528 0.5792347	1.0000000000000000
81075239_4800	1507.0	33	29	788107.0 0.7477728 0.25222716	788106.0 0.74777377 0.25222623	1.0000000000000000
81075239_4800	1507.0	34	30	941923.0 0.21103849 0.7889615	941922.0 0.21103765 0.78896236	1.0000000000000000
81075239_7050	1516.0	38	31	942223.0 0.7887103 0.21128969	942222.0 0.78871113 0.21128884	1.0000000000000000
81075239_7050	1516.0	39	32	1081505.0 0.18407866 0.8159213	1081504.0 0.18407792 0.8159221	1.0000000000000000
81075239_7050	1516.0	40	33	1713124.0 0.51509583 0.4849042	1713123.0 0.5150961 0.48490387	1.0000000000000000
81075239_7050	1516.0	41	34	1029621.0 0.8068027 0.19319731	1029618.0 0.80680406 0.19319592	1.0000000000000000
81075239_5500	1429.0	41	35	765200.0 0.25995687 0.7400431	765198.0 0.25995624 0.74004376	1.0000000000000000
81075239_10000	1811.0	40	37	1647095.0 0.4846205 0.5153795	1647094.0 0.4846214 0.5153786	1.0000000000000000
81075239_7050	1516.0	45	38	1048115.0 0.8099092 0.19009078	1048114.0 0.80990905 0.19009097	0.9999999999999999
81075239_5500	1429.0	44	39	1179423.0 0.16893007 0.83106995	1179421.0 0.1689278 0.8310722	1.0000000000000000
81075239_5500	1429.0	45	40	2011221.0 0.48735717 0.5126428	2011220.0 0.4873579 0.5126421	1.0000000000000000
81075239_20000	1783.0	48	43	1158929.0 0.8284174 0.17158255	1158929.0 0.8284166 0.17158341	1.0000000000000000
81075239_5500	1429.0	49	44	942688.0 0.2109436 0.7890564	942690.0 0.21094209 0.7890579	1.0000000000000000
81075239_7050	1516.0	52	45	1766847.0 0.4209974 0.5790026	1766849.0 0.42099637 0.57900363	1.0000000000000000
81075239_4800	1507.0	56	48	1118460.0 0.78200024 0.21799976	1118459.0 0.78200006 0.21799995	1.0000000000000000
