ID	BITRATE	START_IDX	CAPTURE_START_IDX	KEY	CAPTURE_KEY	CORRELATION
81075239_20000	1783.0	29	29	1246963.6 0.6382119 1.2917129	1246961.8 0.63821286 1.2917173	0.9999999999725765
81075239_20000	1783.0	30	30	1120105.8 2.2258103 1.7088886	1120104.6 2.2258127 1.708885	0.9999999999750150
81075239_20000	1783.0	31	31	1428473.0 1.9215176 0.4176663	1428471.0 1.9215146 0.41766685	0.9999999999815523
81075239_20000	1783.0	32	32	1339974.6 0.59370303 1.4182746	1339971.0 0.59370387 1.4182777	0.9999999999837902
81075239_20000	1783.0	33	33	1178834.8 2.2892666 1.6982338	1178832.0 2.2892718 1.698231	0.9999999999824654
81075239_20000	1783.0	34	34	1540986.8 1.6666068 0.3872746	1540984.2 1.6666043 0.38727325	0.9999999999842670
81075239_20000	1783.0	35	35	1599175.0 0.9040061 1.41946	1599172.2 0.9040058 1.4194618	0.9999999999873781
81075239_20000	1783.0	36	36	1420618.6 1.7381189 1.5064726	1420616.6 1.7381206 1.5064712	0.9999999999873747
81075239_20000	1783.0	37	37	1625388.8 1.9197284 0.7671291	1625386.6 1.9197279 0.7671289	0.9999999999905322
