ID	BITRATE	START_IDX	CAPTURE_START_IDX	KEY	CAPTURE_KEY	CORRELATION
81076251_800	362.0	19	0	241061.0 0.48121014 0.5187898	241057.0 0.48120153 0.5187985	1.0000000000000000
80993095_3500	682.0	76	2	436828.0 0.31153682 0.6884632	436849.0 0.3097569 0.69024307	1.0000000000000000
70243464_2000	585.0	2	8	338577.0 0.42076102 0.579239	338571.0 0.41383344 0.58616656	1.0000000000000000
81076251_2000	520.0	39	9	355212.0 0.55919844 0.44080156	355220.0 0.55869323 0.4413068	0.9999999999999999
81076251_1200	463.0	8	10	355620.0 0.44082448 0.55917555	355616.0 0.44081536 0.5591846	0.9999999999999999
80081155_3500	980.0	11	11	312682.0 0.63828105 0.36171892	312697.0 0.6359351 0.3640649	1.0000000000000000
80096067_4800	1064.0	24	12	312762.0 0.3698435 0.63015646	312752.0 0.36400086 0.63599914	1.0000000000000000
70130445_2000	720.0	60	13	344423.0 0.5681763 0.43182367	344431.0 0.5775032 0.42249683	1.0000000000000000
80239639_2000	696.0	28	21	281667.0 0.5180799 0.48192015	281667.0 0.525113 0.474887	1.0000000000000000
81006261_1200	333.0	49	28	306209.0 0.6486779 0.35132214	306214.0 0.64867705 0.35132292	1.0000000000000000
80121840_1200	351.0	25	29	220795.0 0.48724836 0.51275164	220793.0 0.4872437 0.5127563	1.0000000000000000
80993095_7050	1366.0	45	32	686750.0 0.7031482 0.29685184	686765.0 0.7105516 0.28944835	1.0000000000000000
