ID	BITRATE	START_IDX	CAPTURE_START_IDX	KEY	CAPTURE_KEY	CORRELATION
81074663_20000	3233.0	13	11	6039130.0 0.032944646 1.0778934 0.389162	6039128.0 0.032944657 1.0778937 0.38916165	0.9999999999998590
81074663_20000	3233.0	23	22	8234510.0 0.49053484 0.47433412 0.53513104	8234490.5 0.49053589 0.4743317 0.53513247	0.9999999990749331
81074663_10000	2916.0	27	29	4160628.8 0.60398227 0.40484363 0.49117407	4160628.8 0.603989 0.40484363 0.49116734	0.9999999984537976
81074663_10000	2916.0	31	33	5828126.5 0.5171612 0.68530995 0.2975289	5828126.5 0.51716137 0.6853096 0.29752907	0.9999999999996275
81074663_20000	3233.0	34	34	5877304.0 0.679575 0.29503953 0.52538544	5877304.5 0.6795753 0.2950395 0.52538526	0.9999999999993856
81074663_20000	3233.0	35	35	3867373.2 0.4483759 0.798436 0.25318813	3867371.2 0.44837615 0.79843616 0.25318775	0.9999999999996166
81074663_10000	2916.0	34	36	2844222.8 1.0856453 0.34426662 0.070088044	2844243.2 1.0856487 0.34426415 0.07008719	0.9999999999956387
81074663_10000	2916.0	35	37	918152.0 1.0664585 0.21711655 0.21642494	918152.0 1.0664585 0.21711546 0.21642604	0.9999999999975354
81074663_10000	2916.0	36	38	1404730.6 0.14191048 0.14145844 1.2166312	1404730.0 0.14190984 0.14145921 1.2166309	0.9999999999993424
81074663_10000	2916.0	37	39	3036188.0 0.06544753 0.5628897 0.87166274	3036188.0 0.06544786 0.5628894 0.87166274	0.9999999999997947
81074663_10000	2916.0	38	40	3638422.8 0.46971974 0.7273844 0.3028958	3638422.0 0.46971956 0.72738457 0.30289587	0.9999999999997289
81074663_20000	3233.0	44	44	2420214.8 1.0617702 0.08220965 0.35602006	2420198.0 1.0617664 0.08221021 0.35602334	0.9999999999904644
81074663_20000	3233.0	49	49	1351668.0 0.14755176 0.53233415 0.82011414	1351666.6 0.14755191 0.5323347 0.8201135	0.9999999999989583
81074663_20000	3233.0	50	50	1453267.4 0.4951181 0.7627791 0.24210273	1453266.0 0.4951186 0.76277846 0.24210297	0.9999999999989009
81074663_7050	2426.0	45	51	1403740.6 0.78969145 0.25064316 0.45966542	1403743.4 0.7896885 0.25064412 0.45966735	0.9999999999857985
81074663_20000	3233.0	52	52	1118250.0 0.31463447 0.57702214 0.6083434	1118249.4 0.31463465 0.57702243 0.6083428	0.9999999999966105
81074663_20000	3233.0	53	53	2023002.0 0.31895915 0.33627254 0.84476835	2023000.6 0.31895936 0.33627227 0.8447684	0.9999999999996694
81074663_20000	3233.0	54	54	1854920.6 0.36674345 0.92131597 0.2119406	1854920.0 0.36674303 0.9213157 0.21194121	0.9999999999992303
81074663_20000	3233.0	55	55	3434938.0 0.49752513 0.11445127 0.8880236	3434918.8 0.49752763 0.1144522 0.88802016	0.9999999999843949
81074663_20000	3233.0	56	56	2676463.2 0.14688526 1.1396779 0.21343689	2676444.0 0.14688669 1.1396753 0.21343805	1.0000000000000000
81074663_20000	3233.0	57	57	2546680.8 1.1977575 0.22431394 0.0779285	2546660.0 1.1977559 0.22431538 0.07792874	0.9999999999992137
81074663_20000	3233.0	58	58	2151232.8 0.2655482 0.09225362 1.1421981	2151232.8 0.26554775 0.09225315 1.142199	0.9999999999999758
81074663_20000	3233.0	62	61	1768850.6 0.6758253 0.112638116 0.71153665	1768850.0 0.675825 0.11263872 0.7115363	0.9999999999999946
81074663_20000	3233.0	66	65	3642088.8 0.7991713 0.46134597 0.23948263	3642088.0 0.799171 0.46134636 0.23948269	0.9999999999994988
81074663_20000	3233.0	67	66	1834075.4 0.91613626 0.47556224 0.10830144	1834074.6 0.9161372 0.47556242 0.10830039	0.9999999999998779
81074663_20000	3233.0	68	67	3214372.8 0.27134904 0.06179526 1.1668557	3214370.8 0.27134922 0.061794676 1.166856	0.9999999999998640
81074663_20000	3233.0	69	68	4259997.5 0.04662749 0.88044864 0.57292384	4259976.5 0.046627253 0.88045275 0.5729201	0.9999999999641885
