ID	BITRATE	START_IDX	CAPTURE_START_IDX	KEY	CAPTURE_KEY	CORRELATION
81075239_7050	1516.0	8	7	1355708.8 0.14656983 1.0396857 0.7553503 0.41173372 0.14666055	1355710.0 0.14656822 1.0396876 0.75535035 0.41173333 0.14666042	0.9999999999985216
81075239_7050	1516.0	17	15	3342746.5 0.70122606 0.35013244 0.05953009 0.4793226 0.9097887	3342759.2 0.7012321 0.3501308 0.05953016 0.4793214 0.9097855	0.9999999999409807
81075239_7050	1516.0	18	16	2642634.5 0.44289288 0.07530137 0.60630935 1.1508186 0.22467768	2642636.0 0.44289225 0.07530171 0.6063098 1.1508183 0.22467794	0.9999999999995123
81075239_7050	1516.0	19	17	2425031.5 0.08205832 0.66071475 1.2540839 0.24483848 0.2583047	2425032.8 0.08205868 0.6607152 1.2540836 0.24483876 0.25830373	0.9999999999992075
81075239_20000	1783.0	29	29	864902.4 0.23031732 0.68526924 0.8589397 0.2298086 0.4956652	864904.0 0.23031689 0.6852691 0.8589381 0.22981048 0.4956654	0.9999999999948466
81075239_20000	1783.0	30	30	956460.0 0.6196715 0.77671725 0.20781004 0.4482174 0.4475838	956460.4 0.6196723 0.77671695 0.20781206 0.44821826 0.4475805	0.9999999999576171
81075239_20000	1783.0	31	31	798896.0 0.929907 0.24879584 0.53661805 0.53585947 0.24881962	798895.6 0.92990744 0.24879846 0.53661954 0.535856 0.24881849	0.9999999999638594
81075239_20000	1783.0	32	32	737466.8 0.26951993 0.581317 0.5804953 0.26954567 0.79912204	737466.8 0.26952264 0.5813184 0.5804912 0.26954433 0.7991234	0.9999999999297264
81075239_20000	1783.0	33	33	955218.4 0.4488 0.4481656 0.20810007 0.6169542 0.7779802	955216.4 0.448802 0.4481634 0.20809945 0.61695653 0.7779787	0.9999999999533962
81075239_20000	1783.0	34	34	863370.4 0.4958428 0.23023838 0.6825877 0.8607442 0.23058702	863367.6 0.49584094 0.23023796 0.682591 0.8607434 0.23058659	0.9999999999765268
81075239_20000	1783.0	35	35	1045101.6 0.19020255 0.5638935 0.71107054 0.19049056 0.84434277	1045098.8 0.19020212 0.56389594 0.7110696 0.19049013 0.8443422	0.9999999999891502
81075239_20000	1783.0	36	36	1297869.2 0.45407194 0.5725854 0.15339142 0.6799021 0.64004904	1297866.0 0.45407385 0.5725845 0.15339103 0.6799015 0.6400491	0.9999999999864811
81075239_7050	1516.0	38	37	1141706.8 0.6509036 0.17437227 0.77289814 0.72759575 0.17423038	1141703.6 0.65090275 0.17437187 0.7728985 0.72759515 0.17423174	0.9999999999964182
81075239_7050	1516.0	39	38	1163737.2 0.17107126 0.7582665 0.71382177 0.17093205 0.68590826	1163734.8 0.17107077 0.75826645 0.71382076 0.17093328 0.68590885	0.9999999999961096
81075239_7050	1516.0	40	39	1310616.4 0.6732885 0.6338247 0.15177591 0.60903937 0.4320715	1310615.2 0.67328763 0.6338229 0.1517768 0.6090391 0.4320734	0.9999999999882221
81075239_7050	1516.0	41	40	1297198.4 0.64038086 0.15334585 0.6153392 0.43654078 0.6543934	1297198.4 0.64037853 0.15334663 0.61533844 0.43654233 0.65439415	0.9999999999803773
81075239_7050	1516.0	42	41	1044612.8 0.19042462 0.76412714 0.5420956 0.8126245 0.19072808	1044614.8 0.19042522 0.7641247 0.5420965 0.8126239 0.19072963	0.9999999999946069
81075239_20000	1783.0	42	42	1357118.8 0.58816886 0.41726783 0.6255009 0.1468103 0.7222522	1357119.2 0.5881694 0.41726768 0.6255007 0.14681023 0.72225195	0.9999999999989884
