ID	BITRATE	START_IDX	CAPTURE_START_IDX	KEY	CAPTURE_KEY	CORRELATION
70039177_2000	520.0	17	6	493070.0 0.69044155 0.4117245 0.39783397	493079.34 0.6939512 0.40305683 0.40299195	0.9991226157513232
81075239_6500	1610.0	24	22	945825.3 0.62775016 0.66227454 0.20997535	945826.0 0.62775075 0.66227406 0.2099752	0.9999999999976283
81075239_6500	1610.0	25	23	3038801.2 0.2061326 0.06535472 1.2285128	3038802.8 0.2061325 0.06535468 1.2285128	0.9999999999999978
81075239_6500	1610.0	26	24	4358725.5 0.045563776 0.85649025 0.59794587	4358726.5 0.04556377 0.85649055 0.59794575	0.9999999999999090
81075239_4800	1507.0	24	25	4947729.5 0.7545297 0.52676284 0.21870738	4947731.5 0.75452924 0.526763 0.21870771	0.9999999999997220
81075239_4800	1507.0	25	26	2591414.0 1.0057366 0.41757318 0.076690175	2591416.0 1.0057366 0.41757363 0.076689735	0.9999999999996040
81075239_7050	1516.0	29	29	2564242.8 1.1334906 0.28882405 0.07768531	2564242.0 1.1334913 0.28882337 0.077685334	0.9999999999996491
80232502_7050	1873.0	14	31	813746.7 0.24015704 0.7260859 0.53375703	813732.0 0.24480295 0.7283627 0.52683437	0.9997138063454991
81075239_4800	1507.0	32	36	810799.3 0.5279876 0.7268445 0.24516794	810800.0 0.5279921 0.72684383 0.24516404	0.9999999998824485
81075239_4800	1507.0	33	37	1020832.0 0.5772987 0.19472548 0.7279758	1020849.3 0.5772889 0.19471924 0.7279919	0.9999999992070780
81075239_4200	1406.0	31	38	1216226.6 0.16343993 0.61102265 0.7255375	1216248.6 0.16343616 0.61103463 0.7255293	0.9999999993726614
81075239_4200	1406.0	32	39	1216426.6 0.61092216 0.7254182 0.16365969	1216450.6 0.6109331 0.7254088 0.1636581	0.9999999994043465
81075239_4200	1406.0	33	40	1274799.4 0.6922015 0.15616575 0.6516327	1274804.0 0.69220364 0.15616675 0.65162957	0.9999999999583565
81075239_4200	1406.0	34	41	1218663.4 0.1633593 0.68164927 0.6549914	1218664.6 0.16336077 0.6816478 0.6549915	0.9999999999964608
81075239_5500	1429.0	39	42	1218555.4 0.6817089 0.65504944 0.16324165	1218557.4 0.68170774 0.65504915 0.16324303	0.9999999999991642
81075239_5500	1429.0	40	43	1042276.0 0.76583743 0.1908506 0.54331195	1042278.0 0.76583695 0.19085215 0.5433109	0.9999999999965475
81075239_5500	1429.0	41	44	1076052.0 0.18486002 0.52625805 0.78888196	1076053.4 0.18486165 0.52625734 0.78888094	0.9999999999988202
81075239_7050	1516.0	44	45	1076263.4 0.52615374 0.78872705 0.18511918	1076264.0 0.52615434 0.78872657 0.18511908	0.9999999999984380
81075239_5500	1429.0	43	46	1352200.6 0.6277752 0.147345 0.72487986	1352199.4 0.6277758 0.14734292 0.7248813	0.9999999999999110
81075239_5500	1429.0	44	47	1473640.6 0.13520257 0.66514385 0.6996536	1473638.6 0.13520072 0.66514546 0.69965386	0.9999999999972524
81075239_5500	1429.0	45	48	1980864.6 0.49482584 0.520499 0.48467523	1980864.6 0.49482635 0.52049845 0.48467523	0.9999999998068757
81075239_4800	1507.0	46	49	1883074.6 0.54752904 0.50984436 0.44262666	1883074.0 0.5475287 0.5098451 0.44262627	0.9999999999351348
81075239_10000	1811.0	45	50	1328284.6 0.72279465 0.6274995 0.14970587	1328284.6 0.7227939 0.6274995 0.14970662	0.9999999999996115
81075239_4800	1507.0	50	52	1310468.6 0.1517419 0.56761146 0.7806467	1310467.4 0.15174204 0.567612 0.7806459	0.9999999999983965
81075239_5500	1429.0	53	58	1405080.6 0.39156187 0.62247956 0.48595858	1405080.6 0.39156115 0.622481 0.4859579	0.9999999999906837
