ID	BITRATE	START_IDX	CAPTURE_START_IDX	KEY	CAPTURE_KEY	CORRELATION
81075239_7050	1516.0	8	7	1754834.6 0.11323346 0.80321586 0.5835507	1754836.6 0.113232195 0.80321723 0.58355063	0.9999999999995044
81075239_7050	1516.0	9	8	1994491.4 0.706702 0.51343167 0.27986634	1994494.6 0.7067028 0.5134313 0.2798659	0.9999999999987077
81075239_7050	1516.0	10	9	1187370.0 0.8624397 0.47010705 0.16745327	1187370.6 0.86244005 0.4701068 0.16745318	0.9999999999998165
81075239_7050	1516.0	17	15	2475612.8 0.94684476 0.47277346 0.080381714	2475632.0 0.9468491 0.47276938 0.0803815	0.9999999999689594
81075239_7050	1516.0	18	16	1981101.4 0.5907845 0.10044615 0.8087693	1981102.6 0.59078366 0.10044659 0.8087698	0.9999999999977710
81075239_7050	1516.0	19	17	3228294.0 0.061640605 0.49631602 0.94204336	3228296.8 0.061640862 0.4963162 0.9420429	0.9999999999999175
81075239_7050	1516.0	20	18	3491458.8 0.45890674 0.8710379 0.17005529	3491461.2 0.458907 0.8710376 0.17005545	0.9999999999998909
81075239_7050	1516.0	21	19	2840887.2 1.0705081 0.20899844 0.22049344	2840887.2 1.0705085 0.20899878 0.22049274	0.9999999999994214
81075239_4800	1507.0	24	23	4947729.5 0.7545297 0.52676284 0.21870738	4947752.0 0.7545263 0.5267669 0.2187068	0.9999999999093244
81075239_4800	1507.0	25	24	2591414.0 1.0057366 0.41757318 0.076690175	2591436.0 1.0057404 0.4175704 0.07668914	0.9999999999908935
81075239_7050	1516.0	29	27	2564242.8 1.1334906 0.28882405 0.07768531	2564240.0 1.1334922 0.2888232 0.07768462	0.9999999999998144
81075239_20000	1783.0	29	29	1023194.7 0.19468631 0.57925534 0.7260583	1023195.3 0.19468619 0.579256 0.7260579	0.9999999999980180
81075239_20000	1783.0	30	30	1022901.3 0.57942146 0.72626656 0.194312	1022903.3 0.57942134 0.72626513 0.19431357	0.9999999999996031
81075239_20000	1783.0	31	31	913575.3 0.81317765 0.21756499 0.4692574	913577.3 0.81317586 0.2175667 0.4692575	0.9999999999999469
81075239_20000	1783.0	32	32	703706.7 0.28245008 0.60920554 0.6083444	703706.7 0.2824529 0.6092069 0.6083401	0.9999999998857669
81075239_20000	1783.0	33	33	703719.3 0.6091946 0.60833347 0.28247198	703717.3 0.60919774 0.6083309 0.2824714	0.9999999998862019
81075239_6500	1610.0	36	34	810800.7 0.5279892 0.2451663 0.7268445	810800.0 0.52798843 0.24516527 0.72684634	0.9999999999940927
81075239_6500	1610.0	37	35	1020832.0 0.1947245 0.5772997 0.7279758	1020830.0 0.1947239 0.5773018 0.7279743	0.9999999999765111
81075239_20000	1783.0	36	36	1021032.7 0.5771862 0.72783273 0.19498102	1021030.7 0.5771883 0.7278312 0.19498043	0.9999999999764854
81075239_7050	1516.0	38	37	1216430.6 0.61091936 0.1636608 0.72541994	1216426.6 0.6109189 0.16366051 0.72542065	0.9999999999983415
81075239_7050	1516.0	39	38	1274804.0 0.15616675 0.69220287 0.65163034	1274800.0 0.15616646 0.69220346 0.65163004	0.9999999999989256
81075239_7050	1516.0	40	39	1274696.0 0.6922615 0.6516856 0.15605289	1274693.4 0.6922614 0.6516846 0.156054	0.9999999999986030
81075239_7050	1516.0	41	40	1218558.6 0.68170786 0.16324204 0.65505016	1218556.6 0.68170655 0.16324313 0.6550504	0.9999999999966569
81075239_7050	1516.0	42	41	1042278.0 0.1908512 0.76583886 0.5433099	1042279.3 0.19085191 0.76583695 0.5433112	0.9999999999911079
81075239_7050	1516.0	43	42	1475583.4 0.5409501 0.38376686 0.575283	1475584.6 0.540949 0.3837679 0.57528317	0.9999999999693410
81075239_7050	1516.0	44	43	1076263.4 0.52615374 0.78872705 0.18511918	1076266.6 0.526154 0.78872555 0.18512048	0.9999999999995013
81075239_5500	1429.0	43	44	1352200.6 0.6277752 0.147345 0.72487986	1352200.0 0.6277762 0.14734432 0.72487944	0.9999999999966757
