ID	BITRATE	START_IDX	CAPTURE_START_IDX	KEY	CAPTURE_KEY	CORRELATION
81074663_6500	1946.0	18	16	3806273.2 0.94915545 0.30765474 0.6668615 0.52402043 0.05230786	3806273.2 0.9491562 0.30765396 0.66686124 0.52402073 0.05230786	0.9999999999990249
81074663_7050	2426.0	18	19	3230425.5 0.61743134 0.061631817 1.02713 0.6664571 0.1273498	3230440.5 0.6174285 0.061631843 1.0271345 0.6664549 0.12735012	0.9999999999771360
81074663_7050	2426.0	19	20	2512039.2 0.07925712 1.3208659 0.8570487 0.16376893 0.07905927	2512053.5 0.07925707 1.3208704 0.85704505 0.1637692 0.07905843	0.9999999999887376
81074663_7050	2426.0	20	21	2896010.0 1.1457374 0.74341595 0.14205545 0.06857711 0.40021408	2896025.5 1.1457416 0.743413 0.14205572 0.068576396 0.40021333	0.9999999999868243
81074663_7050	2426.0	21	22	2025503.2 1.062916 0.20310706 0.09804971 0.5722153 0.56371176	2025507.2 1.0629154 0.20310813 0.09804902 0.57221615 0.56371117	0.9999999999974997
81074663_7050	2426.0	22	23	1715440.4 0.2398183 0.115772024 0.67564225 0.6656017 0.8031658	1715443.2 0.23981965 0.11577124 0.67564344 0.66560113 0.8031644	0.9999999999922875
81074663_7050	2426.0	23	24	1630416.4 0.12180938 0.7108761 0.7003119 0.8450498 0.1219529	1630417.6 0.12180867 0.710878 0.70031196 0.84504914 0.12195219	0.9999999999959345
81074663_5500	1746.0	30	31	2443664.0 0.9768806 0.44876504 0.6904489 0.08157586 0.30232963	2443652.5 0.97687334 0.44876838 0.6904517 0.08157543 0.30233103	0.9999999999448257
81074663_5500	1746.0	31	32	1771670.0 0.61898154 0.95233595 0.112517565 0.41700315 0.39916182	1771670.0 0.6189832 0.95233536 0.11251644 0.41700315 0.39916182	0.9999999999947157
81074663_4800	1698.0	54	58	1257316.4 0.15784253 0.58680856 0.370505 0.69113153 0.6937124	1257316.0 0.15784258 0.58680874 0.3705059 0.69113016 0.69371265	0.9999999999947377
81074663_5500	1746.0	56	59	1257629.6 0.5866624 0.3704135 0.6909594 0.6935396 0.15842502	1257628.8 0.58666277 0.37041375 0.69095826 0.6935401 0.15842514	0.9999999999962911
81074663_5500	1746.0	57	60	1592306.4 0.29255864 0.545731 0.54776895 0.12512667 0.9888147	1592305.2 0.29255885 0.5457302 0.54776937 0.12512676 0.98881483	0.9999999999988860
81074663_5500	1746.0	58	61	1694314.4 0.5128747 0.51478994 0.11759329 0.92928207 0.42546	1694314.0 0.51287365 0.51479006 0.11759332 0.9292817 0.4254613	0.9999999999960060
81074663_5500	1746.0	59	62	1680236.4 0.51910317 0.11857855 0.93706816 0.42902476 0.49622542	1680236.0 0.5191033 0.11857858 0.93706775 0.42902604 0.49622434	0.9999999999959366
81074663_5500	1746.0	60	63	1410803.2 0.14122452 1.1160281 0.51095927 0.5909938 0.14079426	1410802.8 0.14122456 1.1160277 0.5109609 0.5909926 0.1407943	0.9999999999969390
