ID	BITRATE	START_IDX	CAPTURE_START_IDX	KEY	CAPTURE_KEY	CORRELATION
81074663_4800	1698.0	3	4	510430.0 0.3889897 0.34382188 0.76718843	510432.66 0.3889896 0.34381813 0.7671923	0.9999999999788989
81074663_4800	1698.0	4	5	510700.66 0.34363967 0.76678187 0.38957852	510700.66 0.3436377 0.7667897 0.38957262	0.9999999999363574
81074663_4800	1698.0	5	6	484688.0 0.80793417 0.41048676 0.28157908	484689.34 0.8079402 0.41047943 0.28158036	0.9999999998055851
81074663_4800	1698.0	6	7	366665.34 0.5426147 0.37221408 0.5851712	366664.0 0.5426085 0.37221816 0.58517337	0.9999999991076686
81074663_4800	1698.0	7	8	366591.34 0.3722892 0.5852893 0.5424214	366592.66 0.3722906 0.5852872 0.54242224	0.9999999999442880
81074663_4800	1698.0	8	9	451668.0 0.47504362 0.44025037 0.584706	451670.66 0.47504082 0.44024998 0.5847092	0.9999999997103913
81074663_4800	1698.0	9	10	379749.34 0.523627 0.6954403 0.28093266	379752.66 0.523625 0.69544214 0.28093287	0.9999999999638149
81074663_4800	1698.0	10	11	379924.66 0.6951194 0.28080305 0.5240776	379926.66 0.6951236 0.2808042 0.52407223	0.9999999997342998
81074663_4800	1698.0	11	12	848804.0 0.12568744 0.23457712 1.1397355	848803.3 0.12568872 0.23457614 1.1397352	0.9999999999980267
81074663_4200	1412.0	18	17	1963775.4 0.8019293 0.5966874 0.101383284	1963778.6 0.801929 0.5966859 0.101385154	0.9999999999959468
81074663_6500	1946.0	22	19	2477192.8 0.08037243 0.08018068 1.3394468	2477192.8 0.08037243 0.08017987 1.3394476	0.9999999999998459
81074663_6500	1946.0	23	20	3779755.2 0.05254917 0.8778526 0.56959826	3779756.0 0.05254863 0.877853 0.56959844	0.9999999999999839
81074663_6500	1946.0	24	21	3779738.8 0.87785643 0.56960076 0.052542783	3779742.8 0.877856 0.5696004 0.052543525	0.9999999999998761
81074663_7050	2426.0	24	25	2452404.8 0.47260714 0.46558383 0.561809	2452408.8 0.472608 0.46558347 0.56180847	0.9999999999302781
81074663_7050	2426.0	25	26	1812278.0 0.6300358 0.76024926 0.109714955	1812276.6 0.63003683 0.7602504 0.10971283	0.9999999999996169
81074663_5500	1746.0	31	32	1988800.0 0.55140334 0.84836334 0.10023331	1988800.6 0.5514047 0.8483621 0.10023327	0.9999999999948201
81074663_5500	1746.0	32	33	1750240.6 0.963996 0.1138952 0.42210883	1750240.0 0.9639952 0.11389524 0.42210954	0.9999999999991472
81074663_5500	1746.0	33	34	1096879.4 0.1817374 0.6735399 0.6447227	1096880.6 0.18173718 0.67354 0.6447228	0.9999999999999950
81074663_5500	1746.0	34	35	1300504.6 0.568081 0.54377586 0.38814318	1300504.6 0.5680818 0.54377663 0.38814163	0.9999999999985583
81074663_5500	1746.0	35	36	1708178.6 0.41399828 0.29550892 0.79049283	1708179.4 0.41399866 0.2955076 0.79049367	0.9999999999967291
81074663_5500	1746.0	46	48	1988616.6 0.26467243 0.74317193 0.4921557	1988620.0 0.2646725 0.74317265 0.49215487	0.9999999999956727
81074663_5500	1746.0	47	49	1967889.4 0.7509995 0.49733943 0.251661	1967891.4 0.7510008 0.49733892 0.25166023	0.9999999999985284
81074663_5500	1746.0	48	50	1170633.4 0.8360508 0.4230539 0.24089523	1170633.4 0.8360508 0.42305303 0.24089609	0.9999999999964264
81074663_5500	1746.0	53	55	1793319.4 0.5963366 0.37699643 0.52666694	1793320.6 0.5963368 0.37699616 0.5266671	0.9999999999996013
81074663_5500	1746.0	54	56	1572240.6 0.43000734 0.60072356 0.46926913	1572242.6 0.4300068 0.60072345 0.4692698	0.9999999999759178
81074663_5500	1746.0	55	57	1432086.0 0.65951484 0.5151953 0.32528982	1432088.0 0.65951467 0.51519597 0.32528937	0.9999999999941076
81074663_5500	1746.0	56	58	1381745.4 0.53396523 0.33714098 0.62889373	1381744.6 0.53396696 0.33714116 0.6288919	0.9999999999386661
81074663_5500	1746.0	57	59	1471353.4 0.31660852 0.590593 0.5927985	1471351.4 0.31660894 0.5905918 0.59279925	0.9999999999792348
81074663_5500	1746.0	58	60	1293618.0 0.67173696 0.6742454 0.15401764	1293616.6 0.67173535 0.67424613 0.15401858	0.9999999999924517
81074663_5500	1746.0	59	61	1763968.0 0.4944625 0.11294989 0.8925876	1763968.6 0.4944623 0.11295042 0.8925873	0.9999999999999081
81074663_4200	1412.0	61	62	1314914.6 0.1515239 1.1974139 0.15106228	1314912.0 0.1515242 1.1974155 0.1510603	0.9999999999982165
81074663_4200	1412.0	62	63	1737938.0 0.9059569 0.11429291 0.47975013	1737935.4 0.90595776 0.11429136 0.47975087	0.9999999999984870
81074663_4200	1412.0	63	64	1168850.0 0.16993968 0.7133302 0.6167301	1168848.6 0.16993731 0.71333104 0.6167317	0.9999999999970022
