ID	BITRATE	START_IDX	CAPTURE_START_IDX	KEY	CAPTURE_KEY	CORRELATION
81076251_5500	1510.0	4	4	631140.0 0.814534 0.31482396 0.370642	631141.3 0.81453073 0.31482807 0.37064123	0.9999999999697109
81076251_5500	1510.0	5	5	355248.66 0.5593209 0.65848804 0.28219107	355248.0 0.5593304 0.6584893 0.28218034	0.9999999994690074
81076251_3500	951.0	6	7	359810.66 0.27861044 0.8863912 0.33499843	359810.66 0.2786021 0.88639677 0.3350012	0.9999999998831043
81076251_4200	1032.0	6	8	425284.0 0.7499271 0.28342238 0.46665052	425287.34 0.74992824 0.28342485 0.46664685	0.9999999999059371
81076251_4200	1032.0	7	9	332340.66 0.36268508 0.59715533 0.5401596	332341.34 0.36269036 0.59715414 0.5401555	0.9999999997951369
81076251_4200	1032.0	8	10	607710.0 0.3265686 0.29539913 0.87803227	607709.3 0.32656896 0.29539782 0.8780333	0.9999999999970269
81076251_4200	1032.0	9	11	607972.0 0.2952718 0.8776539 0.32707426	607970.0 0.29527116 0.8776568 0.32707205	0.9999999999963012
81076251_4200	1032.0	10	12	640270.0 0.83338124 0.31057522 0.35604355	640268.7 0.83338296 0.31057274 0.35604426	0.9999999999868321
81076251_3500	951.0	12	13	406165.34 0.48959124 0.5612616 0.44914714	406160.0 0.4895854 0.5612665 0.44914812	0.9999999965497981
81076251_3500	951.0	13	14	429799.34 0.53039867 0.42444924 0.54515207	429799.34 0.53039634 0.4244446 0.54515904	0.9999999979923438
81076251_3500	951.0	14	15	394548.0 0.46237212 0.5938593 0.44376856	394548.0 0.46236706 0.5938669 0.44376603	0.9999999996989485
80031611_6500	1915.0	10	20	455368.66 0.40834606 0.6381423 0.4535117	455374.0 0.39989108 0.6449841 0.4551248	0.9995520432407328
81076251_6500	1775.0	29	25	392278.0 0.37854278 0.33433178 0.78712547	392278.66 0.37854213 0.33433378 0.78712416	0.9999999999883610
81076251_6500	1775.0	30	26	414761.34 0.31620836 0.744457 0.43933457	414762.0 0.31621027 0.7444559 0.4393339	0.9999999999904566
81076251_6500	1775.0	31	27	892300.0 0.34604058 0.20421271 0.9497467	892300.0 0.34604058 0.20421271 0.9497467	1.0000000000000000
81076251_6500	1775.0	32	28	780480.7 0.23347022 1.0858167 0.180713	780481.3 0.23347004 1.0858159 0.18071413	0.9999999999992539
81076251_6500	1775.0	33	29	1424132.6 0.5950703 0.099037826 0.80589193	1424134.0 0.5950697 0.09903843 0.8058919	0.9999999999994081
81076251_6500	1775.0	34	30	1039207.3 0.13572171 1.1043966 0.25988173	1039208.0 0.13572259 1.1043968 0.2598806	0.9999999999981238
81076251_6500	1775.0	35	31	1062296.6 1.0803922 0.25423312 0.16537471	1062296.6 1.0803932 0.2542322 0.16537471	0.9999999999994260
81076251_6500	1775.0	39	35	791523.3 0.85449535 0.27492937 0.3705753	791522.7 0.85449475 0.27492958 0.3705756	0.9999999999999346
81076251_6500	1775.0	40	36	451072.0 0.48243517 0.65027094 0.36729392	451072.0 0.48243517 0.65027094 0.36729392	1.0000000000000000
81076251_4800	1117.0	38	37	914970.7 0.3205753 0.18107137 0.9983533	914974.7 0.32057607 0.18107167 0.9983522	0.9999999999996053
81076251_4800	1117.0	39	38	809373.3 0.2046954 1.1286066 0.16669811	809374.7 0.2046963 1.1286083 0.16669536	0.9999999999947502
81076251_4800	1117.0	40	39	1437394.6 0.6354998 0.09386497 0.77063525	1437396.0 0.63550127 0.09386349 0.77063525	0.9999999999962081
81076251_7050	1771.0	59	56	2080578.6 0.42558208 0.75151545 0.32290247	2080577.4 0.4255814 0.7515164 0.3229022	0.9999999999984575
81076251_15000	1932.0	64	57	3866542.8 0.40438968 0.17375316 0.9218571	3866561.2 0.40438724 0.17375207 0.92186075	0.9999999999914518
81076251_10000	1917.0	62	61	1514697.4 0.51434696 0.5905833 0.3950697	1514696.6 0.5143459 0.5905843 0.39506987	0.9999999999498481
81076251_10000	1917.0	69	68	2169268.8 1.0210713 0.33656365 0.14236502	2169250.8 1.0210668 0.33656645 0.14236666	0.9999999999955934
81076251_6500	1775.0	78	76	9477035.0 1.0142856 0.3956137 0.09010076	9477037.0 1.0142889 0.39561045 0.09010063	0.9999999999869464
81076251_5500	1510.0	71	77	6600500.0 0.5680239 0.12936702 0.802609	6600482.0 0.5680214 0.12936737 0.80261123	0.9999999999768293
81076251_6500	1775.0	80	78	4233104.5 0.20171674 1.2514806 0.046802767	4233085.5 0.2017174 1.2514797 0.04680274	0.9999999999997955
81076251_5500	1510.0	73	79	4310178.0 1.2290957 0.04596562 0.22493874	4310178.0 1.2290957 0.04596562 0.22493874	1.0000000000000000
81076251_7050	1771.0	83	80	911274.7 0.21740974 1.0639262 0.21866404	911272.0 0.21741039 1.063926 0.21866359	0.9999999999993736
81076251_7050	1771.0	89	85	1620153.4 0.44184643 0.23262241 0.8255311	1620156.0 0.44184634 0.23262267 0.825531	0.9999999999999151
81076251_7050	1771.0	90	86	1856110.6 0.2030504 0.7205858 0.5763638	1856112.6 0.20305072 0.7205861 0.5763632	0.9999999999981137
81076251_7050	1771.0	91	87	1737436.0 0.7698051 0.615732 0.11446292	1737438.6 0.769805 0.6157311 0.1144639	0.9999999999982800
