ID	BITRATE	START_IDX	CAPTURE_START_IDX	KEY	CAPTURE_KEY	CORRELATION
80009431_3500	1174.0	40	1	1184637.0 0.8342944 0.1657056	1184628.0 0.8323465 0.16765347	1.0000000000000000
80109295_3500	831.0	5	2	310994.0 0.6390252 0.36097482	311001.0 0.63860565 0.36139435	1.0000000000000000
896970_600	445.0	30	3	269549.0 0.42282107 0.5771789	269529.0 0.41700152 0.5829985	1.0000000000000000
70216224_15000	1432.0	8	7	519747.0 0.62227774 0.37772223	519742.0 0.6181355 0.38186446	1.0000000000000000
80232502_15000	2092.0	3	8	323447.0 0.6157423 0.3842577	323454.0 0.6135988 0.38640115	1.0000000000000000
81076251_1200	463.0	49	9	324200.0 0.38971314 0.61028683	324192.0 0.38552153 0.61447847	1.0000000000000000
81076251_20000	1991.0	10	11	1197713.0 0.79463863 0.20536138	1197710.0 0.79463893 0.20536107	1.0000000000000000
81076251_20000	1991.0	11	12	415596.0 0.59183437 0.40816563	415595.0 0.5918334 0.40816662	1.0000000000000000
70039177_3500	725.0	65	15	619102.0 0.6827421 0.3172579	619093.0 0.67943424 0.32056573	1.0000000000000000
81076251_20000	1991.0	15	16	1750199.0 0.11339225 0.88660777	1750201.0 0.11339269 0.8866073	0.9999999999999999
81076251_20000	1991.0	16	17	2218951.0 0.69931245 0.30068758	2218952.0 0.69931257 0.30068743	1.0000000000000000
81076251_20000	1991.0	17	18	866063.0 0.77039546 0.22960454	866066.0 0.7703928 0.22960721	0.9999999999999999
81076251_20000	1991.0	18	19	750577.0 0.2649322 0.73506784	750578.0 0.26493582 0.73506415	1.0000000000000000
81076251_20000	1991.0	19	20	710626.0 0.77639294 0.22360708	710624.0 0.7763923 0.2236077	1.0000000000000000
81076251_20000	1991.0	20	21	879677.0 0.18063562 0.81936437	879676.0 0.18063582 0.8193642	1.0000000000000000
81076251_10000	1917.0	14	22	919685.0 0.7837194 0.21628058	919686.0 0.7837186 0.21628143	1.0000000000000000
81076251_20000	1991.0	24	26	2435430.0 0.7746973 0.22530273	2435429.0 0.7746972 0.22530282	0.9999999999999999
81076251_15000	1932.0	25	27	942191.0 0.5823755 0.41762444	942190.0 0.5823762 0.41762385	1.0000000000000000
81076251_20000	1991.0	27	29	844788.0 0.23493469 0.7650653	844789.0 0.23493558 0.7650644	1.0000000000000000
81076251_20000	1991.0	28	30	2280318.0 0.2834333 0.71656674	2280317.0 0.2834334 0.7165666	1.0000000000000000
80183328_3500	934.0	1	33	693060.0 0.45175597 0.548244	693061.0 0.44811207 0.5518879	1.0000000000000000
81076251_15000	1932.0	31	34	688222.0 0.55576545 0.44423455	688223.0 0.55576754 0.44423246	1.0000000000000000
81076251_7050	1771.0	29	35	572984.0 0.5335786 0.4664214	572983.0 0.5335778 0.4664222	1.0000000000000000
81076251_7050	1771.0	30	36	943574.0 0.28323376 0.71676624	943574.0 0.28323376 0.71676624	1.0000000000000000
81076251_7050	1771.0	31	37	1105492.0 0.6117837 0.3882163	1105490.0 0.6117848 0.38821518	1.0000000000000000
81076251_7050	1771.0	32	38	2125005.0 0.20196187 0.7980381	2125004.0 0.20196103 0.79803896	0.9999999999999999
81076251_15000	1932.0	36	39	1920060.0 0.8832193 0.11678073	1920060.0 0.8832203 0.116779685	1.0000000000000000
81076251_15000	1932.0	37	40	2965989.0 0.07559907 0.9244009	2965984.0 0.07559852 0.92440146	1.0000000000000000
81076251_20000	1991.0	39	41	3369408.0 0.8137219 0.18627812	3369411.0 0.8137209 0.18627915	1.0000000000000000
81076251_20000	1991.0	40	42	826567.0 0.75934196 0.24065804	826571.0 0.75934315 0.24065688	1.0000000000000000
81076251_20000	1991.0	41	43	565546.0 0.35173088 0.6482691	565546.0 0.35173088 0.6482691	1.0000000000000000
81076251_20000	1991.0	42	44	1059830.0 0.34592906 0.6540709	1059830.0 0.34592906 0.6540709	1.0000000000000000
81076251_10000	1917.0	36	45	2338990.0 0.29636937 0.7036306	2338989.0 0.29636908 0.7036309	1.0000000000000000
81076251_10000	1917.0	37	46	2006948.0 0.8200437 0.17995633	2006948.0 0.8200437 0.17995633	1.0000000000000000
81076251_10000	1917.0	38	47	1207551.0 0.29908717 0.70091283	1207551.0 0.29908717 0.70091283	1.0000000000000000
81076251_10000	1917.0	39	48	1326544.0 0.6380399 0.3619601	1326542.0 0.63804084 0.36195913	1.0000000000000000
81076251_20000	1991.0	46	49	827463.0 0.58027124 0.41972873	827465.0 0.58027107 0.41972893	1.0000000000000000
81076251_20000	1991.0	47	50	2236431.0 0.15529653 0.84470344	2236435.0 0.15529671 0.8447033	1.0000000000000000
81076251_7050	1771.0	44	51	2196574.0 0.860032 0.13996796	2196574.0 0.860032 0.13996796	1.0000000000000000
81076251_7050	1771.0	45	52	2425074.0 0.12677963 0.8732204	2425076.0 0.12677953 0.87322044	0.9999999999999999
81076251_20000	1991.0	50	53	4533029.0 0.4671552 0.53284484	4533026.0 0.46715504 0.53284496	1.0000000000000000
81076251_20000	1991.0	51	54	4027364.0 0.59974736 0.4002526	4027361.0 0.5997476 0.40025243	1.0000000000000000
81076251_7050	1771.0	48	55	2563161.0 0.6288961 0.37110388	2563161.0 0.6288957 0.37110427	1.0000000000000000
81076251_7050	1771.0	51	58	952787.0 0.79165965 0.20834038	952789.0 0.791658 0.20834203	1.0000000000000000
81076251_20000	1991.0	56	59	1932333.0 0.102727115 0.8972729	1932336.0 0.10272851 0.8972715	1.0000000000000000
81076251_6500	1775.0	54	60	2541227.0 0.68228024 0.31771976	2541226.0 0.6822809 0.31771907	1.0000000000000000
81076251_7050	1771.0	53	61	1006001.0 0.8025827 0.1974173	1005996.0 0.8025837 0.19741629	1.0000000000000000
81076251_6500	1775.0	56	62	1739097.0 0.11419834 0.8858017	1739097.0 0.114197195 0.8858028	1.0000000000000000
81076251_20000	1991.0	59	63	2100792.0 0.7332925 0.2667075	2100795.0 0.7332924 0.2667076	1.0000000000000000
81076251_20000	1991.0	63	67	2084833.0 0.42471316 0.57528687	2084832.0 0.42471334 0.5752866	1.0000000000000000
81076251_15000	1932.0	63	68	2762963.0 0.43408942 0.5659106	2762966.0 0.43409002 0.56591	1.0000000000000000
81076251_7050	1771.0	60	69	2235411.0 0.6994629 0.30053714	2235412.0 0.6994639 0.3005361	1.0000000000000000
81076251_20000	1991.0	66	70	1450900.0 0.46303812 0.5369619	1450900.0 0.46303812 0.5369619	1.0000000000000000
81076251_20000	1991.0	69	73	1093187.0 0.8182982 0.18170176	1093189.0 0.8182986 0.18170142	1.0000000000000000
81076251_20000	1991.0	70	74	797043.0 0.24921365 0.75078636	797045.0 0.24921302 0.75078696	1.0000000000000000
80202920_15000	3217.0	9	75	797223.0 0.7507523 0.2492477	797242.0 0.7506015 0.24939854	1.0000000000000000
81076251_10000	1917.0	68	78	2413741.0 0.08234645 0.91765356	2413743.0 0.0823468 0.9176532	1.0000000000000000
81076251_15000	1932.0	81	84	1097054.0 0.22165453 0.77834547	1097056.0 0.22165687 0.77834314	1.0000000000000000
81076251_20000	1991.0	85	87	3947364.0 0.9498093 0.05019071	3947389.0 0.94981086 0.050189126	1.0000000000000000
81076251_15000	1932.0	88	91	2060369.0 0.09641913 0.90358084	2060368.0 0.0964187 0.9035813	1.0000000000000000
