ID	BITRATE	START_IDX	CAPTURE_START_IDX	KEY	CAPTURE_KEY	CORRELATION
81075239_20000	1783.0	9	6	2342750.0 0.6182623 0.08487077 0.79686695	2342746.8 0.6182619 0.08487003 0.796868	0.9999999999987244
81075239_20000	1783.0	10	7	2835702.8 0.07011701 0.6583412 0.7715417	2835682.8 0.0701168 0.6583459 0.7715373	0.9999999999281605
81075239_20000	1783.0	11	8	2835903.2 0.6582947 0.7714872 0.07021819	2835885.2 0.65829885 0.7714822 0.07021899	0.9999999999310336
81075239_20000	1783.0	12	9	3154010.0 0.69367665 0.06313614 0.74318725	3154011.2 0.6936675 0.06313643 0.7431961	0.9999999997168324
81075239_5500	1429.0	21	16	946194.0 0.21047692 0.62750554 0.6620175	946190.0 0.21047464 0.6275061 0.66201925	0.9999999999982933
81075239_4200	1406.0	20	17	3302211.2 0.17980134 0.18968956 1.1305091	3302210.0 0.1798008 0.18968993 1.1305093	0.9999999999996528
81075239_4800	1507.0	32	28	810799.3 0.5279876 0.7268445 0.24516794	810800.7 0.5279904 0.72684324 0.2451663	0.9999999999501061
81075239_4800	1507.0	33	29	1020832.0 0.5772987 0.19472548 0.7279758	1020831.3 0.5772991 0.19472463 0.7279763	0.9999999999998410
81075239_4800	1507.0	34	30	760668.7 0.26132533 0.9769575 0.2617171	760668.7 0.26132402 0.9769575 0.26171842	0.9999999999949353
81075239_7050	1516.0	38	31	1216430.6 0.61091936 0.1636608 0.72541994	1216430.0 0.61091965 0.16366005 0.7254203	0.9999999999999525
81075239_7050	1516.0	39	32	1274804.0 0.15616675 0.69220287 0.65163034	1274802.6 0.15616614 0.69220364 0.6516303	0.9999999999992066
81075239_7050	1516.0	40	33	1274696.0 0.6922615 0.6516856 0.15605289	1274694.0 0.6922626 0.65168583 0.15605158	0.9999999999993316
81075239_10000	1811.0	40	37	1230888.6 0.64848757 0.68964726 0.16186517	1230887.4 0.64848906 0.68964636 0.16186452	0.9999999999911922
81075239_5500	1429.0	43	38	1352200.6 0.6277752 0.147345 0.72487986	1352198.6 0.6277754 0.147343 0.72488165	0.9999999999985355
81075239_5500	1429.0	44	39	1473640.6 0.13520257 0.66514385 0.6996536	1473638.0 0.13520077 0.6651457 0.6996535	0.9999999999942839
81075239_4800	1507.0	50	44	1310468.6 0.1517419 0.56761146 0.7806467	1310468.0 0.15174197 0.5676117 0.7806463	0.9999999999995991
