ID	BITRATE	START_IDX	CAPTURE_START_IDX	KEY	CAPTURE_KEY	CORRELATION
81074663_10000	2916.0	17	20	8053182.5 0.5015765 0.69623667 0.26999265 0.48501062 0.5471837	8053172.0 0.501577 0.69623756 0.26999658 0.48500764 0.5471812	0.9999999998669635
81074663_10000	2916.0	18	21	6517106.5 0.86033905 0.33362967 0.59932715 0.6761544 0.030549753	6517096.5 0.86034036 0.33363461 0.59932363 0.6761514 0.030549955	0.9999999999481222
81074663_10000	2916.0	19	22	4353787.0 0.4994043 0.8971222 1.0121235 0.045729384 0.045620743	4353777.0 0.49941212 0.8971176 1.0121198 0.04572972 0.045620847	0.9999999999535915
81074663_15000	3277.0	19	24	5401745.0 0.8157677 0.036857903 0.036770154 0.9806096 0.6299946	5401747.5 0.8157627 0.036857888 0.03677014 0.98060954 0.6299998	0.9999999999667433
81074663_15000	3277.0	20	25	4185640.8 0.04756667 0.047453426 1.2655178 0.8130344 0.32642767	4185653.5 0.047566526 0.047453284 1.2655145 0.8130391 0.32642668	0.9999999999849373
81074663_15000	3277.0	21	26	4185442.5 0.047455676 1.2655778 0.8130729 0.32644314 0.04745042	4185455.5 0.047455527 1.2655743 0.81307757 0.32644212 0.04745051	0.9999999999850248
81074663_15000	3277.0	22	27	5111183.0 1.0363556 0.6658087 0.26731756 0.03885617 0.4916621	5111195.5 1.0363535 0.6658129 0.2673169 0.03885627 0.4916605	0.9999999999782024
81074663_15000	3277.0	23	28	3666142.8 0.9282426 0.372683 0.054171648 0.6854548 0.459448	3666155.2 0.92824763 0.3726817 0.054171737 0.68545187 0.459447	0.9999999999667651
81074663_10000	2916.0	27	31	3781543.2 0.6645292 0.44542766 0.5404124 0.052580122 0.79705054	3781554.8 0.66453433 0.44542632 0.54040366 0.052579697 0.797056	0.9999999998158285
81074663_10000	2916.0	28	32	4373994.0 0.38509518 0.4672144 0.045458224 0.68909127 0.91314095	4373994.0 0.38509518 0.46720824 0.045457996 0.6890981 0.9131405	0.9999999999055454
81074663_10000	2916.0	29	33	4393847.0 0.46510336 0.045252826 0.6859777 0.90901506 0.39465097	4393847.0 0.46509722 0.0452526 0.6859845 0.9090146 0.3946512	0.9999999999047838
81074663_10000	2916.0	30	34	4811536.5 0.04132443 0.62642795 0.83010346 0.36039132 0.6417528	4811549.0 0.041324113 0.6264326 0.8301009 0.3603906 0.64175195	0.9999999999611670
81074663_10000	2916.0	31	35	5123671.0 0.5882659 0.77953345 0.33843625 0.60265714 0.19110732	5123685.0 0.5882702 0.77953094 0.33843553 0.6026563 0.19110718	0.9999999999417724
81074663_10000	2916.0	32	36	3997777.2 0.99907345 0.43375003 0.77238345 0.24492885 0.04986421	3997778.8 0.99907255 0.43375012 0.77238417 0.24492927 0.04986394	0.9999999999988021
