ID	BITRATE	START_IDX	CAPTURE_START_IDX	KEY	CAPTURE_KEY	CORRELATION
81076251_3500	951.0	6	6	359810.66 0.27861044 0.8863912 0.33499843	359811.34 0.2786099 0.8863923 0.33499777	0.9999999999999195
81076251_4800	1117.0	8	7	412657.34 0.7728785 0.29209223 0.4350292	412658.66 0.7728761 0.29209614 0.43502784	0.9999999999699316
81076251_4800	1117.0	9	8	332341.34 0.36268133 0.5401615 0.5971571	332342.66 0.36268592 0.54015934 0.59715474	0.9999999999780796
81076251_4800	1117.0	10	9	607711.3 0.29540014 0.32656953 0.87803036	607711.3 0.29540014 0.32656953 0.87803036	1.0000000000000000
81076251_4200	1032.0	10	11	640270.0 0.83338124 0.31057522 0.35604355	640270.0 0.83338124 0.31057367 0.3560451	0.9999999999855479
81076251_10000	1917.0	15	16	973564.0 0.20431118 0.71002114 0.5856677	973562.7 0.20431145 0.7100231 0.5856654	0.9999999999671407
81076251_10000	1917.0	16	17	1441024.0 0.4796943 0.39568043 0.62462527	1441022.6 0.47969544 0.39567873 0.62462586	0.9999999999508674
81076251_15000	1932.0	30	26	665860.7 0.46641737 0.57442945 0.45915312	665860.7 0.46641737 0.5744325 0.4591501	0.9999999997803855
81076251_7050	1771.0	28	27	637003.3 0.6005008 0.47995356 0.4195457	636983.3 0.6004741 0.47996548 0.41956043	0.9999999977019934
81076251_7050	1771.0	29	28	832870.7 0.3670822 0.32088053 0.8120372	832868.7 0.3670807 0.32088253 0.81203675	0.9999999999802194
81076251_7050	1771.0	30	29	915162.7 0.29202676 0.7390183 0.46895486	915161.3 0.2920283 0.73901725 0.46895447	0.9999999999974440
81076251_7050	1771.0	31	30	1867551.4 0.36214373 0.22980358 0.9080527	1867550.0 0.36214292 0.22980322 0.9080539	0.9999999999993643
81076251_20000	1991.0	36	31	1566172.6 0.27402407 1.0827887 0.14318728	1566154.6 0.27402723 1.0828024 0.14317042	0.9999999998638072
81076251_20000	1991.0	37	32	3107900.8 0.54565257 0.07215674 0.88219064	3107882.8 0.5456564 0.07214783 0.8821958	0.9999999999796307
81076251_20000	1991.0	38	33	2395776.0 0.09360474 1.1444145 0.26198068	2395759.2 0.09359329 1.1444225 0.26198417	0.9999999999364941
81076251_10000	1917.0	34	35	1124989.4 0.55791813 0.32589373 0.61618805	1124989.4 0.5579173 0.32589462 0.61618805	0.9999999999928081
81076251_10000	1917.0	38	39	1125138.0 0.3209944 0.75225264 0.42675298	1125138.6 0.32099423 0.75225306 0.42675275	0.9999999999998557
81076251_20000	1991.0	48	43	2961057.2 0.6379887 0.14685194 0.7151594	2961058.0 0.6379895 0.1468519 0.7151586	0.9999999999961997
81076251_20000	1991.0	49	44	3311910.8 0.1312949 0.6393977 0.7293074	3311908.8 0.13129498 0.63939744 0.72930753	0.9999999999998337
81076251_7050	1771.0	46	45	4096677.2 0.5169126 0.5896071 0.39348036	4096657.2 0.5169156 0.58960265 0.3934818	0.9999999995380265
81076251_6500	1775.0	47	46	2817426.8 0.8573174 0.57214016 0.07054239	2817404.8 0.8573138 0.57214355 0.07054258	0.9999999999675666
81076251_6500	1775.0	48	47	1841272.6 0.87546134 0.10794056 0.5165981	1841270.6 0.8754607 0.10794014 0.51659924	0.9999999999968732
81076251_6500	1775.0	49	48	2017332.6 0.09852019 0.47151273 0.9299671	2017332.0 0.09851973 0.47151336 0.9299669	0.9999999999990588
81076251_10000	1917.0	47	49	2387692.8 0.39837623 0.7857183 0.3159054	2387689.2 0.39837638 0.7857187 0.315905	0.9999999999995925
81076251_10000	1917.0	48	50	1885896.0 0.99478126 0.39996108 0.10525766	1885894.0 0.99478126 0.39996043 0.1052583	0.9999999999991150
81076251_20000	1991.0	55	51	1791076.6 0.42113328 0.11082887 0.96803784	1791077.4 0.42113367 0.1108305 0.9680358	0.9999999999999921
81076251_20000	1991.0	56	52	1826486.0 0.10868028 0.9492709 0.44204882	1826486.6 0.10868188 0.94926894 0.44204924	0.9999999999999604
81076251_6500	1775.0	54	53	1826552.6 0.94923574 0.4420338 0.10873051	1826550.0 0.949236 0.4420339 0.10873012	0.9999999999999568
81076251_6500	1775.0	55	54	1697663.4 0.4755937 0.1169855 0.90742075	1697663.4 0.47559312 0.11698491 0.90742195	0.9999999999993180
81076251_6500	1775.0	56	55	2290426.8 0.0867096 0.6725799 0.74071044	2290426.8 0.08670917 0.6725808 0.74071	0.9999999999981702
81076251_15000	1932.0	74	72	2602630.8 0.1186607 0.8510531 0.53028613	2602614.0 0.11866147 0.85104823 0.5302903	0.9999999999464271
81076251_15000	1932.0	83	80	6164086.0 0.032326285 0.6082402 0.8594335	6164084.0 0.032326296 0.60823977 0.85943395	0.9999999999994882
81076251_15000	1932.0	84	81	6677595.5 0.56146634 0.79334277 0.14519088	6677595.5 0.56146574 0.7933429 0.14519134	0.9999999999988977
81076251_15000	1932.0	85	82	4310178.5 1.2290957 0.2249387 0.045965612	4310180.5 1.2290953 0.2249393 0.04596536	0.9999999999997404
