ID	BITRATE	START_IDX	CAPTURE_START_IDX	KEY	CAPTURE_KEY	CORRELATION
70123920_2000	599.0	30	0	432395.0 0.45347658 0.54652345	432380.0 0.4589736 0.5410264	1.0000000000000000
81076251_4800	1117.0	3	3	712741.0 0.72127604 0.27872396	712739.0 0.72127664 0.27872336	1.0000000000000000
81076251_5500	1510.0	7	5	362665.0 0.27642038 0.7235796	362666.0 0.27641687 0.7235831	1.0000000000000000
81076251_5500	1510.0	8	6	460877.0 0.5693862 0.43061382	460878.0 0.5693893 0.43061072	1.0000000000000000
60033314_7050	468.0	32	7	343699.0 0.568768 0.43123198	343715.0 0.57739407 0.42260593	1.0000000000000000
81076251_5500	1510.0	10	8	580823.0 0.25008824 0.7499118	580822.0 0.25008693 0.74991304	1.0000000000000000
70301367_3500	456.0	53	10	342912.0 0.57247925 0.42752075	342904.0 0.5799145 0.42008552	1.0000000000000000
81076251_5500	1510.0	14	12	379759.0 0.48037836 0.5196217	379758.0 0.480377 0.51962304	1.0000000000000000
81076251_5500	1510.0	18	16	516273.0 0.35271648 0.6472835	516276.0 0.3527164 0.6472836	1.0000000000000000
81076251_3500	951.0	20	18	330768.0 0.37152928 0.6284707	330769.0 0.3715312 0.6284688	1.0000000000000000
81076251_3500	951.0	28	23	261321.0 0.59571946 0.40428057	261320.0 0.5957217 0.40427828	1.0000000000000000
81076251_3500	951.0	29	24	302966.0 0.3487091 0.6512909	302965.0 0.34870696 0.65129304	1.0000000000000000
80052541_2000	588.0	8	25	333904.0 0.5880433 0.41195673	333880.0 0.5909878 0.40901223	1.0000000000000000
80216541_2000	891.0	2	28	417818.0 0.52412295 0.47587705	417825.0 0.5239155 0.47608447	1.0000000000000000
80210932_5500	1896.0	16	32	581614.0 0.3331505 0.6668495	581595.0 0.34172922 0.6582708	1.0000000000000000
81076251_3500	951.0	37	33	638415.0 0.59968674 0.4003133	638413.0 0.5996855 0.40031454	1.0000000000000000
81076251_4200	1032.0	38	34	848346.0 0.3012497 0.69875026	848349.0 0.30125102 0.698749	1.0000000000000000
80018689_4800	1237.0	20	36	759692.0 0.26225102 0.737749	759667.0 0.26130396 0.73869604	1.0000000000000000
81076251_4200	1032.0	47	41	470398.0 0.42219993 0.5778001	470395.0 0.42219836 0.57780164	1.0000000000000000
80232502_10000	2010.0	17	53	476167.0 0.41852963 0.5814704	476177.0 0.4171432 0.5828568	1.0000000000000000
81076251_3500	951.0	57	54	583603.0 0.47557157 0.5244284	583601.0 0.47556978 0.5244302	1.0000000000000000
81076251_3500	951.0	58	55	1039212.0 0.29450968 0.7054903	1039211.0 0.29450998 0.70549005	1.0000000000000000
80192445_4200	1571.0	10	68	447348.0 0.55629843 0.44370154	447358.0 0.557131 0.442869	1.0000000000000000
80163052_15000	420.0	14	69	354219.0 0.5605854 0.4394146	354206.0 0.55933833 0.44066164	1.0000000000000000
