ID	BITRATE	START_IDX	CAPTURE_START_IDX	KEY	CAPTURE_KEY	CORRELATION
80993095_15000	1411.0	6	0	384913.34 0.51548743 0.46472538 0.51978713	384904.66 0.5158966 0.46825624 0.5158472	0.9974694819721720
81074663_10000	2916.0	14	16	835689.3 0.90566313 0.238256 0.3560809	835688.7 0.9056626 0.23825619 0.35608116	0.9999999999999486
81074663_10000	2916.0	17	20	7880338.5 0.51257783 0.7115076 0.27591455	7880357.5 0.5125765 0.7115059 0.27591756	0.9999999999885777
81074663_10000	2916.0	18	21	7791400.0 0.71962947 0.2790641 0.5013064	7791400.0 0.71962947 0.2790678 0.5013027	0.9999999998935758
81074663_10000	2916.0	19	22	6991166.0 0.31100678 0.5586878 0.63030547	6991148.5 0.3110117 0.558685 0.6303033	0.9999999999740563
81074663_15000	3277.0	19	24	3202859.2 1.3758235 0.06216227 0.062014278	3202842.8 1.3758228 0.06216259 0.062014595	1.0000000000000000
81074663_15000	3277.0	20	25	3796482.0 0.0524425 0.052317645 1.3952398	3796483.2 0.05244248 0.052317627 1.39524	1.0000000000000000
81074663_15000	3277.0	21	26	5932464.0 0.033480693 0.89288414 0.57363516	5932485.5 0.03348057 0.8928812 0.57363814	0.9999999999797146
81074663_15000	3277.0	22	27	6710921.5 0.7893108 0.5070943 0.20359485	6710942.5 0.78930867 0.5070972 0.20359421	0.9999999999638346
81074663_15000	3277.0	23	28	3311986.8 1.0275011 0.41253456 0.05996431	3312007.2 1.0275038 0.412532 0.05996424	0.9999999999917237
81074663_15000	3277.0	24	29	2718590.0 0.50258 0.07305294 0.9243671	2718589.2 0.50258017 0.07305333 0.92436653	0.9999999999999671
81074663_15000	3277.0	25	30	2930652.0 0.06776683 0.8574798 0.57475334	2930652.8 0.06776716 0.8574789 0.5747539	0.9999999999989896
81074663_10000	2916.0	27	31	4160628.8 0.60398227 0.40484363 0.49117407	4160628.8 0.60398877 0.40484363 0.4911676	0.9999999985622646
81074663_10000	2916.0	28	32	2617887.2 0.6434211 0.78062683 0.07595209	2617868.8 0.6434257 0.780622 0.07595224	0.9999999999254111
81074663_10000	2916.0	29	33	3504338.8 0.5831608 0.05673938 0.8600998	3504340.0 0.5831529 0.056739073 0.860108	0.9999999998306437
81074663_10000	2916.0	30	34	4804658.5 0.041383587 0.6273247 0.83129174	4804676.5 0.04138322 0.6273286 0.8312882	0.9999999999598673
81074663_10000	2916.0	31	35	5828126.5 0.5171612 0.68530995 0.2975289	5828146.0 0.51716465 0.6853073 0.29752806	0.9999999998784257
81074663_20000	3233.0	34	36	5877304.0 0.679575 0.29503953 0.52538544	5877286.0 0.67957747 0.29504043 0.5253821	0.9999999998840274
81074663_20000	3233.0	35	37	3867373.2 0.4483759 0.798436 0.25318813	3867354.0 0.44837815 0.79843247 0.25318938	0.9999999999846764
81074663_10000	2916.0	34	38	2844222.8 1.0856453 0.34426662 0.070088044	2844226.0 1.0856454 0.34426695 0.07008761	0.9999999999998102
