ID	BITRATE	START_IDX	CAPTURE_START_IDX	KEY	CAPTURE_KEY	CORRELATION
81076251_6500	1775.0	0	0	876924.0 0.90833986 0.22654985 0.3651103	876921.3 0.90834033 0.22655055 0.36510915	0.9999999999962070
81076251_6500	1775.0	1	1	478311.34 0.4153508 0.66938406 0.41526508	478310.0 0.41535196 0.6693818 0.41526625	1.0000000000000000
81076251_6500	1775.0	2	2	430096.66 0.7444234 0.46181712 0.29375955	430095.34 0.744421 0.46181855 0.29376045	0.9999999999905410
81076251_4200	1032.0	6	9	425284.0 0.7499271 0.28342238 0.46665052	425286.0 0.7499283 0.28342575 0.466646	0.9999999998521356
81076251_4200	1032.0	7	10	332340.66 0.36268508 0.59715533 0.5401596	332341.34 0.36269036 0.5971511 0.5401585	0.9999999999932006
81076251_4200	1032.0	8	11	607710.0 0.3265686 0.29539913 0.87803227	607708.7 0.32656765 0.29539976 0.87803257	0.9999999999970268
81076251_7050	1771.0	14	13	640270.7 0.8333788 0.35604316 0.31057802	640270.7 0.8333788 0.3560447 0.31057647	0.9999999999855477
81076251_4800	1117.0	13	14	525014.7 0.4342069 0.37875703 0.68703604	525013.3 0.43420804 0.378758 0.687034	0.9999999999974506
81076251_10000	1917.0	15	18	973564.0 0.20431118 0.71002114 0.5856677	973565.3 0.20431192 0.7100212 0.5856669	0.9999999999976684
81076251_10000	1917.0	16	19	1441024.0 0.4796943 0.39568043 0.62462527	1441024.0 0.479695 0.39568043 0.62462455	0.9999999999890765
81076251_10000	1917.0	17	20	1142448.6 0.49909028 0.78786916 0.21304065	1142448.6 0.49909028 0.78786826 0.21304153	0.9999999999999999
81076251_6500	1775.0	20	21	953364.0 0.94412625 0.25529388 0.30057985	953365.3 0.9441281 0.2552946 0.30057734	0.9999999999903207
81076251_10000	1917.0	19	22	549106.7 0.44324356 0.5218694 0.53488696	549106.7 0.44324538 0.5218658 0.53488874	0.9999999982715378
81076251_7050	1771.0	23	24	745702.7 0.3938728 0.26615432 0.83997285	745703.3 0.39387113 0.26615545 0.83997345	0.9999999999880206
81076251_7050	1771.0	25	26	696868.7 0.89883506 0.2974061 0.3037588	696866.0 0.89883995 0.30375853 0.29740152	0.9998307638733899
81076251_7050	1771.0	26	27	534302.7 0.38789436 0.3961799 0.71592563	534299.3 0.39618057 0.38788933 0.71593016	0.9990182085592979
81076251_7050	1771.0	28	29	637003.3 0.6005008 0.47995356 0.4195457	637002.0 0.600502 0.4799514 0.41954657	0.9999999998133037
81076251_7050	1771.0	29	30	832870.7 0.3670822 0.32088053 0.8120372	832867.3 0.36708128 0.32088184 0.81203693	0.9999999999920978
81076251_7050	1771.0	30	31	915162.7 0.29202676 0.7390183 0.46895486	915159.3 0.29202783 0.7390178 0.4689544	0.9999999999974440
81076251_7050	1771.0	31	32	1867551.4 0.36214373 0.22980358 0.9080527	1867548.6 0.36214265 0.22980285 0.90805453	0.9999999999991732
81076251_20000	1991.0	36	33	1566172.6 0.27402407 1.0827887 0.14318728	1566154.0 0.2740267 1.0828029 0.14317046	0.9999999998746190
81076251_20000	1991.0	37	34	3107900.8 0.54565257 0.07215674 0.88219064	3107884.0 0.54565614 0.0721478 0.88219607	0.9999999999828799
81076251_20000	1991.0	49	46	3311910.8 0.1312949 0.6393977 0.7293074	3311928.8 0.1312939 0.63939357 0.7293125	0.9999999999060863
81076251_7050	1771.0	46	47	4096677.2 0.5169126 0.5896071 0.39348036	4096680.0 0.5169127 0.58960694 0.39348033	0.9999999999990119
81076251_10000	1917.0	47	51	2387692.8 0.39837623 0.7857183 0.3159054	2387691.2 0.39837646 0.78571844 0.31590515	0.9999999999995925
81076251_10000	1917.0	48	52	1885896.0 0.99478126 0.39996108 0.10525766	1885893.4 0.9947821 0.3999611 0.105256744	0.9999999999999016
81076251_20000	1991.0	55	53	1791076.6 0.42113328 0.11082887 0.96803784	1791076.0 0.42113456 0.11082891 0.96803653	0.9999999999974384
81076251_20000	1991.0	56	54	1826486.0 0.10868028 0.9492709 0.44204882	1826485.4 0.108680315 0.9492696 0.44205007	0.9999999999972027
81076251_6500	1775.0	54	55	1826552.6 0.94923574 0.4420338 0.10873051	1826550.6 0.9492357 0.44203427 0.108730085	0.9999999999994637
81076251_6500	1775.0	55	56	1697663.4 0.4755937 0.1169855 0.90742075	1697662.0 0.47559407 0.11698501 0.90742093	0.9999999999996319
81076251_7050	1771.0	61	62	2956722.0 0.2272192 0.067246765 1.205534	2956721.2 0.22721891 0.06724712 1.205534	0.9999999999998734
81076251_6500	1775.0	67	66	1164282.0 0.1706073 0.76833105 0.5610617	1164282.6 0.1706072 0.76833147 0.5610614	0.9999999999994478
81076251_6500	1775.0	68	67	2154649.2 0.41517383 0.30317417 0.78165203	2154650.8 0.415174 0.30317396 0.781652	0.9999999999996926
81076251_10000	1917.0	66	68	1690787.4 0.386349 0.9960945 0.117556475	1690788.0 0.38634884 0.9960959 0.117555246	0.9999999999999395
81076251_10000	1917.0	69	72	2169268.8 1.0210713 0.33656365 0.14236502	2169251.2 1.0210662 0.33656684 0.1423671	0.9999999999948439
81076251_5500	1510.0	73	80	4310178.0 1.2290957 0.04596562 0.22493874	4310179.5 1.2290957 0.04596537 0.22493888	0.9999999999999546
81076251_10000	1917.0	86	85	2095406.6 0.179862 0.80959463 0.5105434	2095406.6 0.17986152 0.80959463 0.5105439	0.9999999999991686
