ID	BITRATE	START_IDX	CAPTURE_START_IDX	KEY	CAPTURE_KEY	CORRELATION
81074663_1200	443.0	8	2	318331.0 0.3753483 0.6246517	318335.0 0.37534988 0.6246501	1.0000000000000000
81074663_1200	443.0	9	3	302284.0 0.6578119 0.34218815	302285.0 0.6578163 0.3421837	1.0000000000000000
70308278_10000	2309.0	3	5	414580.0 0.52563316 0.47436684	414589.0 0.51974124 0.48025876	1.0000000000000000
80192445_800	384.0	3	7	336178.0 0.40939027 0.5906097	336203.0 0.40921408 0.5907859	1.0000000000000000
70123542_6500	1045.0	1	10	339669.0 0.4226232 0.5773768	339649.0 0.41454855 0.5854514	1.0000000000000000
81074663_1200	443.0	9	11	302284.0 0.6578119 0.34218815	302285.0 0.6578163 0.3421837	1.0000000000000000
70308278_10000	2309.0	3	13	414580.0 0.52563316 0.47436684	414589.0 0.51974124 0.48025876	1.0000000000000000
81074663_800	378.0	10	16	362364.0 0.3796652 0.6203348	362364.0 0.3796707 0.62032926	1.0000000000000000
80009431_4800	1429.0	1	18	288901.0 0.4001682 0.59983176	288884.0 0.40817422 0.5918258	1.0000000000000000
80163052_6500	412.0	34	19	366939.0 0.45819333 0.5418067	366921.0 0.46595588 0.5340441	1.0000000000000000
70123920_2000	599.0	16	20	325000.0 0.59575075 0.40424922	325023.0 0.60288656 0.39711344	1.0000000000000000
80232502_800	386.0	20	29	221210.0 0.50989556 0.49010444	221212.0 0.5009448 0.4990552	1.0000000000000000
80091741_800	369.0	10	32	351341.0 0.35765824 0.6423418	351344.0 0.36366922 0.6363308	1.0000000000000000
80199806_10000	1827.0	57	39	484188.0 0.5897151 0.41028485	484164.0 0.59009963 0.40990037	1.0000000000000000
80081155_2000	589.0	41	40	405877.0 0.48355782 0.5164422	405857.0 0.4889875 0.5110125	1.0000000000000000
70308278_800	345.0	28	45	220862.0 0.47494364 0.52505636	220852.0 0.47879124 0.52120876	1.0000000000000000
70308278_3500	1007.0	14	47	250572.0 0.45443624 0.54556376	250579.0 0.45180562 0.5481944	1.0000000000000000
