ID	BITRATE	START_IDX	CAPTURE_START_IDX	KEY	CAPTURE_KEY	CORRELATION
70251894_4200	938.0	2	0	440220.0 0.5475762 0.45242378	440229.0 0.54845774 0.45154226	1.0000000000000000
81075239_6500	1610.0	1	1	339553.0 0.5853696 0.4146304	339571.0 0.5853916 0.41460842	1.0000000000000000
70301367_7050	464.0	0	3	446093.0 0.5604661 0.43953392	446088.0 0.55372036 0.44627964	1.0000000000000000
70305893_800	423.0	14	7	402028.0 0.48821226 0.5117877	402051.0 0.49476808 0.5052319	1.0000000000000000
81075239_7050	1516.0	8	9	1608217.0 0.12355671 0.87644327	1608221.0 0.12355702 0.87644297	1.0000000000000000
81075239_7050	1516.0	9	10	2433546.0 0.57920045 0.42079952	2433551.0 0.5792005 0.4207995	1.0000000000000000
81075239_7050	1516.0	10	11	1582226.0 0.6472116 0.35278842	1582229.0 0.6472116 0.3527884	1.0000000000000000
81075239_7050	1516.0	11	12	757020.0 0.737353 0.26264694	757020.0 0.73735434 0.26264563	1.0000000000000000
81075239_7050	1516.0	14	14	1666881.0 0.4633732 0.5366268	1666879.0 0.46337256 0.5366274	1.0000000000000000
81075239_7050	1516.0	15	15	1093626.0 0.8179149 0.1820851	1093624.0 0.8179164 0.1820836	1.0000000000000000
81075239_7050	1516.0	16	16	2543154.0 0.078301586 0.9216984	2543150.0 0.07830092 0.92169905	1.0000000000000000
81075239_7050	1516.0	17	17	3514425.0 0.6669714 0.33302858	3514424.0 0.666971 0.33302897	1.0000000000000000
81075239_20000	1783.0	16	18	2772658.0 0.4221231 0.5778769	2772656.0 0.42212412 0.57787585	1.0000000000000000
81075239_7050	1516.0	20	19	4643447.0 0.345057 0.654943	4643444.0 0.3450566 0.6549434	1.0000000000000000
81075239_7050	1516.0	22	22	1220138.0 0.4866179 0.5133821	1220138.0 0.4866179 0.5133821	1.0000000000000000
81075239_6500	1610.0	25	23	824996.0 0.75927156 0.24072844	824997.0 0.75927186 0.24072815	1.0000000000000000
81075239_6500	1610.0	27	25	6339488.0 0.5888813 0.4111187	6339490.0 0.5888767 0.4111233	1.0000000000000000
81075239_7050	1516.0	26	26	2805046.0 0.9291509 0.070849106	2805047.0 0.92915094 0.07084908	1.0000000000000000
81075239_6500	1610.0	29	27	397886.0 0.49947724 0.5005228	397885.0 0.4994785 0.5005215	1.0000000000000000
81075239_6500	1610.0	32	29	939816.0 0.21196064 0.7880394	939817.0 0.21196042 0.78803957	1.0000000000000000
81075239_7050	1516.0	35	33	1017422.0 0.42076543 0.5792346	1017421.0 0.42076486 0.57923514	0.9999999999999999
81075239_4800	1507.0	33	34	788107.0 0.7477728 0.25222716	788090.0 0.7477902 0.25220978	1.0000000000000000
81075239_4800	1507.0	34	35	941923.0 0.21103849 0.7889615	941905.0 0.2110234 0.7889766	1.0000000000000000
81075239_7050	1516.0	40	38	1713124.0 0.51509583 0.4849042	1713125.0 0.51509607 0.4849039	1.0000000000000000
81075239_7050	1516.0	44	41	1415158.0 0.4001532 0.5998468	1415160.0 0.40015334 0.59984666	1.0000000000000000
81075239_4800	1507.0	43	42	1829061.0 0.4641059 0.5358941	1829063.0 0.46410593 0.53589404	1.0000000000000000
81075239_6500	1610.0	45	43	1179421.0 0.8310705 0.1689295	1179424.0 0.83107007 0.16892992	1.0000000000000000
81075239_5500	1429.0	46	46	1991114.0 0.51781964 0.48218033	1991115.0 0.51781994 0.4821801	1.0000000000000000
81075239_7050	1516.0	50	47	1793575.0 0.53528625 0.46471378	1793572.0 0.53528714 0.4647129	1.0000000000000000
81075239_7050	1516.0	51	48	1577337.0 0.52842164 0.47157836	1577334.0 0.52842075 0.47157925	1.0000000000000000
70102778_4800	838.0	73	50	511928.0 0.6104882 0.3895118	511933.0 0.61235356 0.38764644	1.0000000000000000
81075239_6500	1610.0	52	51	1221459.0 0.162468 0.837532	1221460.0 0.16246869 0.8375313	1.0000000000000000
81075239_6500	1610.0	53	52	1897646.0 0.53909475 0.46090525	1897647.0 0.53909445 0.46090552	1.0000000000000000
81075239_6500	1610.0	54	53	1424810.0 0.6138608 0.3861392	1424812.0 0.6138606 0.38613936	1.0000000000000000
81075239_6500	1610.0	55	54	749588.0 0.73396987 0.26603013	749589.0 0.7339702 0.26602978	1.0000000000000000
