ID	BITRATE	START_IDX	CAPTURE_START_IDX	KEY	CAPTURE_KEY	CORRELATION
80009431_3500	1174.0	9	1	528306.0 0.3711637 0.62883633	528313.0 0.3615792 0.63842076	1.0000000000000000
81056132_2000	522.0	55	3	350568.0 0.567442 0.43255803	350548.0 0.56803066 0.43196937	1.0000000000000000
81080637_4800	1260.0	3	4	671082.0 0.22564307 0.77435696	671082.0 0.22564456 0.7743555	1.0000000000000000
81080637_6500	1958.0	7	7	1200079.0 0.83439505 0.16560493	1200079.0 0.83439505 0.16560493	1.0000000000000000
81080637_7050	2246.0	10	8	545899.0 0.36406186 0.63593817	545897.0 0.3640595 0.6359405	1.0000000000000000
81080637_7050	2246.0	11	9	1118106.0 0.31048757 0.68951243	1118107.0 0.31048727 0.6895127	1.0000000000000000
81080637_6500	1958.0	10	10	969403.0 0.79528123 0.20471878	969404.0 0.7952814 0.20471857	1.0000000000000000
81080637_7050	2246.0	13	12	637021.0 0.3315919 0.6684081	637019.0 0.3315898 0.6684102	1.0000000000000000
81080637_5500	1871.0	17	14	521616.0 0.618338 0.38166198	521613.0 0.61833966 0.38166034	1.0000000000000000
81080637_7050	2246.0	17	16	1909478.0 0.6917692 0.30823085	1909485.0 0.69176924 0.30823076	1.0000000000000000
81080637_7050	2246.0	18	17	1136137.0 0.5180361 0.48196387	1136139.0 0.51803696 0.48196304	1.0000000000000000
81080637_6500	1958.0	17	19	931717.0 0.3317735 0.66822654	931719.0 0.3317717 0.66822827	1.0000000000000000
81080637_4800	1260.0	30	30	1140090.0 0.17435114 0.82564884	1140092.0 0.17435084 0.82564914	1.0000000000000000
81080637_4800	1260.0	33	34	1643683.0 0.77970755 0.22029248	1643682.0 0.77970797 0.220292	1.0000000000000000
81000864_6500	2101.0	18	41	305319.0 0.65263873 0.3473613	305333.0 0.65070266 0.3492973	1.0000000000000000
70167075_800	367.0	16	42	305450.0 0.35795712 0.6420429	305455.0 0.3491578 0.6508422	1.0000000000000000
81080637_4800	1260.0	53	55	2057175.0 0.7841297 0.2158703	2057173.0 0.78413045 0.21586955	1.0000000000000000
70264803_6500	1377.0	17	58	628620.0 0.6830979 0.3169021	628600.0 0.68410116 0.31589884	1.0000000000000000
81080637_15000	2270.0	73	65	1936348.0 0.7410481 0.2589519	1936347.0 0.74104846 0.25895151	1.0000000000000000
81080637_10000	2468.0	64	67	4404037.0 0.788403 0.211597	4404036.0 0.788403 0.21159704	1.0000000000000000
