ID	BITRATE	START_IDX	CAPTURE_START_IDX	KEY	CAPTURE_KEY	CORRELATION
81080637_15000	2270.0	24	22	2479778.2 0.78466046 0.29158816 0.2694737 0.7051929 0.08017007 0.9033223 0.81794167 0.080512844 0.694546 0.48916712 0.75535303 0.38255075 0.5398592 0.08002853 0.62563336	2479772.8 0.78466225 0.29158843 0.2694735 0.70519525 0.08016985 0.9033126 0.8179427 0.08051262 0.6945467 0.4891662 0.7553551 0.38255158 0.5398608 0.08002749 0.62563515	0.9999999999494140
81080637_15000	2270.0	25	23	2356538.5 0.30683735 0.28356636 0.74207234 0.08436272 0.9505633 0.86071754 0.08472342 0.7308686 0.51474905 0.79485565 0.402557 0.56809217 0.08421377 0.6583521 0.4334684	2356533.0 0.30683762 0.28356615 0.7420749 0.08436249 0.9505532 0.86071867 0.08472319 0.7308695 0.51474816 0.794858 0.4025579 0.5680939 0.0842127 0.65835404 0.43346986	0.9999999999469191
81080637_15000	2270.0	26	24	2326612.8 0.28721368 0.75161713 0.085447825 0.9627898 0.8717884 0.085813165 0.7402693 0.52136993 0.8050794 0.4077348 0.57539916 0.08529696 0.66682005 0.43904385 0.21431714	2326607.5 0.28721347 0.7516197 0.08544759 0.9627795 0.8717895 0.08581293 0.74027014 0.521369 0.80508167 0.40773574 0.5754009 0.08529586 0.66682196 0.43904525 0.21431763	0.9999999999488836
81080637_15000	2270.0	27	25	2365188.8 0.7393583 0.08405418 0.94708675 0.85756963 0.08441356 0.7281956 0.5128665 0.7919486 0.4010847 0.56601447 0.08390578 0.6559443 0.43188307 0.21082166 0.40485352	2365183.5 0.7393608 0.08405394 0.9470766 0.85757065 0.08441332 0.7281964 0.5128655 0.7919508 0.4010856 0.56601614 0.0839047 0.65594614 0.43188447 0.21082212 0.40485358	0.9999999999474046
81080637_15000	2270.0	28	26	2158529.8 0.09210158 1.0377614 0.93967384 0.09249537 0.7979135 0.5619686 0.8677703 0.4394848 0.62020504 0.09193897 0.71874475 0.47323185 0.23100585 0.44361445 0.092089534	2158524.2 0.09210135 1.0377507 0.93967533 0.092495136 0.79791456 0.56196773 0.867773 0.4394859 0.6202071 0.09193781 0.7187471 0.47323352 0.23100644 0.44361466 0.09208977	0.9999999999546463
81080637_15000	2270.0	29	27	2303018.5 0.9726535 0.8807198 0.08669231 0.7478533 0.52671134 0.8133274 0.41191202 0.58129406 0.08617082 0.6736516 0.44354182 0.21651281 0.4157826 0.086311944 0.5568644	2303012.8 0.9726433 0.88072115 0.086692095 0.7478543 0.5267105 0.8133298 0.41191304 0.58129597 0.086169735 0.67365366 0.44354334 0.21651335 0.41578275 0.08631216 0.5568649	0.9999999999490476
81080637_15000	2270.0	30	28	2371676.0 0.8552239 0.084182665 0.72620374 0.51146364 0.7897824 0.3999876 0.56446624 0.08367627 0.65415007 0.43070176 0.210245 0.40374613 0.0838133 0.54074377 1.1616136	2371674.2 0.8552237 0.0841823 0.72620344 0.5114619 0.7897834 0.3999879 0.5644671 0.083675064 0.65415096 0.43070248 0.21024515 0.4037456 0.08381336 0.5407433 1.1616136	0.9999999999971213
81080637_15000	2270.0	31	29	2201727.2 0.09068062 0.78225857 0.5509429 0.8507448 0.4308622 0.6080367 0.09013514 0.70464313 0.46394712 0.22647355 0.4349108 0.09028275 0.5824831 1.2512772 0.34232125	2201725.5 0.09068024 0.7822583 0.55094105 0.8507459 0.43086252 0.60803765 0.09013385 0.70464414 0.46394792 0.22647373 0.43491027 0.09028283 0.5824827 1.2512772 0.34232152	0.9999999999968754
81080637_15000	2270.0	32	30	2201661.0 0.7822821 0.55095947 0.8507704 0.43087515 0.608055 0.090137854 0.70466435 0.46396106 0.22648036 0.43492392 0.09028547 0.5825007 1.2513148 0.34233153 0.09045761	2201659.5 0.78228176 0.55095756 0.8507714 0.43087545 0.6080559 0.09013655 0.7046653 0.46396184 0.22648053 0.4349233 0.09028553 0.58250016 1.2513148 0.34233177 0.09045813	0.9999999999966875
