ID	BITRATE	START_IDX	CAPTURE_START_IDX	KEY	CAPTURE_KEY	CORRELATION
80217312_2000	614.0	6	5	309939.0 0.63342786 0.36657214	309963.0 0.6413862 0.35861376	1.0000000000000000
81080637_5500	1871.0	9	7	962346.0 0.7934828 0.2065172	962345.0 0.7934836 0.20651637	1.0000000000000000
81080637_3500	1011.0	8	8	346958.0 0.57281 0.42719004	346958.0 0.5728071 0.42719293	1.0000000000000000
80991158_5500	1488.0	4	12	408513.0 0.5137707 0.48622933	408504.0 0.51265836 0.4873416	1.0000000000000000
80232502_2000	524.0	45	28	398077.0 0.4993406 0.5006594	398101.0 0.4984916 0.5015084	1.0000000000000000
80128722_3500	1288.0	3	29	320360.0 0.61993694 0.38006306	320384.0 0.62316155 0.37683842	1.0000000000000000
80121387_800	425.0	12	38	323743.0 0.6138758 0.38612416	323730.0 0.6138387 0.3861613	1.0000000000000000
80210932_1200	482.0	6	48	455999.0 0.43584305 0.56415695	456008.0 0.43683663 0.56316334	1.0000000000000000
81080637_15000	2270.0	10	52	1175184.0 0.35604212 0.64395785	1175180.0 0.35604247 0.6439575	1.0000000000000000
81080637_2000	848.0	44	56	541433.0 0.56306505 0.43693495	541432.0 0.56306237 0.4369376	1.0000000000000000
81080637_2000	848.0	45	57	1651160.0 0.14327563 0.8567244	1651160.0 0.14327624 0.8567238	1.0000000000000000
80091741_7050	1917.0	12	60	606305.0 0.67659676 0.32340324	606296.0 0.6724834 0.3275166	1.0000000000000000
14607635_15000	981.0	9	61	723929.0 0.27473137 0.72526866	723908.0 0.27430558 0.7256944	1.0000000000000000
