ID	BITRATE	START_IDX	CAPTURE_START_IDX	KEY	CAPTURE_KEY	CORRELATION
80192815_10000	2025.0	8	1	645788.0 0.30735937 0.6926406	645785.0 0.30865845 0.6913415	1.0000000000000000
80163052_4200	431.0	52	7	494556.0 0.5983913 0.4016087	494544.0 0.58950466 0.4104953	1.0000000000000000
81080637_15000	2270.0	15	10	302346.0 0.65731645 0.34268355	302347.0 0.6573209 0.3426791	1.0000000000000000
80171659_3500	1140.0	7	14	317104.0 0.38169813 0.61830187	317080.0 0.3741138 0.6258862	1.0000000000000000
80200961_1200	377.0	45	15	699768.0 0.28420132 0.7157987	699763.0 0.2836046 0.71639544	1.0000000000000000
81080637_6500	1958.0	48	16	1197969.0 0.41846493 0.5815351	1197967.0 0.41846478 0.5815352	1.0000000000000000
70216224_6500	1441.0	74	20	1136146.0 0.47555596 0.52444404	1136139.0 0.4819639 0.51803607	1.0000000000000000
81080637_7050	2246.0	20	22	2416959.0 0.2764776 0.7235224	2416960.0 0.2764779 0.7235221	1.0000000000000000
81080637_15000	2270.0	29	25	4268353.0 0.52480173 0.47519827	4268352.0 0.5248021 0.4751979	1.0000000000000000
81080637_15000	2270.0	30	26	2227968.0 0.9103874 0.089612596	2227963.0 0.9103885 0.089611456	1.0000000000000000
81080637_15000	2270.0	31	27	1921974.0 0.10387966 0.89612037	1921968.0 0.10387842 0.89612156	1.0000000000000000
81080637_7050	2246.0	25	28	2935343.0 0.5867519 0.41324812	2935343.0 0.5867515 0.41324848	1.0000000000000000
81080637_6500	1958.0	24	29	3086132.0 0.39305675 0.60694325	3086133.0 0.39305693 0.6069431	1.0000000000000000
81080637_6500	1958.0	25	30	2821747.0 0.6638111 0.33618888	2821747.0 0.6638111 0.33618888	1.0000000000000000
81080637_6500	1958.0	26	31	2287370.0 0.41472957 0.5852704	2287371.0 0.4147294 0.5852706	1.0000000000000000
81080637_7050	2246.0	30	33	2572917.0 0.6029856 0.39701435	2572919.0 0.60298556 0.39701444	1.0000000000000000
81080637_7050	2246.0	31	34	1520146.0 0.67196506 0.32803494	1520146.0 0.6719657 0.32803428	1.0000000000000000
81080637_7050	2246.0	33	37	4037409.0 0.31764653 0.68235344	4037409.0 0.31764653 0.68235344	1.0000000000000000
81080637_10000	2468.0	37	40	3167476.0 0.06287656 0.9371234	3167475.0 0.06287595 0.9371241	1.0000000000000000
81080637_10000	2468.0	38	41	3807405.0 0.77961653 0.22038344	3807406.0 0.7796166 0.22038338	1.0000000000000000
81080637_7050	2246.0	38	42	2051474.0 0.40901712 0.59098285	2051476.0 0.4090172 0.5909828	1.0000000000000000
81080637_7050	2246.0	39	43	2183290.0 0.5553023 0.44469768	2183292.0 0.55530226 0.44469774	0.9999999999999999
81080637_7050	2246.0	40	44	1169623.0 0.83009994 0.16990004	1169624.0 0.8301001 0.1698999	1.0000000000000000
81080637_7050	2246.0	41	45	2939655.0 0.06759943 0.9324006	2939655.0 0.06759943 0.9324006	0.9999999999999999
81080637_10000	2468.0	42	47	2089826.0 0.5538107 0.4461893	2089825.0 0.55381095 0.44618905	0.9999999999999999
81080637_10000	2468.0	45	50	3680727.0 0.70582634 0.2941737	3680702.0 0.70582324 0.29417676	1.0000000000000000
81080637_20000	2504.0	52	51	2267650.0 0.4774877 0.5225123	2267653.0 0.47748795 0.522512	1.0000000000000000
81080637_20000	2504.0	53	52	3329251.0 0.35589838 0.6441016	3329250.0 0.35589877 0.6441012	1.0000000000000000
81080637_7050	2246.0	47	53	3530716.0 0.60734874 0.39265123	3530717.0 0.607348 0.39265198	1.0000000000000000
81080637_7050	2246.0	50	55	897249.0 0.22201417 0.7779858	897247.0 0.22201468 0.77798533	1.0000000000000000
81080637_7050	2246.0	51	56	1694653.0 0.41191146 0.5880885	1694651.0 0.41191077 0.5880892	1.0000000000000000
81080637_7050	2246.0	52	57	4524753.0 0.22025645 0.77974355	4524754.0 0.22025639 0.7797436	1.0000000000000000
81080637_6500	1958.0	55	58	5113576.0 0.68996215 0.31003782	5113551.0 0.6899605 0.31003955	1.0000000000000000
81080637_6500	1958.0	58	60	3534661.0 0.24924286 0.75075716	3534661.0 0.24924257 0.75075746	1.0000000000000000
81080637_6500	1958.0	59	61	3253489.0 0.81563884 0.18436116	3253492.0 0.8156384 0.1843616	1.0000000000000000
81080637_5500	1871.0	58	64	2501132.0 0.33933875 0.6606613	2501130.0 0.3393382 0.66066176	1.0000000000000000
81080637_15000	2270.0	70	67	3810356.0 0.43834907 0.56165093	3810353.0 0.43834916 0.5616509	1.0000000000000000
81080637_15000	2270.0	71	68	2338660.0 0.9150924 0.0849076	2338661.0 0.91509116 0.08490884	1.0000000000000000
81080637_15000	2270.0	72	69	1633497.0 0.12156129 0.8784387	1633498.0 0.12156305 0.8784369	1.0000000000000000
81080637_15000	2270.0	73	70	1936348.0 0.7410481 0.2589519	1936347.0 0.74104744 0.25895256	1.0000000000000000
81080637_15000	2270.0	76	72	1707076.0 0.54589427 0.45410573	1707073.0 0.5458935 0.45410654	1.0000000000000000
