ID	BITRATE	START_IDX	CAPTURE_START_IDX	KEY	CAPTURE_KEY	CORRELATION
81110498_4200	1866.0	3	0	677542.0 0.70668536 0.29331467	677545.0 0.7066837 0.2933163	1.0000000000000000
60033314_4800	460.0	69	2	465337.0 0.57723755 0.42276242	465333.0 0.57324326 0.42675674	1.0000000000000000
81110498_7050	2986.0	17	19	5253238.0 0.489184 0.510816	5253236.0 0.4891899 0.5108101	1.0000000000000000
81110498_7050	2986.0	18	20	5827595.0 0.4604709 0.5395291	5827591.0 0.46046573 0.5395343	1.0000000000000000
70103763_6500	1462.0	83	25	1344372.0 0.85314703 0.14685296	1344373.0 0.85204476 0.14795522	1.0000000000000000
81110498_6500	2764.0	27	26	3134756.0 0.06345183 0.9365482	3134758.0 0.06345211 0.9365479	1.0000000000000000
81110498_6500	2764.0	28	27	7561689.0 0.3882532 0.6117468	7561691.0 0.38825324 0.6117468	1.0000000000000000
60026145_6500	2369.0	66	40	3849646.0 0.8986203 0.101379715	3849665.0 0.89362633 0.106373675	1.0000000000000000
81110498_6500	2764.0	44	43	4837803.0 0.56081736 0.4391826	4837804.0 0.56081706 0.43918294	1.0000000000000000
81110498_7050	2986.0	45	49	1946331.0 0.8979788 0.10202119	1946334.0 0.89797693 0.10202309	1.0000000000000000
