ID	BITRATE	START_IDX	CAPTURE_START_IDX	KEY	CAPTURE_KEY	CORRELATION
80171659_3500	1140.0	8	0	300730.0 0.65196687 0.34803313	300733.0 0.66099495 0.33900502	1.0000000000000000
81110498_4200	1866.0	3	3	677542.0 0.70668536 0.29331467	677544.0 0.7066847 0.29331526	1.0000000000000000
81110498_6500	2764.0	2	4	535479.0 0.37111446 0.62888557	535488.0 0.3711269 0.6288731	1.0000000000000000
80052541_600	517.0	4	5	535431.0 0.62139285 0.37860715	535450.0 0.62891775 0.37108228	1.0000000000000000
80168188_3500	1349.0	1	8	565975.0 0.65415436 0.34584567	565998.0 0.648838 0.35116202	1.0000000000000000
81110498_4200	1866.0	8	9	459639.0 0.43241978 0.5675802	459640.0 0.43241885 0.5675812	0.9999999999999999
81110498_4200	1866.0	9	10	621048.0 0.42006737 0.57993263	621048.0 0.42006898 0.579931	1.0000000000000000
60020801_1200	377.0	52	15	301586.0 0.4236735 0.5763265	301574.0 0.4292711 0.5707289	1.0000000000000000
80081155_6500	2014.0	10	17	513637.0 0.61754894 0.38245103	513628.0 0.6126301 0.38736984	1.0000000000000000
81110498_4200	1866.0	19	20	2157525.0 0.39748785 0.6025121	2157522.0 0.39748794 0.60251206	1.0000000000000000
80163052_4200	431.0	21	24	342563.0 0.41771296 0.5822871	342549.0 0.41933855 0.5806615	0.9999999999999999
81110498_3500	1564.0	28	28	2243314.0 0.7165849 0.28341508	2243314.0 0.7165845 0.28341553	1.0000000000000000
70084788_5500	930.0	43	32	495602.0 0.40209886 0.59790117	495597.0 0.41124946 0.58875054	1.0000000000000000
81110498_3500	1564.0	40	41	2618532.0 0.70586497 0.29413503	2618532.0 0.7058653 0.29413465	1.0000000000000000
81110498_4200	1866.0	42	42	968941.0 0.7948874 0.20511259	968943.0 0.79488784 0.20511217	1.0000000000000000
81110498_4200	1866.0	43	43	1497419.0 0.13272303 0.86727697	1497418.0 0.13272312 0.86727685	1.0000000000000000
