ID	BITRATE	START_IDX	CAPTURE_START_IDX	KEY	CAPTURE_KEY	CORRELATION
81110498_4200	1866.0	0	0	535536.0 0.371187 0.628813	535538.0 0.37118375 0.62881625	1.0000000000000000
81110498_10000	4009.0	2	1	815564.0 0.41290936 0.5870907	815562.0 0.4129116 0.5870884	1.0000000000000000
81110498_6500	2764.0	1	3	704018.0 0.7177288 0.2822712	704026.0 0.7177178 0.28228217	1.0000000000000000
60033314_4800	460.0	69	5	465337.0 0.57723755 0.42276242	465330.0 0.57324266 0.42675737	1.0000000000000000
81110498_7050	2986.0	6	7	1188144.0 0.1672331 0.8327669	1188143.0 0.16723156 0.83276844	1.0000000000000000
81110498_7050	2986.0	7	8	1636673.0 0.60454774 0.39545223	1636675.0 0.6045476 0.39545238	1.0000000000000000
896970_5500	1406.0	60	9	845990.0 0.7651887 0.23481129	845985.0 0.7650573 0.2349427	1.0000000000000000
81110498_7050	2986.0	9	10	858794.0 0.2314385 0.7685615	858793.0 0.23143877 0.76856124	1.0000000000000000
81110498_6500	2764.0	11	11	858707.0 0.7686382 0.2313618	858706.0 0.7686391 0.23136091	1.0000000000000000
81110498_4800	2075.0	13	12	469153.0 0.42346525 0.57653475	469157.0 0.4234638 0.57653624	1.0000000000000000
81110498_6500	2764.0	14	13	431187.0 0.62730324 0.37269676	431188.0 0.6273041 0.3726959	1.0000000000000000
81110498_4200	1866.0	13	15	1283829.0 0.8452395 0.15476048	1283827.0 0.84524006 0.15475994	1.0000000000000000
81110498_4800	2075.0	16	16	972330.0 0.20434009 0.7956599	972333.0 0.20433843 0.79566157	1.0000000000000000
81110498_4800	2075.0	17	17	1042718.0 0.7419494 0.2580506	1042722.0 0.7419504 0.2580496	1.0000000000000000
81110498_4800	2075.0	18	18	468042.0 0.5748929 0.42510715	468041.0 0.5748941 0.42510593	1.0000000000000000
81110498_4800	2075.0	21	21	1414786.0 0.14042053 0.85957944	1414781.0 0.1404182 0.8595818	1.0000000000000000
81110498_5500	2280.0	21	24	2828319.0 0.070242785 0.92975724	2828322.0 0.07024271 0.9297573	1.0000000000000000
70103763_6500	1462.0	83	27	1344372.0 0.85314703 0.14685296	1344372.0 0.85204613 0.14795384	1.0000000000000000
81110498_5500	2280.0	24	28	2088978.0 0.095216416 0.9047836	2088979.0 0.09521637 0.9047836	1.0000000000000000
81110498_4800	2075.0	28	29	4829136.0 0.39138946 0.6086105	4829137.0 0.3913896 0.6086104	1.0000000000000000
1151721_4200	834.0	33	38	821256.0 0.46396616 0.5360338	821269.0 0.4643728 0.5356272	1.0000000000000000
81110498_4800	2075.0	38	39	667025.0 0.65948355 0.34051648	667028.0 0.65948355 0.34051645	1.0000000000000000
81110498_5500	2280.0	36	40	3472125.0 0.065415844 0.93458414	3472127.0 0.06541639 0.9345836	1.0000000000000000
81110498_5500	2280.0	37	41	6685125.0 0.485405 0.51459503	6685125.0 0.485405 0.51459503	1.0000000000000000
81110498_5500	2280.0	38	42	3638967.0 0.94535947 0.054640505	3638968.0 0.94535923 0.054640766	1.0000000000000000
81110498_5500	2280.0	39	43	2911959.0 0.06828221 0.9317178	2911960.0 0.06828253 0.93171746	1.0000000000000000
81110498_4800	2075.0	43	44	4108986.0 0.6602904 0.3397096	4108986.0 0.6602904 0.3397096	1.0000000000000000
81110498_5500	2280.0	41	45	4256293.0 0.32795182 0.6720482	4256295.0 0.32795236 0.6720476	1.0000000000000000
81110498_5500	2280.0	48	51	3128942.0 0.57892925 0.42107075	3128943.0 0.57892966 0.4210703	1.0000000000000000
81110498_4800	2075.0	52	52	2703026.0 0.48741892 0.5125811	2703022.0 0.48741928 0.51258075	1.0000000000000000
