ID	BITRATE	START_IDX	CAPTURE_START_IDX	KEY	CAPTURE_KEY	CORRELATION
81110498_1200	557.0	41	1	1337981.0 0.47858077 0.5214192	1337981.0 0.4785823 0.52141774	1.0000000000000000
81110498_6500	2764.0	5	6	397336.0 0.49993205 0.50006795	397338.0 0.49992952 0.50007045	1.0000000000000000
81110498_20000	4796.0	13	13	2180639.0 0.09110541 0.9088946	2180614.0 0.09110782 0.90889215	0.9999999999999999
81110498_20000	4796.0	16	16	2778175.0 0.07151565 0.9284843	2778178.0 0.0715163 0.9284837	1.0000000000000000
81110498_20000	4796.0	23	24	4274329.0 0.04647934 0.95352066	4274330.0 0.046479564 0.9535204	1.0000000000000000
81110498_15000	4345.0	29	27	1437069.0 0.8615884 0.13841158	1437068.0 0.861589 0.13841099	1.0000000000000000
80174429_5500	1499.0	49	30	2156943.0 0.90905416 0.09094584	2156966.0 0.90799904 0.09200098	1.0000000000000000
81110498_15000	4345.0	39	37	3549012.0 0.056035597 0.9439644	3549012.0 0.056035876 0.9439641	1.0000000000000000
81110498_15000	4345.0	48	45	5760550.0 0.96549964 0.034500353	5760549.0 0.96549964 0.034500357	0.9999999999999999
81110498_20000	4796.0	43	46	4053121.0 0.049033325 0.95096666	4053127.0 0.049033992 0.950966	1.0000000000000000
81110498_10000	4009.0	49	49	7531747.0 0.97360265 0.026397329	7531749.0 0.97360265 0.026397321	1.0000000000000000
81110498_15000	4345.0	57	53	2957863.0 0.06713259 0.9328674	2957866.0 0.067133196 0.9328668	1.0000000000000000
81110498_20000	4796.0	50	54	5620864.0 0.49090227 0.5090977	5620866.0 0.49090213 0.5090979	1.0000000000000000
81110498_20000	4796.0	51	55	3231369.0 0.8855593 0.11444066	3231368.0 0.8855602 0.11443976	1.0000000000000000
