ID	BITRATE	START_IDX	CAPTURE_START_IDX	KEY	CAPTURE_KEY	CORRELATION
81110498_7050	2986.0	0	0	677535.0 0.29330587 0.7066941	677535.0 0.29330736 0.70669264	1.0000000000000000
81110498_6500	2764.0	5	3	397336.0 0.49993205 0.50006795	397339.0 0.49992827 0.5000717	1.0000000000000000
81110498_7050	2986.0	6	4	1188144.0 0.1672331 0.8327669	1188145.0 0.1672338 0.8327662	1.0000000000000000
81110498_7050	2986.0	7	5	1636673.0 0.60454774 0.39545223	1636672.0 0.60454816 0.39545187	1.0000000000000000
896970_5500	1406.0	60	6	845990.0 0.7651887 0.23481129	845982.0 0.7650576 0.23494235	1.0000000000000000
81110498_7050	2986.0	9	7	858794.0 0.2314385 0.7685615	858793.0 0.23143761 0.7685624	1.0000000000000000
80052541_600	517.0	4	9	535431.0 0.62139285 0.37860715	535426.0 0.6289478 0.3710522	0.9999999999999999
81110498_4800	2075.0	13	10	469153.0 0.42346525 0.57653475	469154.0 0.4234665 0.5765335	1.0000000000000000
81110498_5500	2280.0	15	14	2321303.0 0.72293234 0.27706766	2321304.0 0.72293246 0.27706754	1.0000000000000000
81110498_5500	2280.0	16	15	2704164.0 0.23783986 0.7621601	2704162.0 0.23784004 0.76215994	1.0000000000000000
81110498_6500	2764.0	31	26	4546643.0 0.7624454 0.23755461	4546643.0 0.76244515 0.23755483	1.0000000000000000
70097579_4200	1471.0	23	36	1344302.0 0.14788939 0.8521106	1344307.0 0.14791189 0.8520881	1.0000000000000000
80200961_5500	1017.0	107	40	828050.0 0.2398732 0.7601268	828075.0 0.24000484 0.75999516	1.0000000000000000
