ID	BITRATE	START_IDX	CAPTURE_START_IDX	KEY	CAPTURE_KEY	CORRELATION
896970_7050	1977.0	10	11	1446911.0 0.26211634 0.1516244 0.19102626 0.15766278 0.23757024	1446914.0 0.26211646 0.15162408 0.19102725 0.15766314 0.23756906	0.9999999998724316
896970_5500	1406.0	28	28	3295290.0 0.37402475 0.060323976 0.24483429 0.26054248 0.06027451	3295289.0 0.37402487 0.0603243 0.24483407 0.26054224 0.06027453	0.9999999999987724
896970_5500	1406.0	29	29	3321348.0 0.0598507 0.24291342 0.25849837 0.059801623 0.3789359	3321348.0 0.059851002 0.24291311 0.25849804 0.059801623 0.3789362	0.9999999999976628
896970_5500	1406.0	30	30	4590796.0 0.17574294 0.18701833 0.043265264 0.27415246 0.319821	4590795.0 0.17574276 0.18701816 0.043265272 0.27415273 0.3198211	0.9999999999986738
896970_5500	1406.0	31	31	3982897.0 0.21556245 0.049868725 0.3159956 0.36863443 0.049938776	3982892.0 0.21556246 0.04986879 0.31599626 0.3686349 0.049937584	0.9999999999950479
896970_5500	1406.0	32	32	5451425.0 0.036434878 0.23087138 0.26933014 0.036486056 0.42687756	5451420.0 0.03643491 0.23087177 0.26933038 0.036485173 0.42687777	0.9999999999971872
896970_5500	1406.0	33	33	7479192.0 0.16827726 0.19630904 0.026593916 0.31114203 0.29767776	7479188.0 0.16827749 0.19630915 0.02659326 0.31114206 0.29767802	0.9999999999979666
896970_5500	1406.0	34	34	6419247.0 0.22872356 0.030985098 0.36251774 0.34683025 0.030943349	6419243.0 0.2287237 0.030984338 0.36251783 0.3468306 0.030943524	0.9999999999976309
896970_5500	1406.0	35	35	5708178.0 0.03484492 0.40767667 0.39003497 0.03479797 0.13264547	5708173.0 0.034844074 0.40767685 0.39003548 0.034798175 0.13264541	0.9999999999977424
