ID	BITRATE	START_IDX	CAPTURE_START_IDX	KEY	CAPTURE_KEY	CORRELATION
70052701_2000	505.0	3	1	302135.0 0.64994454 0.35005543	302151.0 0.65780354 0.34219646	1.0000000000000000
70308278_4200	989.0	67	3	519917.0 0.62116456 0.37883547	519936.0 0.6178568 0.3821432	1.0000000000000000
896970_3500	1080.0	5	4	472269.0 0.42068186 0.57931817	472284.0 0.42070025 0.57929975	1.0000000000000000
896970_5500	1406.0	8	5	525414.0 0.5207189 0.4792811	525418.0 0.52071685 0.47928315	1.0000000000000000
896970_5500	1406.0	9	6	428144.0 0.5881689 0.41183108	428148.0 0.58817047 0.41182956	1.0000000000000000
896970_5500	1406.0	10	7	324832.0 0.5428129 0.4571871	324832.0 0.542816 0.45718402	1.0000000000000000
896970_5500	1406.0	11	8	492223.0 0.3017108 0.6982892	492222.0 0.30170938 0.6982906	1.0000000000000000
896970_5500	1406.0	12	9	542305.0 0.633802 0.36619797	542304.0 0.6338032 0.3661968	1.0000000000000000
896970_5500	1406.0	13	10	391214.0 0.50762755 0.49237245	391212.0 0.5076276 0.49237242	1.0000000000000000
80122759_800	368.0	22	13	368977.0 0.53817177 0.46182823	368955.0 0.538567 0.46143296	1.0000000000000000
896970_800	431.0	9	14	282872.0 0.6018482 0.39815181	282875.0 0.6018489 0.39815113	1.0000000000000000
896970_800	431.0	10	15	264348.0 0.42605203 0.57394797	264350.0 0.42605257 0.5739474	1.0000000000000000
896970_4200	1368.0	16	16	350434.0 0.43295172 0.5670483	350435.0 0.4329562 0.56704384	1.0000000000000000
896970_3500	1080.0	18	17	1741625.0 0.11409575 0.88590425	1741626.0 0.11409568 0.8859043	1.0000000000000000
896970_3500	1080.0	19	18	2398964.0 0.643158 0.35684195	2398967.0 0.64315766 0.35684234	1.0000000000000000
896970_3500	1080.0	20	19	1054836.0 0.8115489 0.1884511	1054838.0 0.81154925 0.18845074	1.0000000000000000
896970_4200	1368.0	20	20	784080.0 0.25352642 0.74647355	784079.0 0.25352675 0.74647325	1.0000000000000000
896970_4200	1368.0	21	21	1196693.0 0.4890937 0.5109063	1196691.0 0.48909366 0.51090634	1.0000000000000000
896970_4200	1368.0	22	22	810019.0 0.75479466 0.24520536	810018.0 0.75479436 0.24520566	1.0000000000000000
896970_4200	1368.0	23	23	1061786.0 0.18706311 0.8129369	1061787.0 0.18706295 0.8129371	1.0000000000000000
60027695_6500	1197.0	49	24	1062059.0 0.81279665 0.18720335	1062065.0 0.8127243 0.18727574	0.9999999999999999
896970_4200	1368.0	27	27	3462079.0 0.51085055 0.48914945	3462080.0 0.5108504 0.4891496	1.0000000000000000
896970_4200	1368.0	28	28	1892108.0 0.8950197 0.10498027	1892109.0 0.89501977 0.10498021	1.0000000000000000
896970_4200	1368.0	29	29	746158.0 0.26620904 0.733791	746156.0 0.26620975 0.7337903	1.0000000000000000
70216224_4200	1205.0	0	30	738646.0 0.7345264 0.26547357	738656.0 0.74124086 0.25875914	1.0000000000000000
80081770_3500	1048.0	12	37	519587.0 0.37746134 0.6225387	519586.0 0.3823371 0.6176629	1.0000000000000000
80093106_3500	909.0	72	50	540027.0 0.6374274 0.3625726	540051.0 0.63604736 0.36395267	1.0000000000000000
