ID	BITRATE	START_IDX	CAPTURE_START_IDX	KEY	CAPTURE_KEY	CORRELATION
896970_4800	1341.0	0	0	533798.0 0.6273347 0.37266532	533798.0 0.62732905 0.37267095	1.0000000000000000
81110498_7050	2986.0	5	1	397431.0 0.50004655 0.49995345	397424.0 0.50055104 0.49944896	1.0000000000000000
80206300_4800	987.0	1	3	535304.0 0.63256764 0.36743233	535323.0 0.6288708 0.3711292	1.0000000000000000
80031715_6500	1323.0	2	4	590419.0 0.33643395 0.66356605	590420.0 0.33649606 0.66350394	1.0000000000000000
896970_7050	1977.0	9	8	798733.0 0.52517426 0.47482577	798732.0 0.52517366 0.47482634	1.0000000000000000
896970_7050	1977.0	10	9	598646.0 0.633528 0.366472	598647.0 0.6335269 0.36647305	1.0000000000000000
896970_7050	1977.0	11	10	495785.0 0.44250432 0.5574957	495787.0 0.44250455 0.5574955	1.0000000000000000
896970_7050	1977.0	12	11	504522.0 0.5478413 0.4521587	504523.0 0.5478422 0.4521578	1.0000000000000000
896970_7050	1977.0	13	12	571867.0 0.39891094 0.60108906	571867.0 0.39891094 0.60108906	1.0000000000000000
896970_7050	1977.0	14	13	542333.0 0.63382274 0.36617723	542332.0 0.63382393 0.36617607	1.0000000000000000
896970_7050	1977.0	15	14	642353.0 0.30916023 0.69083977	642351.0 0.30915964 0.69084036	1.0000000000000000
70084788_7050	951.0	70	15	879461.0 0.5130927 0.48690733	879465.0 0.50458175 0.49541825	1.0000000000000000
896970_6500	1832.0	14	16	654060.0 0.66615295 0.33384705	654058.0 0.66615343 0.33384654	1.0000000000000000
80239639_3500	979.0	67	17	605266.0 0.35759485 0.64240515	605273.0 0.36075458 0.63924545	1.0000000000000000
896970_7050	1977.0	19	18	737483.0 0.524648 0.47535196	737484.0 0.524646 0.47535405	1.0000000000000000
896970_7050	1977.0	20	19	599477.0 0.5847831 0.41521692	599479.0 0.58478445 0.41521555	1.0000000000000000
1151721_3500	918.0	0	20	447597.0 0.5619117 0.43808827	447617.0 0.55608475 0.44391522	1.0000000000000000
896970_4800	1341.0	21	21	440989.0 0.450594 0.549406	440987.0 0.45058924 0.54941076	0.9999999999999999
896970_4800	1341.0	22	22	677765.0 0.35747197 0.642528	677768.0 0.35747188 0.6425281	1.0000000000000000
896970_4800	1341.0	23	23	725973.0 0.59986115 0.40013885	725976.0 0.59986144 0.4001386	1.0000000000000000
896970_7050	1977.0	29	26	6390814.0 0.65951115 0.34048885	6390812.0 0.65951586 0.3404841	1.0000000000000000
896970_6500	1832.0	27	27	2374752.0 0.91629356 0.08370642	2374755.0 0.9162924 0.083707586	1.0000000000000000
896970_7050	1977.0	31	28	1405557.0 0.14142863 0.85857135	1405557.0 0.14142792 0.85857207	0.9999999999999999
896970_6500	1832.0	29	29	2422618.0 0.49812683 0.5018732	2422618.0 0.49812722 0.5018728	1.0000000000000000
896970_6500	1832.0	30	30	1414470.0 0.8595778 0.14042221	1414469.0 0.8595777 0.1404223	1.0000000000000000
896970_6500	1832.0	31	31	2482106.0 0.08002196 0.919978	2482103.0 0.08002206 0.91997796	1.0000000000000000
896970_6500	1832.0	32	32	4492246.0 0.5083166 0.49168345	4492244.0 0.5083161 0.4916839	1.0000000000000000
896970_7050	1977.0	40	39	5063117.0 0.30303112 0.69696885	5063115.0 0.30303124 0.69696873	1.0000000000000000
896970_7050	1977.0	45	44	4042668.0 0.04916184 0.95083815	4042665.0 0.04915396 0.950846	1.0000000000000000
80232502_6500	1632.0	95	45	4042613.0 0.9508184 0.04918156	4042608.0 0.9508594 0.049140554	1.0000000000000000
896970_7050	1977.0	47	47	1187533.0 0.46636516 0.53363484	1187534.0 0.4663656 0.5336344	1.0000000000000000
896970_7050	1977.0	50	49	1482434.0 0.4773494 0.5226506	1482436.0 0.47734943 0.52265054	1.0000000000000000
896970_7050	1977.0	51	50	3545930.0 0.21850263 0.78149736	3545927.0 0.21850309 0.7814969	1.0000000000000000
70103763_3500	1179.0	11	55	432064.0 0.54037595 0.45962405	432073.0 0.5401078 0.45989218	1.0000000000000000
896970_6500	1832.0	55	56	775288.0 0.25630218 0.7436978	775289.0 0.25630057 0.74369943	1.0000000000000000
896970_6500	1832.0	53	58	2618895.0 0.090540476 0.90945953	2618895.0 0.090540476 0.90945953	1.0000000000000000
80144140_2000	526.0	5	60	985125.0 0.20183936 0.7981606	985146.0 0.20166148 0.79833853	1.0000000000000000
896970_6500	1832.0	63	65	2662397.0 0.59796643 0.40203357	2662394.0 0.59796673 0.40203327	1.0000000000000000
60027695_7050	1183.0	25	68	875020.0 0.7726932 0.2273068	875026.0 0.77289015 0.22710982	1.0000000000000000
80183328_6500	1545.0	3	69	307427.0 0.63765055 0.36234945	307408.0 0.64646006 0.3535399	1.0000000000000000
