1	251510
2	196087
3	230390
4	729511
5	196671
6	404792
7	353524
8	195863
9	332797
10	373802
11	204847
12	121108
13	131072
14	295466
15	344588
16	316697
17	385002
18	361674
19	435757
20	440675
21	779740
22	825234
23	814606
24	398722
25	511107
26	378080
27	598088
28	530796
29	502878
30	440224
31	196237
32	448631
33	456767
34	480908
35	511931
36	520449
37	586201
38	855147
39	189283
40	369432
41	521385
42	140926
43	619392
44	636861
45	196048
46	1068460
47	600834
48	376015
49	836486
50	411230
51	614725
52	361199
53	379580
54	978360
55	535347
56	547304
57	195997
58	515643
59	481469
60	466251
61	425976
62	456631
63	196641
64	477391
65	885200
66	720597
67	707010
68	196007
69	652595
70	593125
71	572337
72	217218
73	520439
74	577223
75	563372
76	470999
77	246400
78	179389
