0.00486397743	144617
0.67120409012	246011
0.69165897369	198763
1.06731295586	198440
1.06751084328	166822
1.12490773201	184345
1.12542176247	198731
1.15524768829	191288
1.15928769112	189276
1.25057053566	324531
1.34316873550	199153
1.60255074501	105087
1.67266964912	394804
2.40022158623	457646
3.84570550919	629737
4.00910639763	760942
5.58807945251	795275
5.58850646019	198676
5.90329957008	718918
7.04181551933	619974
8.46356773376	819783
8.56481361389	772357
9.95422363281	640162
9.95435261726	199352
10.01372361183	599743
10.99184465408	447910
11.33633375168	426098
11.79592275620	198763
11.79605269432	367591
12.55341076851	448180
13.13797473907	339737
13.44664764404	365403
13.44719266891	198731
14.25809860229	693998
14.68865060806	389834
15.39372444153	588571
16.35748362541	381598
17.42903852463	817588
17.65305352211	528214
17.82539868355	690771
18.93548464775	476387
19.00280261040	363098
19.15481853485	732976
20.05453252792	198901
21.24739050865	752268
21.27135252953	605133
22.70219373703	566901
23.40265870094	199218
23.40729165077	796509
23.46649265289	578507
24.55223965645	455929
25.21042370796	436544
25.85431075096	556240
26.00206875801	526936
26.54972386360	198815
27.62143683434	543747
27.79355692863	653552
28.46520996094	478100
28.58782482147	199213
28.67924880981	453448
30.01963591576	415837
30.02295494080	394235
30.05199193954	369978
30.13676905632	198610
30.70639610291	441823
30.88412594795	600077
32.03768801689	458805
32.51032900810	430426
32.60788702965	586146
32.82591295242	198647
34.38235402107	554007
34.51237297058	614751
34.78106594086	473778
35.06589698792	199331
36.50705099106	727804
36.75810217857	472798
37.48469519615	343766
37.64857506752	622945
37.93345499039	304408
38.16882991791	263420
38.48664999008	282803
38.71642589569	198698
38.84305882454	263585
40.43726468086	499233
44.51031160355	508709
48.49395155907	1132042
