1	186212
2	271210
3	199267
4	295369
5	198735
6	258718
7	155571
8	198734
9	132052
10	123333
11	145476
12	198530
13	194465
14	265534
15	361586
16	360480
17	456217
18	199386
19	259099
20	374660
21	389098
22	258326
23	584280
24	692176
25	377769
26	406179
27	356920
28	499017
29	675193
30	591863
31	282674
32	184093
33	626213
34	756409
35	102910
36	773544
37	663931
38	503688
39	371410
40	822875
41	445948
42	667230
43	106198
44	472189
45	697682
46	199008
47	356693
48	795818
49	861678
50	858163
51	706540
52	867584
53	556673
54	590248
55	469028
56	653371
57	385418
58	283694
59	777705
60	320723
61	657879
62	696651
63	854342
64	851959
65	463421
66	679563
67	532590
68	2566114
69	909183
70	371945
71	1278349
72	404557
73	154885
74	599408
75	542086
76	421252
77	383056
78	453852
79	278285
80	267100
81	295324
