0.02368307114	182420
0.29342722893	243206
0.29445123672	248219
0.54481911659	292592
0.55249524117	199015
0.81968736649	241870
0.82051634789	198788
0.86448740959	331934
0.88758254051	198935
0.88833546638	253410
0.90139055252	343351
1.64752054214	1016420
1.64773559570	776718
1.74406266212	122092
1.89169979095	851370
1.89191770554	198964
2.69256782532	859404
2.83695983887	155632
2.85390281677	694690
2.85401773453	199197
4.43933272362	1552403
4.93585491180	1542636
4.93596673012	198661
5.84894371033	1436607
6.74697351456	1488551
7.38378357887	1501505
8.07018256187	634998
8.13003253937	1226243
8.13064646721	199313
8.68201732635	538345
9.07862949371	756274
9.96460843086	1170771
10.36033129692	1083817
10.36042833328	198788
11.02853322029	1011456
11.71055531502	1051390
12.51069140434	1345574
12.51077318192	199015
13.10156512260	1239465
13.70951819420	1198099
14.38942718506	1054719
14.39170932770	198935
14.80595016479	1115605
16.11267805099	1385583
16.38284921646	1269545
17.77183222771	1283656
17.84754824638	1162347
18.13231515884	198660
19.08982110023	1264654
19.25842618942	1184851
19.36631417274	947482
19.45444417000	198695
20.58200001717	864980
20.62489700317	885071
21.16471409798	675852
21.81008815765	948998
21.86611795425	974095
21.86776995659	199296
22.90786981583	959443
23.49713182449	1053697
24.28985381126	1190748
24.57333087921	198752
25.02606892586	1086764
25.21780896187	1157282
25.66909480095	897780
25.97248888016	199323
26.07776069641	681684
27.25838470459	979328
27.43600869179	867196
27.75787878036	1138601
28.51995587349	953237
28.85509276390	198858
29.62300491333	1277567
30.42745590210	1151330
30.86811184883	1422676
30.93889784813	951548
31.29253864288	198348
31.40337777138	817993
32.33849883080	734680
32.49912977219	831232
32.83584666252	199531
32.84870266914	753875
33.73437356949	1004265
33.97240543365	880809
34.97550630569	823629
35.21212315559	1013572
35.42038607597	1007517
35.83901810646	198495
36.16977000237	862280
36.67442297935	928042
37.03024601936	199107
38.98932695389	1078607
38.98953294754	1071887
42.85127091408	1152169
46.82051587105	1016086
50.79454493523	628919
54.77821779251	1866419
54.77830982208	199038
