0.08583283424	182420
0.29008173943	243205
0.29080986977	248220
0.50105285645	292592
0.50431489944	199017
0.72624588013	331934
0.72650790215	241871
0.73483681679	198788
0.86962580681	222527
0.87825465202	198936
0.97298359871	312464
1.77741050720	640767
1.87103033066	776721
2.96575045586	1259023
2.98111557961	2014362
2.98126649857	198660
3.01962351799	122091
3.33463144302	851371
3.33492755890	198964
3.86847066879	859403
3.97649455070	155632
4.01481342316	694690
4.01543760300	199197
5.16589164734	1552401
5.60241174698	1542634
5.60250878334	198659
6.26844167709	1436608
7.12434077263	1488551
7.30894684792	1501503
7.83666586876	634999
8.19197988510	1226243
8.22316002846	538345
8.96876811981	756273
9.15582418442	1170769
9.92764616013	1083817
9.92797136307	353879
9.93246841431	1011454
10.97987651825	1051389
10.99080252647	1345575
12.05139946938	1198098
12.07576632500	1239467
12.07852149010	369220
12.91420960426	1054722
13.19226455688	1115605
13.95608472824	1264654
14.62751483917	1269543
14.97715568542	1283657
15.19332575798	198660
15.89705967903	1162348
16.20386075974	1184850
16.21643257141	1385586
16.80894970894	675850
16.83580970764	947482
16.84533381462	198695
17.59861087799	885072
17.69331097603	864982
17.94020509720	199297
18.48772621155	974092
18.97356843948	959443
18.99634456635	948997
19.46084856987	1053696
20.03366065025	1086763
20.29478263855	198753
20.55763769150	1157282
21.21023559570	897779
21.32066249847	867194
21.46933436394	1190749
21.53955340385	199323
21.88758420944	681684
22.74103426933	1138601
22.83236837387	953239
23.56330943108	979327
24.06163764000	198860
24.07034254074	1422679
24.14423441887	1277569
25.07988452911	951547
25.08413338661	817993
25.32548832893	198347
25.70259737968	753875
26.08341836929	1151330
26.09743833542	734677
26.37815928459	199532
26.43514728546	831231
27.43570327759	880809
27.45393323898	1013573
27.80172824860	1004265
28.21189928055	823630
28.46042919159	1007515
28.56403923035	198497
29.29217600822	928041
32.57210397720	1071887
36.43017578125	1140792
36.43099474907	199106
40.42340064049	976247
44.41527557373	2081793
48.46546673775	1319199
