0.12259101868	182725
0.45568895340	243846
1.57158207893	297430
1.57186126709	194956
1.58259224892	257843
2.95435428619	273637
2.97998714447	198861
3.63146305084	139551
3.66786122322	198965
4.77213621140	199830
4.92837929726	210179
5.03381037712	199197
6.99107241631	198660
7.40627837181	374060
7.47439646721	409345
10.87275457382	589156
12.39702272415	938521
15.20465373993	886638
16.13904571533	798514
17.16077661514	423006
17.16096854210	199310
17.76485371590	319768
19.48970365524	462535
21.69783878326	718918
22.75855088234	633128
24.63922095299	603221
26.51250696182	676683
28.52786302567	812317
28.52806305885	395824
30.07541608810	687777
32.24341702461	198937
32.80653309822	575896
36.20749616623	1016420
38.71547102928	776719
38.71557116508	654585
40.93672609329	1264654
43.47808504105	1269542
45.07664394379	2387219
45.07675695419	198661
49.15320777893	947483
51.75688481331	675851
51.82366490364	1184849
51.82471299171	198692
52.06390690804	885072
52.99218082428	864982
54.19326376915	948998
54.92969155312	974095
54.92978167534	1053696
56.05387663841	198754
62.41905260086	713878
62.42177462578	1086764
62.42645645142	1190749
67.06670045853	867194
69.41036939621	897781
70.90168547630	681684
71.12953162193	199323
72.34421062469	1157280
73.06526350975	979328
73.46125769615	1138602
73.69370150566	210846
73.92854356766	107008
74.31872463226	1422679
75.45783376694	335104
76.35325860977	112640
77.25821757317	114048
78.17793774605	115456
79.09915256500	116864
79.74933362007	951548
79.96984767914	118272
80.31251668930	167677
80.98366069794	121213
81.95497989655	122496
82.86974787712	1151330
82.87286186218	123904
83.48075079918	650315
83.51792287827	115580
84.06865596771	175197
84.79897284508	118395
85.27959799767	386262
85.70990300179	119680
85.99848818779	129663
86.73164200783	121088
87.03959012032	130944
87.35214018822	559482
87.98848628998	180829
88.72010922432	266112
89.36164331436	182237
89.89685535431	270336
90.03006625175	472067
90.34463930130	184448
90.80004620552	126846
91.41695618629	185856
91.87316727638	128128
92.33519816399	207212
92.77399325371	129536
93.09895920753	139518
93.75614023209	328268
93.75744104385	130944
94.05679106712	140800
94.56797099113	142208
94.92866992950	143616
95.31931090355	498119
95.57268881798	257489
96.15035796165	147966
96.73894381523	277501
97.33814787865	283008
97.93023991585	143616
98.66957092285	954941
98.80334806442	158155
99.44485807419	146559
99.98486113548	147840
100.63216710091	1021449
101.14674711227	299904
101.79388213158	159230
102.30461215973	305536
102.82362914085	160512
103.62173795700	120290
104.29019188881	156414
105.28885984421	965234
105.29540681839	157696
105.87596082687	656128
106.53977680206	102737
107.17739892006	340861
107.82493090630	173184
108.13541197777	838060
108.47976899147	144443
109.67720794678	199040
110.28408885002	167676
111.28415679932	170368
112.12552189827	685218
112.71968579292	180830
113.24276995659	344960
113.75101780891	183040
114.78810596466	184448
115.64750599861	524110
115.65901279449	1027832
116.34395575523	522849
116.72392177582	187869
