0.18907999992	166048
0.41189980507	196088
0.77941060066	184996
0.77952456474	196976
0.78232645988	210268
1.27361941338	498288
2.29053544998	280554
2.54286146164	196486
3.19302749634	209534
3.22412157059	108112
4.27706336975	345903
4.27786135674	196670
4.37577533722	191392
6.22257137299	381351
8.32059645653	571188
8.32752227783	422854
8.32775425911	195852
9.96062517166	331183
10.71499013901	426434
11.82202720642	196706
12.85271000862	471337
12.85281109810	566734
12.85299205780	365600
13.57875013351	516243
15.55095720291	590333
16.80657029152	483080
18.01449537277	629600
18.01506638527	196130
21.15280628204	636534
21.37923836708	765923
25.14435744286	933085
25.14445447922	196189
26.80738759041	913398
29.52277755737	1038558
32.02475762367	810154
33.45796442032	971579
37.05445933342	855720
37.58038735390	221683
37.93731451035	1049603
38.29511642456	824383
38.54280543327	897019
38.92705059052	672718
39.08478760719	783043
40.53257465363	717737
40.53288769722	874126
42.80880570412	605424
42.89003276825	1064052
42.89023065567	720399
42.89204263687	196577
43.51920866966	137166
44.29200172424	116030
44.47027564049	137984
44.64765977859	139392
45.39020562172	1171506
46.49343347549	283008
47.47640752792	143616
47.80079746246	260100
48.21108150482	984747
48.35770940781	148042
49.38337135315	149248
49.77008152008	420853
50.42667245865	150656
51.47096228600	152064
51.94837331772	255228
53.28154826164	229607
53.31792521477	196088
53.87017226219	108061
54.15214610100	807008
58.01376008987	618254
58.27756810188	773910
59.27650094032	677534
62.69104385376	629524
63.11998081207	1231632
64.15044498444	201344
64.88272881508	842613
65.46893167496	103836
65.92939162254	631393
66.47241377831	139314
67.25329470634	515770
67.86179566383	109468
68.71859979630	111232
69.39504480362	426008
69.58478975296	112640
69.94226765633	145856
70.47234678268	114048
70.84035778046	146432
71.19196081161	699789
71.84285593033	115582
72.25801992416	187109
72.49888992310	254862
73.14622092247	116987
73.69746375084	300029
74.07478570938	118272
74.63098883629	152064
75.01329970360	119680
75.50593590736	456888
75.51141476631	153472
76.17791271210	122700
76.82644176483	243584
76.90028285980	207564
77.51735496521	156411
78.01232075691	185554
78.69662666321	127666
79.29822278023	316800
79.68771576881	128128
80.29476571083	160512
80.68968772888	129536
81.68342566490	160909
81.70260357857	130944
82.31814551353	163908
82.71279454231	132352
83.03323745728	780530
83.70449042320	119628
83.71704959869	133884
84.45438551903	136232
85.21548151970	136700
85.96917057037	740973
86.63285636902	158305
88.60162138939	817634
88.65019321442	229984
89.17010736465	113908
89.67214250565	905557
90.97822642326	196163
92.08537340164	528239
92.61228632927	882233
92.63498926163	882866
92.93327617645	462615
93.22487616539	601453
94.50710821152	196690
94.99670815468	226194
95.15519905090	220702
95.32643914223	112640
96.03446006775	816906
97.08042907715	229504
99.15195012093	174123
99.81453895569	119806
100.76452803612	121088
101.72842502594	122496
102.13602209091	1077616
102.26714611053	676516
102.99623298645	106654
103.57455611229	195983
104.13712215424	180249
104.54577016830	218240
104.68600201607	505472
105.13599205017	181632
105.55095601082	111232
106.14336919785	183040
107.16299319267	184448
107.76888513565	266885
108.51748108864	132208
109.13263916969	276211
109.71987438202	268928
110.08359336853	560604
110.69639754295	263189
111.22433137894	240476
