0.01747202873	166048
0.69588017464	205131
1.71078515053	357000
1.92612123489	104192
1.92623424530	131716
2.32513022423	207954
3.17114424706	196193
5.29561614990	109569
6.01236319542	187592
6.33969831467	220327
6.46915125847	137140
6.60479116440	157364
6.69483804703	151637
6.94995713234	293387
6.96480226517	223327
7.16163325310	130590
7.50495219231	101950
8.01731133461	185712
8.68865132332	169272
8.88027739525	349670
8.94319438934	221321
9.31601643562	178362
10.35949850082	113537
11.13941049576	146953
11.52338647842	120024
12.34810662270	106314
12.61291861534	132352
12.71417069435	356025
