0.0071919	5055
0.0075340	3635
0.0100901	3635
0.0150762	3635
0.0184321	3635
0.0205970	3363
0.0660071	5145
0.0683241	43333
0.1126781	5118
0.1151831	3696
0.1767881	42004
0.1770172	41699
0.7995443	46573
1.2113912	196007
1.4154160	532352
2.1286941	25915
2.1378510	196553
2.1379740	109452
2.9325740	29592
2.9557722	8060
2.9588830	7096
2.9825749	2422
3.0143621	5114
3.0211370	879278
3.0544159	166517
3.0648808	980332
3.0713260	41699
3.2445300	41929
3.3073320	41697
3.6159801	196789
4.5086782	309381
4.6978590	57155
4.8707621	73381
5.3619170	292420
5.3690510	123069
5.5091691	106542
5.8610182	132553
5.8671632	99885
5.8675692	196007
6.0356443	85970
6.0801263	8548
6.1218274	3503
6.1375363	532352
6.1384382	9019
6.1388252	169557
7.2847481	229232
7.9543819	1325604
7.9544530	196109
10.3474081	1551251
10.3545511	6206
10.5101402	110305
10.7474902	209974
10.7902732	576088
10.7903712	782011
13.3596454	1378819
13.3636644	196556
13.3662126	263995
14.4510996	205115
14.4511726	10430
16.2911186	25918
16.2976665	833126
16.2982135	296313
18.6965356	1996662
18.7007935	20287
18.7014196	6204
19.6596055	6205
20.9814475	504496
21.0370805	476807
21.0589337	2076061
21.9179287	196675
22.1069796	239990
23.2201085	312880
23.7059834	798785
23.9666533	496222
24.6264763	627601
24.6745152	239386
25.4110794	288658
25.5753913	196450
25.8262193	411345
27.3010833	338505
27.4924023	196007
28.3688502	1451912
29.8959651	9019
29.8963432	2266988
31.1120231	921518
31.1127512	196109
32.2278042	196197
32.2310240	293977
32.2384701	196553
32.3615921	110305
33.0713699	263995
34.0815387	576088
34.0831378	16062
34.3083649	1378819
34.3113029	7612
34.3185077	390468
35.5250356	205115
35.5253847	9022
37.8514676	30142
37.8556747	834534
37.8559268	880721
38.1393547	3503
38.1402838	6306
40.0438788	1992438
40.0490267	1475730
40.0501337	7612
40.8201258	7613
41.0762539	137769
41.0890400	435302
41.0921309	620618
41.1251929	5057
41.1514969	503088
41.1793878	236772
41.2464368	239990
41.8160551	5067
42.6421671	312880
42.6434381	496222
43.5156171	196450
43.5594101	239386
43.5730102	798785
43.7921193	627601
44.9824483	411345
45.6452403	288658
46.3743224	338505
47.0987535	196074
47.1252773	785125
47.9311492	470058
48.0283642	474278
49.4707043	1195723
50.0358162	119840
50.0868902	317564
50.4547672	196039
50.4596233	911865
50.6484294	520386
50.9760025	119294
51.1967015	120443
51.2500885	151968
51.7161603	137231
52.5802474	337490
52.8217103	215551
53.7691672	452688
54.4432023	224201
54.6096971	554774
54.7027462	196141
54.8410764	199233
55.0027976	254725
55.6198616	17469
55.9742436	190470
56.1494637	189429
56.4198077	50395
56.6150255	87344
56.6443245	612851
57.0652354	109289
57.1829994	82771
57.5664732	84829
57.6698902	58108
57.8222110	404515
57.9430029	97303
58.5923140	74294
58.9080341	196608
58.9246211	55440
59.1734581	465886
59.1781230	121598
59.7426770	69307
59.8829019	212017
60.3632698	160117
60.3984978	113692
60.9116008	59817
60.9238687	469603
60.9353647	11921
61.1005516	103096
61.4780748	86726
62.0310798	116990
62.2886438	196169
62.3570406	368157
62.6757686	76309
62.8108566	83912
63.0279205	249982
63.2059295	117702
63.7552357	88932
64.0080047	187509
64.7426896	107652
65.0418985	312450
65.2031333	619828
65.4931133	73239
65.9046104	190590
66.1330454	170590
66.2254565	226754
66.8186386	52653
67.0554936	195944
67.0754006	21694
67.0804176	140883
67.3723896	253553
67.4947195	125588
67.5093555	610791
67.6905665	115574
67.7593286	217420
67.9326365	110100
68.0949805	108762
68.2288294	83155
68.5169253	53742
68.9249754	195505
69.1343365	153118
69.6574247	179422
70.2453685	516204
70.3435884	196942
70.5275073	120887
70.6907444	105772
70.8110363	80246
71.4530234	139516
71.9005926	13246
71.9037366	236682
71.9038274	44761
