1.5369360	3635
1.5373309	3635
1.5376320	3635
6.1496789	3635
6.1833761	3635
6.1998680	3635
7.8738840	2227
7.8946218	2227
8.5533388	15356
8.7138288	3248
8.7482936	3635
8.7677047	3635
8.7819757	3635
8.9609828	2817
8.9730279	51206
8.9773347	3635
9.1477549	3695
9.1644049	3695
9.2727387	3695
9.2925286	3695
9.3154075	4782
9.3775916	42005
9.3776186	42005
9.4066184	3363
9.4353542	3363
9.4551623	5321
9.4650683	5321
9.4802563	15356
9.6455624	5321
9.6557965	5321
9.6925676	4782
9.7654195	3248
10.6656625	18878
10.7944787	27920
10.8435354	66562
10.9019284	161561
10.9937375	5877
11.7500956	179871
11.7859206	30712
12.5978386	36608
13.0153646	8448
13.0533407	107008
13.3713336	61952
13.4746056	34442
13.9641705	121214
13.9792366	11264
14.5307646	16896
15.0423477	8448
15.0450978	26402
15.0839527	119680
15.2800689	25344
15.3383639	243584
16.1161497	19712
17.3617647	25344
18.8065407	45056
19.6545408	3403
19.7276587	3403
19.7805786	3403
19.7837455	3696
19.7996545	42004
20.5821965	424890
20.5825365	921449
21.2882185	45628
24.3971853	217383
25.1170182	104765
25.8586783	54912
26.1111712	62910
26.2261572	20986
26.9545553	96193
27.2129142	33345
27.5909603	43225
28.5647652	106929
28.5672312	390324
28.5675843	45595
28.6372862	75169
29.7163131	51261
29.7191381	3635
29.7501013	3635
29.7745814	3635
30.0180066	41699
30.8738484	146931
30.9535356	27310
31.3704875	34989
31.7099383	87377
32.1012003	48093
32.1780045	40813
32.7620864	67619
33.0073934	62222
33.1937354	32651
33.1938734	3385
35.3494854	227313
36.0185194	52841
37.6996822	424890
37.6998043	201640
39.7738664	190922
39.8027174	263011
40.0550206	222587
40.1957736	20986
40.8700137	15893
41.0936387	249613
41.5149467	96193
42.0470278	33345
42.2715807	15488
42.2717726	43225
43.1863697	191158
43.3977447	139303
44.2311945	39998
44.6499026	73789
45.0672195	53504
45.5292456	39424
46.5880177	40832
46.6945999	274498
46.6984477	42511
47.0520859	187105
47.3767028	49964
47.3772709	79267
48.1896250	88704
48.5191100	90686
48.9246390	8448
49.2808330	42240
49.6085360	47872
49.6175718	57468
49.6176939	2394
49.9594970	44220
50.3415470	385072
50.4917450	9856
50.6496930	45056
51.0295372	59136
51.2913880	46464
51.6852922	60544
51.9512961	47872
51.9598472	6197
51.9667921	12506
52.6954663	49851
53.2578571	9020
53.2615321	392333
53.2910562	94242
53.2933440	31516
53.9592581	51260
54.6244822	31356
