0.54225206375	178594
2.68248796463	205212
3.10984277725	110581
3.55940890312	203686
4.16605091095	153672
4.53003287315	200027
5.88158893585	140819
6.75154900551	118272
8.02921199799	211649
8.91412901878	126677
8.91480612755	196493
9.02884030342	159884
9.04402422905	185924
9.83228635788	102776
10.33463931084	187762
10.35919809341	394799
11.28063011169	139966
11.32813596725	179321
11.39984488487	175643
11.98172378540	102938
12.17244577408	133404
12.17253875732	109664
13.51091694832	224350
13.72473096848	252293
13.89705300331	231952
15.08849906921	184509
15.08857893944	350365
15.74616193771	116864
16.12197494507	248089
16.35811400414	215424
18.12114095688	144565
18.66706514359	150671
18.67544221878	218181
19.27195620537	141677
19.96860027313	315809
20.50640821457	105686
22.99359822273	142288
22.99370121956	139032
23.07367730141	230273
23.48098230362	113212
23.92907714844	132265
24.10725021362	210845
24.39136123657	121919
24.84759616852	302964
25.01808834076	143931
25.62619018555	294059
25.96979117393	175645
26.59932017326	105600
27.19705414772	192896
27.88019418716	125312
28.47555017471	157121
29.22387313843	397105
29.84257531166	446425
30.18436050415	108110
30.99343848228	491411
31.32704949379	214095
31.88767051697	417488
32.56547260284	195281
33.92772960663	207814
34.38003563881	300956
34.92741870880	380463
35.23355364799	161920
35.46347355843	631365
35.90467262268	247088
36.39221978188	422400
36.58316278458	280156
37.13588786125	446336
37.35474491119	444747
