3.03965497017	404007
3.03976702690	196495
3.22920298576	358641
3.22987699509	199168
4.06857705116	229770
4.94279718399	104012
5.03968119621	198894
5.04006123543	187765
5.34566712379	199293
7.08701610565	194433
7.74902105331	198728
10.11920213699	346577
10.74746608734	354587
10.74756407738	496119
10.87612915039	520290
15.29952621460	544574
15.29961419106	199255
15.34588527679	527582
16.92154717445	161086
20.39052724838	567355
21.19355535507	543046
24.41511321068	529874
24.81633138657	537926
25.70622348785	541384
25.96233844757	317104
26.39334058762	222512
26.87039947510	135326
27.56556344032	175799
28.16521859169	108060
28.68219351768	110916
33.38608860970	606175
34.48020744324	230559
34.77682948112	785521
34.85681056976	110875
34.94626355171	111232
35.03891849518	114048
35.36111950874	379903
35.75594234467	247426
36.52995753288	178595
36.91637539864	409835
37.56142950058	445544
38.99255847931	437217
39.92635345459	693433
39.95161128044	712448
40.39152431488	380602
41.02226018906	644634
41.31387615204	231526
42.12944507599	303734
42.13171219826	386294
42.47690820694	355241
43.60777425766	667304
44.32514333725	180224
44.89375925064	731084
45.04263710976	501906
45.82400417328	590047
46.96826410294	170368
50.63778924942	654714
53.37568330765	294562
53.92489027977	922052
54.21746015549	961677
54.82469916344	445517
55.09708309174	253084
55.68497610092	152980
55.97771120071	478390
56.47715806961	522133
56.79354906082	329732
57.86214590073	329300
58.18902277946	586782
58.69399571419	521555
59.58606266975	163727
60.17604565620	218984
63.30015969276	198846
66.45372557640	778468
71.83607053757	784197
73.09362435341	103754
75.97806239128	995244
77.32520651817	161566
77.70324158669	1149607
78.84504842758	170368
79.23790645599	132021
79.38180041313	176000
79.67234039307	723557
79.96275234222	184448
82.00306224823	192896
82.56637024879	457600
83.09676027298	101376
83.54996848106	102784
83.95882558823	104192
84.38016462326	105600
85.53721857071	107008
86.72473263741	108416
87.92874860764	109824
88.37442660332	1136691
89.00427842140	412913
89.01624941826	112283
89.48125934601	131998
90.10551428795	519497
90.73561716080	119804
91.45805525780	198528
91.88972115517	121088
91.90763616562	830456
92.62111234665	101376
