1	466049
2	199053
3	200438
4	217079
5	194425
6	198865
7	244808
8	232630
9	474107
10	198700
11	242883
12	239977
13	313575
14	316761
15	198726
16	424036
17	621969
18	199213
19	1387545
20	1201410
21	1103127
22	762323
23	198898
24	676121
25	541764
26	450700
27	502753
28	532020
29	580982
30	627136
31	570961
32	587533
33	345138
34	823854
35	975133
36	880001
37	603646
38	574506
39	944162
40	716058
41	812446
42	784670
43	199269
44	838839
45	982510
46	883831
47	816359
48	198744
49	653348
50	863238
51	198821
52	945152
53	727009
54	924015
55	778968
56	791569
57	198730
58	717507
59	850446
60	803683
61	199347
62	784795
63	680162
64	953555
65	812082
66	934333
67	786044
68	198521
69	904832
70	1159195
71	641401
72	543657
73	158804
74	1040622
75	113211
76	649476
77	736805
78	604173
79	950360
80	617316
81	835396
82	199143
83	993321
84	766764
85	157702
86	713502
87	198525
