0.61982989311	115794
0.69166803360	184093
1.24976706505	367772
3.95667004585	105240
3.95738005638	199294
5.00949907303	100646
5.03365015984	116103
5.03448104858	386148
5.47669315338	100540
5.49246335030	172059
6.02503037453	145587
6.49920320511	195829
6.55948114395	192324
7.15052413940	167699
7.49051618576	101949
7.76457309723	140272
8.14354395866	138112
8.84662389755	102784
9.27905988693	133561
9.71905374527	142636
10.23486471176	199194
10.62891268730	100393
10.90481758118	102858
11.19299173355	161046
12.16444873810	193304
12.56143569946	369644
13.14290571213	183682
13.42503285408	184529
14.11734294891	290509
14.33518195152	228371
14.73135995865	144873
17.80120897293	210992
18.20242714882	574134
18.76323723793	162090
19.57677221298	237155
20.15217304230	214143
20.28048300743	193289
20.63282895088	105600
21.23551297188	172816
22.03737497330	261851
22.53809499741	107663
