0.00016880035	132212
0.44671463966	196715
0.94891166687	263370
0.98181271553	196124
1.09299874306	155762
1.09735774994	230174
1.09751057625	196503
1.25526356697	126516
1.29454374313	423358
1.31852865219	312909
1.43280553818	374349
1.43875050545	196046
1.72204446793	114407
1.90359544754	283514
2.25308942795	196239
2.25323343277	288969
2.35785245895	258145
2.47626137733	195484
3.01083040237	376135
4.14026236534	626719
4.14051342010	195868
5.09867739677	804809
6.47604942322	902735
7.08381056786	780134
9.67083454132	1211828
9.79976344109	1163970
9.79985451698	761923
9.80007553101	196570
10.03494834900	349414
12.12383937836	1638927
12.12428641319	196267
13.80870723724	1571428
15.86668133736	1418380
16.98507142067	1396637
16.98515725136	195962
21.19797706604	2024131
21.75132417679	1992225
25.78487133980	1695386
25.88681125641	2015646
31.91991806030	2367712
31.92013907433	196612
33.07149410248	3186913
36.50229787827	1908702
41.25846576691	1968861
41.53614377975	3579719
43.47047066689	805743
43.47068667412	196062
46.15309762955	2996573
46.88953375816	2201692
50.36382079124	1889330
52.76669263840	2380198
53.57500958443	132925
53.57517862320	2917715
54.08598446846	226029
54.57640433311	2691600
54.62811827660	1048248
55.63327431679	2293290
56.53994727135	112640
56.58663129807	753783
58.08031940460	1531175
59.95587730408	1719424
61.04979729652	294272
61.42204737663	1595827
61.42212533951	196124
63.76992535591	1506421
66.00652551651	1574163
68.44079947472	1701913
68.47845435143	998298
68.48117828369	196503
69.18488717079	147484
69.70520329475	1050532
69.92478036880	743609
70.37079834938	1049459
70.87010931969	605645
71.33416533470	1048545
72.60657739639	418487
73.17445230484	196046
73.74577331543	3347203
74.25136041641	1051093
74.71118044853	1405407
75.37615537643	102430
75.74324035645	584981
76.76422739029	209614
77.92622232437	1050162
78.98679947853	325248
79.57302546501	676888
80.18770647049	196051
81.03177738190	1782447
81.64312148094	197497
82.15290451050	1051206
83.16475844383	401280
84.78000736237	1105313
85.66750431061	1060224
87.07615041733	1049899
87.32738733292	143528
88.05520129204	125674
88.78949236870	126786
89.26639342308	1404677
89.63159346581	1863361
90.32186746597	214833
91.00182747841	388608
91.29709053040	216832
91.29757833481	1047969
93.49485135078	817111
94.51614546776	840798
95.44069528580	223872
95.81901240349	1050238
97.07531833649	244255
97.59148216248	1107317
97.74937129021	226150
97.96498227119	846270
98.65418720245	195983
99.63768911362	436085
100.73873019218	114134
100.77002429962	823870
100.97280931473	1048669
102.09987330437	300480
102.23062419891	468416
103.05767917633	152064
103.20193409920	236544
104.00596117973	1259265
104.27464509010	214168
105.12407922745	237504
105.19794416428	1050939
105.76733827591	196004
106.26855325699	786293
106.47025728226	240018
107.25703024864	160512
107.45633721352	242176
107.81343221664	930476
108.86334109306	487168
109.94943809509	247029
110.37200403214	1048406
110.63659310341	600051
111.45912218094	166387
112.46823430061	168960
113.48977017403	170368
114.08332729340	1405937
115.31402039528	1510488
115.62431836128	885705
116.40207743645	159256
116.58231425285	163761
117.22486734390	236508
118.26284837723	196915
118.35139417648	594254
119.60095429420	522795
120.65851211548	263296
121.03965020180	1048389
121.54839229584	261557
121.71143031120	450756
122.24684333801	1800138
122.43870830536	266914
123.11260318756	285472
123.30028510094	267520
123.72069716454	378752
124.11567807198	178068
125.41802525520	144695
126.89781808853	761686
127.54362821579	1976203
