0.12970614433	196123
0.17791104317	126514
1.39127588272	306171
1.39232778549	196502
1.39603662491	175922
2.16186666489	228432
2.16295480728	196048
2.95091891289	195503
2.95133686066	196237
2.95762777328	192144
3.08352565765	179016
3.08361744881	196909
4.61792731285	242373
4.61947751045	445418
4.62610459328	244857
4.62633872032	195869
4.62642168999	349290
5.44648957253	444407
6.05755257607	416298
6.05762362480	352838
9.61422371864	884697
13.18383169174	690330
13.18399071693	195962
13.19476175308	4152899
17.48626780510	1285404
17.49553680420	1352815
21.33428573608	1114130
21.33436989784	196611
21.35205268860	1425126
21.92619252205	1198076
21.93486166000	839940
21.94484782219	1187495
23.68768668175	1519303
26.93370270729	316853
26.94457077980	1351116
27.79831385612	1047941
28.41617870331	132213
30.56879186630	1047379
30.69452595711	1183549
31.25194478035	167868
31.26460194588	1411655
32.19453978539	711465
32.20357370377	683394
32.97572588921	682458
33.60854578018	180585
34.21797490120	119537
34.66282677650	183040
34.67394280434	776804
34.81137371063	184448
35.33065986633	185856
36.07406592369	502561
36.60401391983	213019
37.89577794075	502151
42.35228800774	1213386
43.01110506058	889766
47.06172108650	164953
47.30656623840	835009
49.46168422699	568926
50.44165229797	631101
55.64798140526	196048
56.24554753304	920636
56.43391752243	1026168
56.88625550270	150423
58.66794753075	1669076
59.84246373177	1447237
60.27445173264	554638
63.86807870865	627778
64.42977857590	1025796
64.61380553246	196666
67.26572155952	991939
70.03237557411	943281
74.25857162476	195981
75.13111352921	1226809
76.22598552704	246692
78.74842047691	3464603
79.56316947937	2204479
80.36245965958	101376
81.17870759964	102784
82.00440645218	104192
82.83714365959	105600
83.47246170044	131575
83.48005867004	1151747
84.94714570045	391085
85.92464685440	457243
90.61242866516	709699
91.78726482391	195854
