0.03137087822	132211
0.48900198936	136064
0.60595607758	126515
1.49624514580	306170
1.75605511665	155762
1.75614905357	196501
2.33932900429	228432
3.30401802063	257824
3.31131601334	196048
4.74206900597	283517
4.74233293533	196237
4.74266386032	487336
4.74575591087	151978
5.98735404015	258146
6.17767214775	195486
7.54792213440	389771
7.54852223396	196907
8.27528119087	376135
9.35795998573	400757
11.30610108376	494725
11.30613517761	571577
12.89398217201	486123
13.00353813171	735246
14.54551029205	559251
14.54567027092	386233
14.54784440994	585465
16.51800942421	639186
19.52677249908	1035512
22.01305055618	1164772
22.51231551170	1007188
22.51287245750	373352
26.92281937599	1285406
30.45574045181	1456233
31.09618949890	1352815
35.77774357796	1425126
35.95295953751	1114130
35.95305657387	196612
37.82120347023	138368
39.29308748245	1198078
39.96199035645	839943
44.08850455284	1519302
46.15907645226	1187496
46.50199437141	1351114
48.06690430641	1113124
49.74409127235	1392067
50.41226029396	196124
50.45004916191	217258
51.26357412338	1050103
51.64497232437	1047625
53.86665534973	700949
54.09633946419	1038414
58.06614565849	1131395
59.99453783035	1355556
61.42182183266	349019
61.91251373291	1008460
62.79882073402	692800
63.38110971451	180596
65.60480260849	767772
65.73004651070	1099753
66.09434151649	377780
68.32612657547	196124
68.38406944275	417192
69.87907433510	1694268
72.23042631149	2068941
73.71503543854	116854
73.72480535507	196501
75.73183441162	2126889
76.88590741158	1800160
78.56224632263	839954
80.14114832878	984622
80.29116916656	1298785
82.55466818810	1184486
86.48169302940	381668
87.13371014595	1669077
88.94595026970	2815709
92.64340925217	1182416
93.22069811821	1640161
93.97515320778	101376
94.27766227722	938018
95.31762528419	206976
97.55573225021	196665
99.88155531883	716593
99.91580748558	991937
100.98438048363	1351191
100.99963045120	230173
101.88678240776	310368
103.28438138962	167552
106.41813135147	195980
107.02746129036	1143651
108.21478438377	667226
108.25580620766	1223856
109.23920822144	192541
116.94528126717	2120920
117.54751920700	196003
117.99589800835	1643720
120.43325996399	2261771
120.98250293732	1097765
121.30191612244	1100362
