0.33253192902	128856
3.60402607918	306229
3.60427904129	399246
6.06553196907	115709
6.61944103241	225847
7.10963988304	217072
7.67841386795	111806
11.43036699295	211961
14.32796502113	210104
14.32828187943	196083
20.00010991096	376297
20.00300192833	196140
20.00691294670	145068
23.26027393341	282974
28.11421799660	170038
29.66786193848	230025
29.89940881729	605781
29.89948582649	390735
29.90208601952	110671
30.42163610458	116030
30.85359716415	185856
30.89453697205	114410
36.55744814873	1252787
37.11799812317	344259
37.91461014748	141853
38.51476502419	112487
38.76496291161	167197
39.27607798576	309937
39.82395601273	313984
40.48293685913	227105
41.27253794670	235697
41.70028591156	382536
43.97734284401	317293
45.12321567535	196196
45.47893476486	107580
45.81965875626	396341
46.42047071457	223188
46.43656063080	468826
47.12586474419	224084
47.66563677788	497528
47.66713857651	143645
48.30677366257	635299
49.11437964439	206815
