0.28962898254	195894
0.33993887901	287518
0.68748188019	275480
0.69281291962	196556
1.17599606514	235927
1.52214193344	156444
1.52729773521	359887
1.53741192818	303190
2.07365989685	188714
2.07371282578	124007
2.40223288536	212226
2.89075899124	397344
2.90117216110	180350
2.90194702148	389612
3.64848709106	286512
3.97538208961	287855
5.18823719025	666200
5.18952107430	196106
6.23284411430	769190
7.75476694107	1057847
7.80867099762	551229
7.89222979546	217638
7.89524269104	314274
9.63097167015	958378
11.48315262794	949086
12.41578650475	1515720
13.43837237358	997265
13.43842649460	196417
14.95783233643	825601
15.78801822662	1020625
16.95155119896	730777
17.94594311714	1009731
19.60413312912	853649
19.70188212395	813313
21.65163207054	734012
21.70657515526	970356
21.70773911476	188854
25.20396423340	1491298
25.28834223747	1342690
25.29112744331	385106
28.39774942398	1367773
29.40052747726	1364900
30.58735442162	921117
31.30463933945	196223
32.34634137154	983264
33.49719738960	868946
35.25462126732	1203326
35.39083528519	713848
35.91051816940	196383
36.05762815475	1277940
38.28539204597	841191
38.34113597870	736838
40.04301905632	716618
40.20274400711	776925
40.75424909592	196249
41.71551012993	1051868
42.96886706352	867450
43.84979701042	723040
44.69691991806	652362
44.79992794991	196493
45.11180996895	823823
46.79888916016	879168
47.06850409508	713042
49.63597202301	963969
49.93617606163	948819
50.18109703064	196251
50.22114706039	866861
50.47919392586	927867
51.14527487755	196215
51.38738775253	1328207
51.47271776199	627428
53.95338678360	902031
54.15547490120	905834
54.38471603394	196451
55.85303592682	771502
55.85317802429	819373
56.86940097809	376062
57.33334612846	1323680
58.32069325447	768308
59.02223324776	195898
59.22670626640	702227
60.40590047836	673493
60.88598060608	646003
61.41164970398	196127
61.62154078484	856075
61.72303962708	530161
61.77795267105	595219
63.72953271866	1050182
63.87079071999	1297619
65.57240056992	1393498
65.60241675377	586222
66.73197269440	196673
