1	298572
2	369391
3	196300
4	286132
5	357286
6	398094
7	395736
8	196504
9	305676
10	196152
11	311944
12	369344
13	451823
14	290716
15	196069
16	504857
17	474571
18	553912
19	323385
20	472760
21	766939
22	196408
23	196165
24	715625
25	1451712
26	1386027
27	889199
28	522420
29	810839
30	1173901
31	1543048
32	1164600
33	1340154
34	195800
35	468269
36	850944
37	907742
38	547153
39	531901
40	754101
41	548927
42	196529
43	567837
44	196002
45	1300341
46	865985
47	1827874
48	195957
49	1340434
50	863998
51	1121795
52	196567
53	859885
54	701036
55	606386
56	575157
57	836201
58	685517
59	538947
60	728583
61	675264
62	1083780
63	864276
64	814061
65	166515
66	575962
67	551374
68	379305
69	541795
70	867661
71	757821
72	1047805
73	863353
74	949769
75	814721
76	688221
77	1135486
78	1312859
79	1546191
80	1165469
81	470432
82	201738
83	827054
