1	236523
2	196082
3	316133
4	196639
5	237539
6	288048
7	252134
8	173876
9	234832
10	210956
11	251345
12	196166
13	307361
14	198375
15	321147
16	302099
17	549410
18	327513
19	312498
20	517239
21	196408
22	459781
23	1049940
24	380211
25	341676
26	1407645
27	638431
28	1519952
29	348234
30	224559
31	1340154
32	196068
33	1605544
34	850941
35	907740
36	547152
37	196507
38	531902
39	548927
40	1125432
41	575156
42	196529
43	859040
44	1300342
45	196003
46	865985
47	991934
48	1340435
49	1121798
50	863997
51	859887
52	701033
53	606416
54	836198
55	217079
56	538948
57	685516
58	728554
59	363915
60	675265
61	1083781
62	864275
63	196639
64	814064
65	867659
66	195910
67	575963
68	541794
69	551376
70	757822
71	949768
72	196431
73	1047805
74	863353
75	814722
76	688221
77	789376
78	1076286
79	960809
80	827054
81	1518836
82	115581
