1	115082
2	148519
3	390544
4	430680
5	196271
6	114439
7	178467
8	379395
9	117303
10	220267
11	134308
12	151375
13	134326
14	139184
15	415319
16	111805
17	400380
18	248714
19	231300
20	132554
21	235714
22	237863
23	123658
24	170672
25	148480
26	177294
27	197409
28	108404
29	196552
30	187250
31	231522
32	835175
33	156113
34	101155
35	181277
36	171402
37	151176
38	294318
39	153250
40	111805
41	132952
42	196018
43	116507
44	237308
45	131328
46	336922
47	189273
48	278592
49	250874
50	102840
51	278784
52	419269
