0.24041891098	196236
1.09664988518	342272
1.63132977486	266808
1.63963890076	256024
1.64186692238	211321
2.30952882767	258708
2.31104278564	196353
3.57483172417	210193
3.58618474007	247892
3.86954665184	198506
3.86976766586	196476
3.94849157333	104577
5.52778577805	318405
5.52804660797	196377
6.93617463112	547775
8.83379173279	580094
8.83392286301	889091
12.17454886436	913628
12.17480087280	196488
13.23492002487	1193554
15.54294610023	822402
16.91355705261	809595
18.18062925339	753132
18.18112111092	196295
21.02184414864	830300
21.11974120140	715450
23.72962617874	689244
24.34954619408	764022
26.35943436623	638741
27.58273649216	677546
29.49274349213	866928
30.75089931488	719107
30.75103831291	390434
31.11282134056	1093322
31.85636854172	1121984
32.07903361320	623438
32.77077555656	905770
33.63758754730	274798
34.28151750565	1644526
34.38507747650	928020
38.52439332008	904074
38.76361727715	1028778
40.05916714668	196614
41.02202105522	491392
41.80470800400	646590
42.50671601295	167764
43.15941309929	706219
43.15954208374	794345
44.69728493690	472479
44.70000410080	196445
45.07186818123	115581
45.24964213371	892205
45.66638803482	465249
45.66895103455	844383
46.33923506737	777054
46.41186404228	197751
46.68581914902	1512496
47.47681832314	115051
47.84692716599	637152
48.48299503326	110877
49.15308713913	266112
49.33489108086	112640
49.73132205009	1351500
50.76789927483	177703
50.77460527420	229504
51.28431320190	1079492
51.60349726677	432007
51.81254911423	122621
52.03408622742	123904
52.73520326614	101376
52.96205615997	125312
53.09624218941	739257
54.16845822334	206976
55.11089229584	105600
55.52820634842	879752
55.66819643974	108061
55.98870539665	572956
56.00287342072	132478
56.75676345825	109469
56.86988639832	133760
57.67194652557	717330
57.67516255379	111232
57.79004144669	135168
58.56562542915	196850
59.66945242882	274560
59.70644140244	316463
60.45385050774	116988
61.08049035072	943854
62.11222934723	237952
63.00982737541	121088
63.91001725197	122496
64.58575940132	125438
64.85402226448	1317660
65.66356110573	195904
66.74644804001	384384
67.06760501862	130944
68.03237795830	132352
68.61130499840	948770
69.00133800507	115368
69.00691699982	133885
69.81324887276	1160313
70.84908199310	184093
71.53320598602	1128685
71.87214303017	775422
72.51807284355	143740
74.61645984650	440028
75.04487490654	546018
75.55142402649	444239
