0.10872316360	196294
0.72014617920	242964
1.01584219933	221559
1.02158331871	195865
1.02295613289	155966
1.13222718239	195610
1.64530110359	265004
1.92628192902	214479
1.93024802208	196549
1.93219614029	100746
2.71515607834	463991
2.71619820595	196352
3.49508118629	384490
3.49521517754	196476
4.05240535736	316256
4.29198336601	138070
4.31499218941	321726
5.45766711235	196376
6.20695805550	575155
6.27342319489	265204
6.79254531860	547779
7.79125118256	580094
8.61398220062	889091
10.55732631683	913631
10.55744123459	196489
10.89174127579	1193554
12.43792033195	822402
13.12303233147	753129
13.12315917015	196294
14.87851214409	1628059
14.87874221802	764020
14.87885022163	715450
16.24467921257	638740
16.47730422020	867642
17.42968034744	677549
18.77562737465	719106
19.34421443939	866927
20.91573953629	186214
20.97276043892	1093322
21.86079239845	1121983
23.07085037231	1602207
23.41238546371	770946
24.94946336746	196237
25.20620441437	928019
25.38395452499	1006297
27.53910446167	904071
29.10706853867	1028777
29.62113547325	794345
30.41650342941	1060188
31.11698532104	646592
32.27397632599	883957
32.94511628151	721635
33.46904730797	196443
35.03843736649	892207
35.60865044594	858945
36.15474653244	987347
38.24902057648	663302
38.32057070732	828644
38.33424758911	738173
39.70905852318	132477
40.12156558037	885027
40.81769466400	785292
41.35356664658	1494379
42.72975873947	790139
44.11823773384	944793
44.20277976990	739256
44.56689476967	196028
45.85392785072	879750
46.47355079651	849339
47.36649084091	717329
47.37595176697	537164
48.94112682343	943854
49.92041683197	673589
50.54560875893	167766
52.01446485519	1137788
52.02649068832	1317660
52.19939661026	888484
52.95016551018	195903
53.48094439507	146557
54.18709945679	147840
54.57164645195	948770
55.23304343224	196166
56.08053445816	157908
56.10889053345	1127277
56.11050152779	608823
56.11424040794	451968
56.64820432663	624121
56.66255927086	162942
56.87483525276	391658
57.62525415421	196427
59.39781522751	1002446
59.81483840942	689760
60.37889337540	160638
60.87495446205	1012957
61.12858748436	161920
61.46697950363	667458
