0.00009894371	186459
0.28889298439	310688
0.28934788704	365523
0.44288277626	198691
0.44631171227	201852
0.44686269760	198767
0.58148670197	241350
0.59487152100	224425
0.59564352036	199384
0.59644842148	359947
0.81140446663	523195
0.81299543381	463829
1.24557757378	693646
1.69727349281	934635
1.92166447639	198757
1.92180061340	717302
2.11322641373	983196
2.11384057999	199050
2.69612050056	718104
3.05808353424	502052
3.22018051147	204213
3.32399845123	142080
3.32409143448	199161
3.34755349159	1333084
4.28816556931	928809
4.28847455978	198761
4.51185345650	1519369
5.42420434952	1171858
5.59524941444	1339160
6.51240944862	1463616
6.81603431702	1322432
6.81655740738	199215
7.34334659576	1044799
7.68214964867	907582
7.99589562416	852604
8.78706574440	1049072
8.78797078133	1174484
8.79748463631	198767
9.13872766495	643844
9.51922345161	745063
9.51930761337	198691
10.20381879807	1155303
10.20614862442	199384
10.48152947426	1133352
11.34898757935	1045258
11.41970872879	1059134
12.41028165817	1114596
12.42401456833	966475
12.74954652786	198757
12.75585556030	1839257
13.17256855965	1021943
13.99775052071	887692
14.00586652756	1163417
14.09825372696	198450
14.76474475861	725301
14.80500173569	706066
15.16800165176	1079380
15.46369647980	594184
15.53023862839	950167
15.64194869995	199242
16.16643762589	673895
16.45592975616	949731
16.77485084534	685897
16.98093271255	198830
17.51394271851	910264
17.52864575386	944704
17.71745467186	840791
17.93991351128	199199
18.49724555016	931096
18.61132454872	784096
18.74799752235	676818
19.36399650574	813499
19.58056855202	919518
19.84544563293	198826
20.22263765335	952182
20.34561157227	839347
20.52505850792	629519
21.13459348679	905698
21.21019339561	652520
21.33450150490	198577
21.75632262230	832679
21.84035658836	513455
22.07992267609	199250
22.15828585625	966117
22.47763276100	401249
22.58638978004	586648
22.88624787331	537487
23.23861289024	639233
23.38373374939	572576
27.04320979118	1015996
27.04353475571	1118190
31.04627466202	952586
35.06776571274	260513
35.06794476509	198664
39.09429979324	278409
42.98151683807	1139032
47.02142691612	1299954
50.92358803749	2661747
53.49002003670	1175580
57.41598415375	963805
61.35863924026	1895298
61.35891723633	396075
