0.06356692314	198831
0.90116596222	177260
1.87072086334	189722
1.87423276901	199197
1.87436175346	239265
3.50235390663	164389
3.54697895050	157634
4.70313501358	195880
5.87840294838	199052
5.88038086891	284566
6.20033192635	128847
6.43419671059	199164
6.43984270096	131420
6.78929376602	192056
7.56591176987	101035
8.00283765793	302855
8.25570559502	269176
11.66167068481	395690
11.83307480812	384003
11.83457684517	199216
13.48762774467	487240
13.63834786415	394878
16.23509192467	355318
18.74609589577	559984
19.44198894501	252273
20.01526689529	153117
20.24022698402	486398
20.91828799248	152361
22.75060796738	281788
23.09029793739	251268
24.43301200867	448943
24.76901316643	449588
28.34922218323	463830
28.67756915092	473125
29.38067626953	203804
29.62532138824	487802
29.72033834457	234422
30.34677934647	108060
30.89337754250	231391
31.40015840530	109824
32.47220754623	111232
33.49752736092	112640
34.16687750816	284012
35.58113646507	218313
35.58123445511	101034
35.97267460823	186458
36.00254774094	115582
36.06270956993	116864
36.15145158768	118272
36.85560250282	782493
37.12935948372	367484
37.80551457405	471179
38.65609145164	197041
39.31385231018	627464
39.89549946785	464277
40.94132637978	153472
41.67732143402	359225
42.71681356430	161920
43.20719766617	600311
43.90902543068	197836
44.28409361839	178816
44.89129662514	153440
45.17603850365	581007
45.99094152451	535865
46.75156354904	222768
47.24758672714	490185
47.25031876564	591964
47.73599672318	113665
48.18896269798	519061
48.74461078644	112286
49.15304374695	187264
50.00152468681	457532
50.50455665588	101376
50.75163054466	102784
51.39841556549	127947
52.07081246376	273342
52.50062561035	215070
52.92319464684	109824
53.88646578789	486263
54.61305785179	492965
55.23835182190	301297
55.57781982422	116380
56.15909075737	153472
56.54974460602	556606
58.35053563118	172078
59.17296671867	251598
59.51481366158	113718
59.93430471420	736944
60.55740475655	376521
61.02492070198	158749
61.49298882484	268324
62.10051560402	253440
62.29885959625	302365
62.67880964279	190080
62.79877758026	112640
63.15480256081	104684
63.85449552536	220317
64.04937052727	133760
64.36141252518	204160
65.22254848480	285544
65.79249072075	106651
66.44899058342	219648
66.50482749939	109468
66.84842729568	111232
67.19754719734	112640
67.55261325836	114048
67.91269207001	115456
68.94074702263	517257
69.54506516457	388446
70.09388709068	121650
70.72156524658	426624
71.15957617760	246400
71.59485530853	125312
72.43489623070	473700
73.76527118683	198528
74.26455307007	196424
75.01163005829	581061
