0.52369284630	198832
1.18485164642	177260
1.86303472519	209132
1.86627769470	199198
1.86961269379	239265
1.86981177330	186459
2.53795695305	246231
3.16947484016	198828
4.02168178558	258017
4.02196097374	199050
5.74911904335	376467
5.74929308891	199163
6.35004305840	244068
6.43261218071	162079
7.46697402000	246566
7.46716403961	198760
9.47006988525	199215
9.97034502029	451823
10.65795302391	605472
13.05181121826	527352
13.05189633369	665717
13.26753020287	886827
15.10069322586	717850
15.85580825806	606832
18.34848022461	550538
19.21567821503	835356
21.40899515152	462609
22.98412227631	733254
23.96710133553	574881
23.96741342545	152302
25.69742631912	496456
27.60308527946	813897
32.06659841537	995868
32.18924450874	1108140
36.48807168007	1045260
36.48817658424	205727
37.96175765991	1059134
38.92722177505	257109
39.51724696159	966474
42.91469907761	1114597
44.00760316849	1021944
46.57531619072	1079381
46.70871424675	1163415
50.49254441261	887689
50.50041437149	706068
51.02469635010	725301
52.84037423134	950167
53.83659029007	594185
53.92049026489	949730
54.34582638741	944705
55.34467625618	335228
56.29591345787	170368
57.25140428543	171776
57.54599642754	910264
58.65581536293	198832
59.23940443993	173789
60.24100828171	176000
60.73701930046	177408
61.20284914970	840789
61.95892024040	436480
62.23278713226	357632
62.23597097397	199198
62.76097488403	676819
62.90516877174	813497
63.90221071243	1137308
64.79703569412	118272
67.36901783943	952182
67.42540192604	584995
67.43018794060	198828
67.88995909691	488631
68.53912520409	125438
69.49090623856	126720
70.44816112518	128128
71.41661715508	129536
71.94335412979	905696
73.08792829514	263296
73.73274230957	563699
73.73709440231	133884
74.11029243469	652520
74.81460833549	136701
75.41226243973	240413
75.84251546860	137984
76.37701845169	513456
76.87177157402	126563
77.37939953804	199252
77.53556060791	140925
78.59281969070	142208
78.98979353905	434269
79.66790866852	143616
80.31093358994	103218
80.97780847549	159902
81.80148935318	725705
82.41138124466	674913
82.76393032074	639235
83.36379623413	118396
84.26880812645	119680
88.44084024429	1015997
89.00015139580	160638
89.82973122597	1024209
89.83815217018	701836
90.11754417419	123813
90.37768197060	129659
90.70057511330	163454
91.28865718842	198664
91.30027604103	130944
92.01526212692	112287
92.71394515038	132478
93.41964912415	229504
93.71016407013	133760
94.42525410652	116864
94.71548819542	135168
95.44122409821	118272
95.73193502426	136576
96.34851121902	969945
96.35291218758	119680
96.63348221779	137984
96.96645808220	173788
97.67840719223	139392
98.32077717781	175198
99.01342034340	283900
99.37575125694	177408
100.08206629753	143616
100.44243931770	178816
101.12488937378	608981
101.54565238953	126846
102.16754436493	136576
102.65001940727	524492
105.43668127060	1277119
106.10333633423	1044540
106.86276340485	799040
