0.01275110245	144808
0.70060610771	107385
0.71215200424	499081
0.71249485016	530301
0.72924780846	118191
1.83083987236	134259
1.84467673302	155155
2.16670680046	247113
2.16675686836	327589
3.92551994324	132961
4.79944777489	120458
4.79961466789	178722
4.79969382286	102832
4.80025172234	196966
5.13271975517	114620
5.13281369209	100833
5.54097867012	101901
6.11799955368	124895
6.39808940887	369205
6.70426845551	165821
7.43332242966	202317
7.87841439247	122002
8.69741559029	112199
8.73547959328	127773
17.13556361198	1088072
22.04617762566	699974
22.61869955063	167196
27.53402757645	595801
28.16919159889	196764
33.29131460190	498405
36.33352971077	356799
44.85273861885	457600
46.89339160919	117523
46.92665958405	196508
47.66117668152	101022
48.05088949203	333696
51.14786148071	269720
52.30244040489	274218
52.65536642075	182203
55.76654434204	531149
58.87079429626	433989
60.85960936546	341121
61.63628244400	286876
62.29349541664	135969
62.91204428673	126473
63.18111729622	2072450
