0.87940406799	196417
4.94198513031	813619
4.94214701653	606465
4.94486689568	195953
6.71506094933	264581
6.71808481216	196332
8.49485778809	209565
8.49822378159	196967
9.06648969650	120458
9.20902562141	178724
9.90424966812	128531
11.62960076332	161197
11.69428563118	164051
11.79927468300	195744
14.07572674751	329392
14.20862674713	196603
15.88710784912	192070
15.88718080521	264136
15.93885874748	134206
16.55328178406	165945
18.68888688087	218824
19.81520175934	135030
20.84639286995	563416
21.15685296059	126398
22.33243012428	183612
22.67680311203	259592
22.93925595284	257997
23.64540696144	108989
23.71327304840	283233
24.21468091011	184093
24.64058303833	320303
25.35619497299	277361
25.57422995567	148610
26.19275903702	101021
26.82636690140	191132
27.58056282997	102429
28.08435487747	195712
28.53280591965	104192
28.98863673210	105600
29.57280588150	309702
29.57424688339	101376
32.75455904007	139167
35.51183509827	2780124
37.32046914101	1724720
40.88844013214	1779738
42.06337094307	227393
46.70451092720	1074941
52.94275593758	1486674
52.94533705711	471353
52.94571208954	195953
54.47892904282	195357
55.28060817719	196507
55.62458038330	352407
56.01887035370	186557
56.25741338730	215057
56.76597738266	348834
57.01436638832	192541
57.26633238792	101376
57.91353917122	509696
58.48363518715	391703
58.77377104759	108061
59.07081007957	109824
63.31307816505	352314
67.44124817848	1617384
68.70218515396	526592
69.05164813995	112284
72.83239722252	1060382
73.28008532524	116159
73.28030443192	197197
74.07266640663	629239
74.17673039436	415480
79.97312927246	483314
82.85087633133	280864
82.85096621513	195536
83.78475022316	1354496
84.14259028435	110877
89.60605525970	666334
95.94544720650	1364432
96.01092219353	845449
96.56037926674	109469
96.75167918205	581746
96.78232717514	649528
97.52221107483	317479
98.04047989845	246909
98.39939689636	101640
99.16128587723	196584
