0.72819781303	196401
2.31732082367	758772
2.31917476654	196416
2.31979060173	195956
3.84416770935	1406840
3.84626674652	199695
3.88832664490	137767
3.97515964508	108280
4.07678961754	167916
4.08142971992	196506
4.08163356781	685024
4.08187460899	196332
4.08191776276	348834
5.33236575127	487951
5.33263778687	196969
5.73299384117	199917
6.49240183830	130277
7.14533782005	318691
7.41498875618	477862
8.19741964340	324130
8.62826585770	195745
8.81469178200	343783
10.44965982437	259872
10.63556075096	471916
11.72194290161	174292
11.76906609535	196603
11.76916408539	1016303
11.77200508118	132679
14.55737614632	662403
14.55783700943	496983
14.58453893661	587831
16.15111684799	350115
18.66080570221	667830
18.66556668282	1139883
19.77546167374	278966
21.12456774712	633921
21.12739467621	390175
21.73004865646	545452
22.26580762863	262016
24.25578045845	629570
25.26247048378	658194
28.12534546852	1003015
28.14334845543	710062
30.55029344559	1184704
31.30684852600	790514
31.52888751030	196686
32.51954340935	148922
34.81405735016	887136
34.81442737579	416085
37.82642745972	975351
37.91494464874	1427582
37.91697549820	196059
42.35164952278	705799
43.24802041054	1597214
43.32449841499	5846023
43.78152728081	4228370
51.37652921677	2900580
51.37957620621	1014858
51.37967729568	196401
58.17950725555	2568779
64.25286412239	3482450
64.25552606583	2404571
64.25580525398	195956
66.11135721207	196506
66.26890420914	536811
67.19873332977	519911
67.43330025673	381967
70.76800632477	788975
70.91963052750	1686332
71.38060259819	610234
72.57199764252	209438
73.27343964577	107008
74.57864069939	884118
77.10212469101	1376250
79.40277862549	717499
79.40347671509	196206
83.16643762589	1060353
83.60700964928	116158
84.24483656883	2536237
84.99202656746	381602
85.83342647552	365302
87.23061847687	607791
87.24282860756	1006086
87.60515475273	1027065
88.97771978378	2378401
96.03427672386	3134953
105.48175764084	4001425
105.48185467720	196121
112.48993968964	2706921
122.39147973061	5420651
123.48116564751	4316407
123.48164677620	196565
123.78670477867	1049031
124.32461071014	148488
125.29252386093	173184
125.77516388893	1049186
126.66531682014	171680
128.66823792458	328744
129.28466105461	834548
129.62295198441	2104403
129.80204892159	149524
129.98803281784	150656
130.17009568214	152064
130.49111676216	923467
131.62706160545	308352
132.60318875313	156288
132.71022987366	940435
133.88573789597	319742
134.77631282806	695384
