0.13160300255	198848
0.18472599983	192541
0.75180315971	128898
1.22198319435	240112
1.22259521484	198777
1.40128540993	219042
1.56376338005	187296
1.70117855072	198722
1.70196461678	199071
3.07789754868	321777
3.14423942566	217208
3.86797523499	218593
3.86848735809	198601
4.46167254448	327205
5.94759249687	257978
5.94824051857	198815
5.94834041595	199642
7.84975743294	542315
8.84210848808	536966
10.90131044388	309388
10.90872335434	794673
10.90929150581	219955
12.33953356743	308182
12.33962559700	837952
12.83686876297	924914
14.30233287811	491866
15.98815202713	505401
18.00778913498	270690
18.14783501625	999763
18.14909100533	382350
18.74840784073	108713
18.80158782005	141534
23.09560680389	1174172
23.09582090378	198925
23.51047897339	918850
24.31479001045	951957
27.64600491524	1069065
28.63148498535	1056316
29.80644917488	261967
32.57366299629	912607
32.57682204247	336954
32.67277693748	1025814
33.83701086044	165789
34.43229174614	972321
34.98160076141	175966
35.62126970291	181632
35.89720368385	1073905
36.56310963631	139585
37.30028462410	187264
37.55366468430	140800
38.34160780907	836128
39.64806890488	571024
40.20863294601	148751
41.74885702133	813576
43.99929499626	116629
44.52025890350	731179
44.87885189056	673567
46.34957170486	715803
46.95120882988	595149
47.31516265869	569550
47.50935363770	218559
47.70709061623	462824
48.31726956367	786604
48.53962564468	903461
49.74343061447	381163
51.23066949844	774205
51.26992344856	622632
52.17506051064	534168
55.92887163162	1765313
56.28179955482	868698
63.94133257866	1523643
64.77876472473	388388
65.55634689331	707593
66.14153289795	1352103
66.29230189323	1517262
66.83173298836	1563997
74.98301792145	1459670
75.58438587189	115581
76.70166277885	1865175
77.81445074081	1216476
77.82135176659	1566827
78.44588398933	131070
78.91410779953	424163
85.68358778954	809452
86.26120877266	212779
86.56694483757	1633235
88.01099181175	937972
88.33039975166	1460417
88.70605468750	1232974
89.23378586769	110879
90.03469967842	112640
91.47509360313	1155273
92.79699563980	1681048
93.80807781219	515454
95.32245779037	807060
95.40751171112	198812
95.66723656654	957155
96.31686162949	2269549
96.64768767357	1997859
96.82185554504	900642
97.01423454285	991087
99.84010267258	1210940
100.56667256355	941390
100.76818752289	920335
