0.28658819199	291830
0.28668999672	198642
0.58717107773	307933
0.59009599686	322429
0.86222195625	268175
0.86615991592	270241
0.86682772636	198642
0.88122391701	304546
0.94593405724	510678
1.03555607796	503121
1.54198908806	673568
1.54256320000	198848
1.61538529396	595145
1.71952533722	198776
2.46048736572	1207192
2.46925139427	477435
2.47039723396	199070
3.80967330933	1162341
4.09092140198	1400809
4.77848958969	198601
6.45270752907	1519273
7.40516352654	2737550
7.84681272507	2028765
7.84698653221	198813
9.87791252136	1977349
10.37499046326	2330328
11.04614138603	615081
12.69593739510	2473194
13.81449842453	794872
14.28029155731	3067297
15.84315347672	1430263
16.65200638771	2467325
16.65219044685	203192
17.62955355644	1607393
18.46256041527	675222
18.68660449982	185880
18.68670439720	386575
19.04321742058	236145
19.28161430359	164337
19.90082025528	3193992
19.90322947502	198927
23.27650952339	3309440
24.27787256241	3392835
24.56485843658	198605
27.43841052055	3362934
28.88309359550	3256899
31.28129458427	2872003
31.95609259605	3111544
31.95613050461	198642
32.63497138023	3071895
35.98477935791	2963895
37.11867833138	3192318
40.00205016136	3109238
40.36417508125	198642
41.61469912529	3168575
41.99662709236	3555682
44.89827823639	3273065
45.80578017235	2969444
46.18510222435	198848
48.20332217216	2351413
48.41081333160	2590185
49.45685338974	2293653
51.82637143135	2414595
52.06987047195	1925970
52.21423935890	198776
52.24029827118	1696131
54.73754715919	1852070
55.74433422089	2539495
56.16969132423	198722
56.54434823990	1717243
56.84773635864	1687443
59.45008230209	2094491
59.45016932487	3406975
59.79196333885	2419941
59.79706454277	198687
60.07797360420	321385
60.40155458450	1137774
60.74691343307	2965096
62.88824534416	2500659
64.06176233292	2277977
64.09164738655	2201659
64.35856342316	198794
66.13751840591	2291518
67.73981142044	2174015
68.11955142021	1891392
68.68399357796	198698
70.77561545372	3141786
70.99271631241	2324800
72.56179738045	1798844
74.21957039833	2169616
74.69301939011	198751
74.77782845497	2714454
76.05475544930	1047818
77.21865439415	2063574
77.63508033752	1162319
79.02155733109	2900545
80.08218622208	592945
80.58387827873	198811
80.93615245819	2319660
82.13611555099	1049879
82.85172748566	2756338
83.65894651413	1825993
83.82142758369	1161545
84.33023357391	198451
85.09271264076	1048609
85.82989358902	1047750
86.23167371750	737746
86.54737758636	1751232
86.91294240952	684002
