0.03694295883	162664
0.73157286644	198518
0.79460597038	255019
0.91212701797	173302
1.07360291481	194795
1.07498908043	199684
1.17641019821	159190
1.67795705795	127328
1.77131295204	104832
1.77307486534	198583
1.77538704872	291985
2.58269906044	226142
2.58289694786	199255
2.90524482727	151536
2.90534877777	199342
3.86042666435	293223
4.12787270546	369250
4.21119761467	195658
4.21620750427	109077
4.21830058098	198895
4.67265081406	155295
4.67303776741	198885
7.43512988091	1199215
10.16987895966	1610400
10.59432101250	1453977
10.59441208839	1855880
11.41930913925	1866074
11.41947627068	199133
14.93158316612	1855817
17.81409215927	2027751
18.37521815300	1538045
22.76236915588	1879454
23.25054407120	1859659
27.03488302231	1786245
28.76044201851	1856562
28.76085686684	343396
31.51556301117	1733542
33.70846390724	1662234
35.08467483521	1613816
37.93664073944	1406547
38.76110577583	1642486
38.76119494438	199225
42.66345405579	1508470
42.67043113708	1614549
44.80725312233	968426
45.48901534081	975277
45.48932719231	198590
46.99760007858	1048439
47.73335099220	189601
47.89979004860	756821
50.00726318359	955584
50.00761723518	198518
50.89368128777	104765
51.66834807396	1536449
51.89864325523	1014360
52.25724625587	988817
52.38125514984	1049144
52.87444925308	103306
53.10878014565	1062239
54.87024521828	1606621
55.44422721863	315964
57.37985014915	198583
58.21114110947	1589118
61.47822904587	1861393
61.48091697693	654194
62.66676402092	1759606
64.86367511749	1589541
68.95443105698	1811427
69.50620818138	2043624
70.08016514778	199255
70.08817410469	1300153
72.61352515221	1572154
73.42378306389	1230830
75.17805004120	1264591
76.51335501671	198706
77.73350310326	1329198
78.24527406693	824180
78.38403606415	198754
80.72886013985	906301
81.48086500168	1726868
84.99661016464	1135842
86.17165422440	1308979
88.27872633934	1026750
88.53815436363	199206
90.93976140022	3279840
91.07240533829	1100935
91.68682146072	1797135
93.80586838722	198671
94.00924539566	931600
95.66704225540	1010960
97.96567416191	1621657
100.47998833656	198657
