1.00000000000	42059
2.00000000000	42059
3.00000000000	252700
4.00000000000	261988
5.00000000000	199325
6.00000000000	310510
7.00000000000	269899
8.00000000000	246813
9.00000000000	217469
10.00000000000	198487
11.00000000000	221760
12.00000000000	42058
13.00000000000	260498
14.00000000000	45129
15.00000000000	198915
16.00000000000	328810
17.00000000000	135684
18.00000000000	42058
19.00000000000	38950
20.00000000000	42056
21.00000000000	42060
22.00000000000	10406
23.00000000000	199229
24.00000000000	287271
25.00000000000	198821
26.00000000000	620582
27.00000000000	1120082
28.00000000000	1173965
29.00000000000	199340
30.00000000000	42060
31.00000000000	1779567
32.00000000000	2097971
33.00000000000	648244
34.00000000000	198634
35.00000000000	702845
36.00000000000	572012
37.00000000000	536411
38.00000000000	534235
39.00000000000	926710
40.00000000000	701333
41.00000000000	826052
42.00000000000	1658902
43.00000000000	199210
44.00000000000	941116
45.00000000000	1148596
46.00000000000	1011536
47.00000000000	1177775
48.00000000000	198733
49.00000000000	820254
50.00000000000	198639
51.00000000000	1654202
52.00000000000	1618005
53.00000000000	199325
54.00000000000	1265139
55.00000000000	1605154
56.00000000000	1321952
57.00000000000	210141
58.00000000000	1089122
59.00000000000	1282611
60.00000000000	42059
61.00000000000	1267989
62.00000000000	1547968
63.00000000000	192539
64.00000000000	98207
65.00000000000	1261276
66.00000000000	967793
67.00000000000	798613
68.00000000000	280987
69.00000000000	1468666
70.00000000000	1295239
71.00000000000	1752598
72.00000000000	199353
73.00000000000	1455539
74.00000000000	1525863
75.00000000000	167676
76.00000000000	170368
77.00000000000	171776
78.00000000000	1750225
79.00000000000	136700
80.00000000000	347776
81.00000000000	62174
82.00000000000	175199
83.00000000000	1560351
84.00000000000	277501
85.00000000000	200543
86.00000000000	140800
87.00000000000	142208
88.00000000000	52900
89.00000000000	143742
90.00000000000	145024
91.00000000000	146432
92.00000000000	1168066
93.00000000000	1400755
94.00000000000	198814
95.00000000000	187871
96.00000000000	210398
97.00000000000	190080
98.00000000000	212608
99.00000000000	191488
100.00000000000	214016
101.00000000000	725371
102.00000000000	192896
103.00000000000	155004
104.00000000000	410188
105.00000000000	156288
106.00000000000	307914
107.00000000000	31612
108.00000000000	217436
109.00000000000	199067
110.00000000000	196315
111.00000000000	388984
112.00000000000	525183
113.00000000000	162045
114.00000000000	445534
115.00000000000	404094
116.00000000000	163328
117.00000000000	200542
118.00000000000	244859
119.00000000000	198728
120.00000000000	227294
121.00000000000	528698
122.00000000000	567157
123.00000000000	170493
124.00000000000	317404
125.00000000000	173184
126.00000000000	644089
127.00000000000	107008
128.00000000000	199064
129.00000000000	350592
130.00000000000	85493
131.00000000000	260120
132.00000000000	110878
133.00000000000	355421
134.00000000000	707057
135.00000000000	303733
136.00000000000	182236
137.00000000000	16530
138.00000000000	524516
139.00000000000	183645
140.00000000000	1013203
141.00000000000	373120
142.00000000000	491067
143.00000000000	188672
144.00000000000	50057
145.00000000000	322608
146.00000000000	380766
147.00000000000	499518
148.00000000000	780247
149.00000000000	192896
150.00000000000	128254
151.00000000000	194304
152.00000000000	70803
153.00000000000	195712
154.00000000000	693935
155.00000000000	129661
156.00000000000	255935
157.00000000000	395556
158.00000000000	257664
