0.62466096878	334442
0.62723398209	199210
0.85341906548	190822
0.85358285904	150879
0.93764281273	241242
0.94236278534	198736
0.94310474396	132404
0.94325184822	206013
1.77657294273	410886
1.77711772919	389941
2.80923271179	358846
3.22465562820	513601
3.24306464195	202212
3.25134968758	199230
3.48060679436	198824
3.49217271805	100104
6.14653778076	199340
6.16008877754	1665534
7.21042990685	1532132
8.66532301903	1244497
8.66539406776	861090
9.79569888115	1779568
10.09300804138	648246
10.09320902824	198632
11.64794111252	572012
11.70169115067	702848
12.73863029480	536412
12.73871111870	198784
13.17152214050	534235
13.95396995544	504527
15.73001194000	926712
15.82390308380	826049
18.06989502907	941115
19.78758406639	1658901
19.90827202797	373438
21.26257014275	1148597
22.78244709969	1177775
23.82639408112	820256
27.26126003265	1654201
27.54181599617	1011535
27.96788001060	198638
28.19409394264	1618004
28.21198892593	1605153
28.77970480919	199325
31.67155671120	1265143
31.93988776207	1089123
32.64077782631	2852455
35.32990598679	1267988
36.74468803406	1261276
37.38239407539	198488
38.11076903343	967796
38.82470488548	1282610
41.03136086464	1048803
41.49931383133	1393446
42.15421700478	199352
42.33240103722	419862
45.25313711166	1049760
46.41130805016	210138
46.84037709236	1455541
47.70111393929	700463
48.09866189957	1752597
49.39717102051	260606
49.39729714394	1525866
50.07911896706	198874
50.80015397072	892144
50.84293389320	1560349
50.90325999260	604659
51.24300789833	139517
51.50668001175	613410
53.20707011223	1173966
54.11839389801	716672
54.45114898682	1160567
54.51950907707	1575953
54.83639717102	198814
56.76764225960	512418
57.40328216553	152190
57.70311808586	1047210
57.94519114494	1070248
58.19435000420	199066
60.05459499359	606421
60.08050394058	600411
60.12623190880	684287
61.43967986107	322553
61.78718900681	690393
62.53002619743	198728
62.64494228363	892529
63.56346035004	406682
64.21637535095	166269
64.91556239128	684533
65.08655118942	871379
65.37188339233	199065
65.62149047852	281278
66.73925042152	533309
67.17014837265	613493
67.32541036606	425780
67.45854949951	125845
68.24677538872	198764
68.81849718094	270013
69.69569730759	271744
70.10683727264	635392
70.27616333961	1013204
70.56685328484	253737
71.25983619690	274239
72.81417822838	813676
73.36397624016	294430
73.83005118370	776164
74.03520727158	780245
74.72508430481	185053
75.28471732140	562752
75.29649233818	755369
