1.00000000000	42059
2.00000000000	42058
3.00000000000	198784
4.00000000000	99599
5.00000000000	150878
6.00000000000	146686
7.00000000000	199212
8.00000000000	190821
9.00000000000	334440
10.00000000000	42060
11.00000000000	241242
12.00000000000	42058
13.00000000000	298525
14.00000000000	42060
15.00000000000	198735
16.00000000000	42060
17.00000000000	325893
18.00000000000	198640
19.00000000000	42058
20.00000000000	707309
21.00000000000	1266862
22.00000000000	42059
23.00000000000	747485
24.00000000000	1161913
25.00000000000	436068
26.00000000000	113435
27.00000000000	199231
28.00000000000	198913
29.00000000000	172059
30.00000000000	134024
31.00000000000	198823
32.00000000000	1175208
33.00000000000	1665533
34.00000000000	1659293
35.00000000000	1151854
36.00000000000	409013
37.00000000000	199341
38.00000000000	1244496
39.00000000000	861089
40.00000000000	1779569
41.00000000000	648246
42.00000000000	17470
43.00000000000	572012
44.00000000000	702848
45.00000000000	536412
46.00000000000	198633
47.00000000000	534236
48.00000000000	504530
49.00000000000	826052
50.00000000000	926712
51.00000000000	380527
52.00000000000	941114
53.00000000000	1177774
54.00000000000	1658902
55.00000000000	198735
56.00000000000	1011535
57.00000000000	820253
58.00000000000	1148599
59.00000000000	1654203
60.00000000000	198640
61.00000000000	1265141
62.00000000000	1618004
63.00000000000	1321956
64.00000000000	199325
65.00000000000	1547967
66.00000000000	1089121
67.00000000000	1605155
68.00000000000	1282612
69.00000000000	1267987
70.00000000000	198487
71.00000000000	967795
72.00000000000	1261277
73.00000000000	1393445
74.00000000000	199352
75.00000000000	1468666
76.00000000000	1750225
77.00000000000	1455541
78.00000000000	1752599
79.00000000000	1525866
80.00000000000	198874
81.00000000000	613409
82.00000000000	1560349
83.00000000000	865265
84.00000000000	1575953
85.00000000000	1368607
86.00000000000	198814
87.00000000000	1160570
88.00000000000	1070246
89.00000000000	1078821
90.00000000000	199064
91.00000000000	606421
92.00000000000	600410
93.00000000000	836476
94.00000000000	690392
95.00000000000	198730
96.00000000000	892531
97.00000000000	210137
98.00000000000	729240
99.00000000000	871379
100.00000000000	684533
101.00000000000	199066
102.00000000000	707057
103.00000000000	779762
104.00000000000	659155
105.00000000000	198768
106.00000000000	635394
107.00000000000	795494
108.00000000000	780245
109.00000000000	15094
110.00000000000	17188
111.00000000000	813677
