1.20314908028	418363
1.20369505882	199331
1.88556599617	366297
1.88844895363	446796
2.92316174507	410553
2.92600083351	468292
2.93159866333	279399
2.93232464790	198809
3.58606362343	439733
4.18490052223	246705
4.18682050705	198894
4.19300866127	145718
4.68588066101	191250
4.68931555748	153055
4.69010663033	199214
5.35641860962	171759
6.45934677124	971929
7.06969475746	499488
7.06980681419	198754
8.34530878067	489927
9.41141867638	523436
10.23004364967	753484
10.23013162613	199248
10.96895360947	805153
12.84012055397	878021
13.14498353004	112947
13.19081568718	961024
14.55020070076	597892
17.98324155807	1661819
18.90809059143	1954810
18.90819740295	382744
21.66367053986	1653567
24.10108852386	1846961
25.23174667358	1674856
28.70566058159	1745237
28.91962862015	1772552
32.99516344070	1726405
33.08923745155	1604918
36.35369729996	1813869
37.04261612892	1627480
39.61509013176	386304
40.40341615677	1161325
42.46306109428	1010992
42.85251116753	1732460
44.70193815231	1248633
45.57488512993	1489571
48.88050103188	1408926
50.32710099220	1546229
50.52484202385	1629187
51.44502210617	898076
53.17642307281	391777
53.69359302521	734769
54.77010703087	986427
55.19496011734	851961
56.24847221375	198542
56.66863942146	1242126
56.67797446251	1192415
58.95896840096	866273
59.66806435585	1655022
59.76497125626	199309
60.05155539513	1198665
61.95501542091	953508
61.98692941666	985064
62.32067346573	1123459
62.47396135330	831628
62.69163846970	660336
63.11942267418	198825
63.61547470093	525232
64.45375084877	673410
65.47140789032	592881
66.42628192902	198799
66.84301614761	858088
67.04106402397	959807
69.53455996513	958772
70.07291388512	152190
70.33080887794	1474271
71.16131472588	152064
71.26124763489	1556802
72.73731374741	163346
73.96573257446	953041
74.66330742836	1282930
75.06581044197	809608
75.61251854897	198762
76.18646645546	1200264
76.35015845299	1176287
77.55741739273	845607
78.14690637589	108059
78.86319041252	109824
79.58793234825	111232
80.10384941101	198646
80.72820425034	2403915
81.96550440788	1439524
83.42225241661	888828
83.55748629570	1156955
85.32694315910	969040
85.73402404785	199303
87.45941686630	1061254
87.50436186790	820027
88.09073901176	828785
