1.46281886101	363755
1.87408995628	227885
1.87508916855	391657
1.88103103638	455440
1.99486804008	173756
1.99617099762	279705
2.00565195084	114561
2.01146388054	198354
2.97188305855	192974
3.19203996658	198895
3.19275116920	125144
3.61555027962	129491
4.39781236649	154856
4.56811428070	186369
4.58233928680	199214
6.59680533409	198754
7.15041542053	490734
7.61874341965	498823
7.61904025078	233316
8.75930523872	302261
9.88647723198	401288
10.29751610756	309473
10.81708216667	224927
10.81726717949	199251
11.37174916267	178362
11.78218030930	279745
12.26470136642	284708
12.26562237740	198696
13.43762826920	295639
13.43773531914	1142510
13.50652933121	1316011
13.50663042068	198701
19.18248558044	1144496
20.37905263901	1298921
24.16083669662	1080312
26.19533872604	1187474
29.77548861504	1221577
29.77587151527	199333
30.46757745743	1113695
32.72048330307	1152258
35.06260418892	1234768
37.72627019882	1119395
38.33973908424	1222404
39.18943905830	882344
42.00908303261	788712
42.29760718346	649968
43.05860924721	907358
43.62881708145	1050489
43.98690104485	139951
44.62978911400	118617
45.30404305458	221890
46.02929711342	552542
46.36581707001	187264
46.69579315186	188672
46.76458120346	146048
46.82524824142	1164145
47.38474011421	196316
48.41815996170	197120
49.32877707481	746826
49.93008518219	196316
50.53991913795	248355
51.62651705742	198542
51.98119902611	322063
52.58307003975	200541
53.07738494873	404699
53.66411495209	201344
54.19741010666	204160
54.75481009483	202752
55.29372906685	205568
55.85571694374	204160
58.49529981613	414525
60.22547984123	808938
60.78460884094	853696
61.35863375664	866653
61.36196374893	417104
62.36358284950	182630
62.36368393898	199311
63.31379604340	1391115
63.93646287918	345825
64.31852197647	1472254
64.61512899399	169366
65.35502004623	107008
65.36025404930	213213
65.90228605270	198826
65.91561508179	102784
66.58055591583	112309
66.59763288498	335688
67.10347104073	349184
67.34442901611	220701
67.87244319916	113693
68.68018698692	115456
69.49691915512	116864
70.32305717468	118272
70.32951331139	119680
70.89477014542	304880
71.53096914291	738072
72.11156105995	375842
72.12177300453	970280
72.68184304237	125438
76.72214198112	371712
78.05836701393	1068680
78.25182795525	1556831
79.61189675331	277500
80.47012877464	140800
80.98864078522	442112
81.32475280762	142208
81.51816272736	143616
81.96345686913	1282930
82.21407580376	527509
82.22752165794	329442
84.15685963631	248915
84.50117158890	443165
84.72287273407	930814
85.31645584106	139981
88.55837583542	757098
89.18343091011	1118885
92.41567778587	1176316
97.38669371605	198645
98.95530176163	1217945
100.58633375168	1349795
101.16542387009	109471
101.70654892921	2191092
102.01672577858	111232
102.56438994408	111232
102.87769293785	112640
103.43591284752	112640
103.75344491005	114048
104.31735181808	114048
104.62870883942	115456
104.95079088211	969041
105.57232689857	116989
106.12071299553	283131
106.47628998756	118272
107.02612996101	143616
107.38957190514	119680
107.94097399712	145024
108.30912590027	121088
108.63768792152	199304
