1.10494303703	199362
2.32248711586	334252
2.78423023224	235656
2.78763723373	198543
2.78888726234	358375
2.78997802734	279400
2.79145288467	199308
3.61486792564	192973
3.61529397964	198894
3.61787891388	125145
4.50087499619	129493
4.54617786407	154857
4.54867792130	186370
4.54941391945	199213
6.10778498650	490734
6.60907983780	498823
6.60925698280	198753
6.77249288559	362905
9.42799401283	489927
9.44369697571	660336
10.73632597923	335602
11.30318498611	467823
12.18776583672	372496
12.18786764145	483413
12.21375775337	490360
12.21421575546	394553
12.21431779861	426303
15.70861268044	1316012
17.20337557793	1142508
20.46697068214	1144499
23.06628751755	1298922
29.02414846420	1772554
29.02428746223	387603
30.07073450089	1604917
36.03390049934	1726403
37.69187736511	1813868
42.43278145790	1627479
42.43288040161	198809
45.14245629311	1732460
47.65238738060	1248634
50.06284618378	1161324
50.06296324730	198619
50.53636622429	1010989
53.96757721901	1489570
55.07607722282	1546227
57.09476017952	1629186
60.35572504997	986427
60.45507597923	732766
60.45798206329	1408924
63.71412014961	851959
66.84973406792	734770
68.07143998146	198543
68.40429496765	1192416
70.89968299866	756899
71.62226510048	1242126
71.93049907684	808939
72.47721195221	1080310
72.56691193581	113694
73.81533098221	1187474
74.52574801445	831630
76.11783289909	1084970
77.87886071205	866272
78.20783281326	985063
79.12049078941	165789
79.32086682320	953510
79.57143878937	396155
81.48533463478	304598
81.69884562492	673409
83.01098752022	525232
85.31712770462	198797
87.18530082703	959806
87.53838086128	858088
88.08797383308	1287526
88.43311905861	199120
88.43517017365	2768278
92.05486822128	1016917
92.28557515144	2415576
92.85223507881	225510
93.47803211212	1200263
93.77409315109	857651
94.40664410591	108063
94.84626722336	1035333
95.64994120598	116864
97.21849513054	1176288
97.85612010956	1439524
99.51540422440	1217946
101.66000723839	1175797
102.09095716476	969040
102.12500715256	1156953
103.42101120949	297212
104.31686615944	150656
105.22664809227	152064
105.73405122757	199305
106.53204631805	220095
107.20226335526	894056
107.64571332932	884138
