0.00084495544	279398
0.09617495537	149318
0.09638595581	198696
0.37050175667	466664
0.37069082260	198699
0.61056470871	389271
0.61290979385	390474
0.61369776726	199331
0.61448383331	341879
0.88198876381	584058
1.26906275749	804062
1.93833374977	1221577
2.60613465309	1604917
3.29246377945	776035
3.29258775711	795028
3.29552960396	198894
3.83197355270	580304
3.85791254044	639793
4.02717852592	182206
4.37430548668	373898
4.37436437607	199214
4.40783858299	836476
5.62994742393	1383599
5.77311635017	1608455
5.77323150635	198755
6.27613043785	698700
6.47700953484	798279
7.15140151978	1099799
7.16131758690	753483
7.57915043831	523433
7.57941150665	199250
7.75634956360	805152
8.42003345490	961023
8.53506231308	112946
8.53711128235	878022
8.53730726242	198696
9.04571723938	597893
10.23497724533	1954809
10.41680741310	1661820
10.41710329056	198699
11.64434123039	1653567
12.02691626549	1846960
13.14802932739	1674854
13.57900524139	1060086
14.63461327553	1604917
15.26857709885	2411558
16.33281111717	1813867
16.54668498039	198808
16.80566191673	1627479
17.72612810135	1951600
18.07950496674	1248635
18.14360904694	1732459
18.22095012665	198619
19.21592497826	1010991
19.71816587448	1489570
20.48089003563	1161325
20.73502016068	1546229
21.04267811775	199361
21.04552292824	1408925
22.06022477150	986426
22.34106373787	1629185
22.93301653862	851958
23.02719354630	898076
23.03490757942	734771
23.10211157799	198539
24.09032177925	853694
24.19968485832	1242128
24.29350996017	199310
24.99782514572	808939
25.28413009644	831629
25.30117917061	1192417
25.80168914795	866272
26.05036616325	198827
26.41261720657	1198664
27.04545927048	953508
27.09020519257	592884
27.10199928284	985067
27.46553826332	525232
27.60121822357	198800
27.74926924706	673411
28.43223309517	958771
28.70118808746	199119
28.71904110909	959805
29.07329511642	858089
30.23526024818	1556803
30.31658434868	1474272
31.37428641319	1194119
31.38223433495	953039
31.46344137192	1282930
31.75540828705	198762
32.78419327736	1200265
36.70108723640	1035332
40.80416536331	1176287
40.80490136147	1016915
44.71553945541	1451411
48.64784741402	1439523
