0.42504787445	440075
1.26099991798	151707
1.26228475571	113019
2.15897488594	228450
3.55662202835	149876
3.84571003914	146136
3.84576201439	202268
3.85106086731	183577
4.73361682892	180045
5.79138875008	102386
5.79324984550	144345
7.38118362427	111964
8.85009050369	138040
9.11609649658	256650
9.85641050339	160512
10.37198448181	217691
11.35804748535	195589
11.72554945946	169927
11.91606235504	173484
12.50774335861	377282
14.54942417145	156287
18.90702605247	332100
19.10485696793	392940
19.58558082581	136576
20.23902487755	131894
20.42685866356	145024
20.61647057533	242855
21.27751350403	303643
21.80559062958	373899
21.82260560989	322857
22.14506173134	183577
22.86967277527	124474
23.36861276627	254158
23.86939978600	102958
24.43936657906	310048
24.91253352165	380814
25.78938150406	621813
26.07528257370	123601
26.51728963852	563823
26.74236273766	111232
27.30132865906	159406
28.02717566490	334683
28.32263064384	191685
29.23375463486	126720
29.43564462662	185501
30.56176662445	161753
30.57379770279	127774
31.04783487320	194924
31.22347378731	156382
32.11986684799	250937
32.64501667023	208969
33.00851249695	182017
33.29956436157	309876
34.36576437950	137769
34.91588044167	151229
35.21474051476	128838
35.92820358276	354644
36.21637773514	124957
36.22890377045	122862
36.40243482590	223515
36.98191070557	344531
37.48538661003	157557
38.25365161896	116864
38.80245971680	169464
38.80726051331	208660
39.26303744316	225635
39.63642144203	336301
39.89227342606	109824
