0.67390680313	198738
3.94062161446	893791
4.52640366554	245567
4.52797269821	453638
4.52882766724	198877
5.06684684753	132611
5.06804585457	256671
6.29265069962	198982
6.29278373718	200423
6.29558467865	198721
6.70125079155	162011
7.52130174637	272120
7.52418470383	198777
11.43595385551	1039573
11.43651866913	374225
12.58171963692	307013
13.26212263107	291236
13.26278448105	198850
15.79894447327	893488
15.79906153679	198612
18.93143558502	3440628
22.91125178337	1463395
26.51820468903	1512281
26.51970076561	191681
26.52140283585	198720
29.18529891968	323992
32.74574279785	1566605
32.74844956398	1056632
35.60497140884	476001
36.95247149467	395514
41.34380650520	1571781
43.62165546417	3023429
44.79427742958	1206620
44.79437446594	198738
54.26510739326	1730690
55.26840543747	3337064
55.27133345604	198877
60.57357263565	155454
60.89493060112	1658095
61.84186959267	1531871
72.15645456314	852928
73.27512860298	3811975
82.00049352646	2564749
92.64228248596	2312748
92.64267563820	379752
93.19209074974	176606
93.21957874298	1997466
93.86764359474	1586611
93.88944172859	199583
94.22150874138	823485
97.24367570877	919128
100.50767278671	919128
102.23762869835	358431
103.18181967735	1678336
104.05765151978	121250
104.95526051521	122496
106.43090558052	1116910
107.34965753555	375936
108.25683069229	128128
110.32486462593	212609
110.93686056137	157812
110.97834253311	132479
111.03859353065	133760
111.16811132431	135168
111.54673337936	1968469
111.62075042725	274560
111.69820451736	139392
112.72381639481	140800
116.35527539253	1741395
117.79374837875	229792
118.08469152451	1050805
121.46207857132	1838256
124.86064767838	2789566
125.93750452995	168664
127.03504872322	170368
128.14323472977	171776
130.73420071602	230795
131.74414873123	951512
154.96370077133	2011142
