1	196027
2	219133
3	196707
4	196055
5	552414
6	150855
7	187691
8	898949
9	1091853
10	921893
11	195892
12	914402
13	1040908
14	196038
15	1019512
16	920649
17	1063540
18	990078
19	750513
20	479275
21	690944
22	844722
23	576963
24	378213
25	372594
26	629459
27	754406
28	506909
29	406187
30	196430
31	336312
32	245952
33	196076
34	624719
35	291274
36	584002
37	196184
38	625608
39	196595
40	659160
41	688508
42	372041
43	196001
44	741012
45	618022
46	349093
47	541597
48	431460
49	196282
50	735403
51	520646
52	432657
53	196287
54	536399
55	721221
56	542901
57	536433
58	572354
59	849456
60	653126
61	196268
62	509025
63	495862
64	519474
65	321057
66	282421
67	196793
68	1146016
69	956322
70	1078214
71	923505
72	195911
73	905055
74	807170
75	545509
76	195961
77	948172
78	889051
79	782546
80	835501
81	694562
82	196821
83	790013
84	776528
