0.0111969	5055
0.0156317	3635
0.0164108	3635
0.0193720	3635
0.0220640	3635
0.0260432	3363
0.0261300	5115
0.0878530	5149
0.0882809	43367
0.1107349	5134
0.2089629	2559
0.3116100	37113
0.3125639	37115
0.3426778	198820
0.3709817	5126
0.7497318	303688
0.9701438	227161
0.9751627	250238
0.9846766	31925
1.0246856	7765
1.0735626	2264
1.0874486	171566
1.0875566	198976
1.0965407	2422
1.1084256	161448
1.1177096	37113
1.4168665	260572
1.4184425	37116
1.8666315	37115
1.8667934	240648
2.0337493	436258
2.0338304	198793
2.5618315	395395
2.5628066	395853
2.5641146	37115
2.5760868	37115
2.5762777	2263
2.6317658	3473
2.8956647	898786
2.8965197	37114
2.8972297	198635
2.9743607	585030
3.1520488	701570
3.1535399	199235
3.3197610	1022863
3.3202078	37114
4.7746458	1815088
4.8689957	5058
5.5048606	2249893
5.5053327	37115
6.0795467	2301596
6.1160817	1857228
6.3052208	2506710
7.9928088	1829297
7.9938908	20283
8.0513759	377317
8.0518177	72250
8.3358848	198820
9.4440258	867243
9.9384577	606234
9.9475389	786143
10.8150179	531630
10.8155959	503912
10.8193247	198976
11.8069267	775061
12.6106927	878777
12.6914797	841871
12.6915596	198793
13.4179425	882329
14.6512015	773923
15.8294303	1859129
15.8296285	32956
15.8758276	1370578
16.3761976	4798
18.6681485	2363565
18.8045886	4406205
19.0095296	2909316
19.0096867	364914
20.0396688	2601189
20.1351018	2301596
22.7747388	1063630
23.6017358	1829297
23.6019039	198858
25.4385250	2779049
25.4387739	1054455
25.4761820	198742
26.1685221	126366
26.8143871	939853
27.3184021	606234
27.3272600	786143
27.9580021	531630
27.9600410	198820
28.0501931	503912
28.7776172	775061
28.8066802	841871
28.9952130	878777
28.9952891	198793
29.5329542	773923
29.6876264	882329
31.5905774	1386392
31.5910704	9020
32.0200565	1170024
32.3944504	4954
32.4999206	1370578
32.7303147	4051
32.7314997	7330
32.7320237	2263
35.0208519	2363565
35.5670278	2674326
35.9522448	5066
38.4273586	2301596
38.4278927	388850
39.1235728	3003795
41.2427728	4798
41.3088779	1052366
41.3272557	4331180
41.3278987	198858
42.1647987	2790313
45.6276157	2666149
45.8946257	1987663
45.8947737	198742
50.0428197	3072222
50.2235947	2948904
52.0117896	1576087
53.4706497	1862463
55.5417619	3396192
55.5423427	199145
55.8232906	3865625
56.0506794	4620589
56.0533314	199029
56.0661135	2796956
58.8010874	1758929
60.3392415	2279411
60.3542295	1338952
60.3577495	199001
63.2001843	1825158
64.9261043	2615948
65.9619493	1682749
66.4855924	198747
66.7010314	1636487
68.2774875	1222822
68.4280734	1228021
68.4284475	25919
