0.30853414536	387178
0.30862808228	196161
0.57587909698	411840
0.58076500893	429207
0.73435997963	407981
0.73441100121	196131
0.88192605972	417388
0.89809894562	395282
0.89836311340	196452
1.54682517052	1050072
1.74735617638	893795
2.06918120384	788672
2.06952309608	196256
2.48849105835	876358
2.48858904839	310707
2.48924803734	196351
2.88663101196	482181
2.91508316994	425622
3.37879824638	661455
3.84098505974	1043315
3.84120106697	196504
4.16806197166	945406
4.70751309395	647890
4.73479604721	1019263
4.73489212990	196174
5.72378516197	1202810
6.13836121559	1525900
6.67528414726	1211178
7.38620400429	1469432
7.83886790276	1493450
7.83943486214	196761
8.68710184097	1402435
8.99874567986	1429987
8.99887061119	1353649
9.31544446945	1488788
9.31588363647	196161
9.50846052170	1344210
10.61702847481	2859356
10.62796235085	1376907
11.76790022850	1281840
11.83103513718	191907
11.83666825294	1479649
12.70449805260	893795
12.93250298500	1376892
13.39736008644	788672
13.40608906746	452237
13.58855891228	196256
13.86585879326	625688
14.12392258644	580836
14.37604975700	513324
14.42213058472	349245
14.51928162575	195804
14.94728255272	493562
15.35909867287	875558
15.37090277672	1241728
15.41311287880	614431
16.15399003029	196702
16.15623211861	925726
16.19345831871	842342
16.71152234077	661259
16.80824112892	702090
17.02290916443	195917
17.28959608078	456301
17.29692196846	576877
17.56045103073	586601
17.77644300461	196718
18.04497694969	778370
18.60507702827	891766
18.88273692131	809695
19.12706971169	795299
19.38804864883	810869
19.60935068130	196156
19.65023469925	890703
20.54002285004	1020302
20.84252285957	1096627
21.59170293808	1043866
21.62067675591	1059692
21.91382169724	1139408
21.94647359848	195999
22.54687047005	1004792
22.79390335083	196735
23.06572437286	1133000
23.72218132019	997178
23.77627229691	684731
24.39599537849	601646
24.44786524773	1179556
24.45552039146	677147
26.05513834953	921278
26.05563545227	1028386
30.07334852219	1235671
34.09964251518	1524277
34.09989953041	195906
38.13504648209	2679347
42.20053243637	1463576
46.28715133667	1567042
47.83731436729	179640
47.83835959435	627637
47.97273850441	886398
