0.33752298355	196452
0.85955095291	130484
0.88912892342	170718
0.89154601097	196257
0.89188694954	245694
1.38402080536	128753
1.39013886452	131856
1.39133977890	195806
1.67782068253	140308
2.28941082954	275287
2.95093679428	315865
3.56773996353	148293
3.58850002289	174672
3.58869314194	388057
4.37348294258	311559
4.81995010376	476957
6.19857811928	590883
6.86416697502	708006
7.51250600815	494905
7.51324510574	196174
9.16661500931	822297
11.68983006477	1525900
11.68992209435	1211176
14.78185915947	1469433
15.53650617599	1493452
18.58257102966	1402437
19.40800285339	1429988
22.10174393654	1353649
23.09005212784	1488788
23.09051299095	388127
25.88675904274	1361755
26.80457210541	1344211
29.64615106583	1505219
29.64626193047	196132
30.31934285164	1376911
33.78091669083	1479650
33.85334968567	1281842
36.70587587357	1050070
36.95475482941	1376891
37.83660888672	224613
38.04165291786	788672
38.12540698051	893794
39.30304288864	452234
39.88500189781	625690
39.89842510223	121060
40.13089418411	580837
40.69488310814	195806
40.78874731064	513323
42.07914519310	493562
43.29822707176	875558
43.57085609436	614430
44.16959095001	196702
45.05136299133	323329
45.43792486191	925728
45.70904278755	842340
47.26179385185	661258
47.97831583023	702090
48.59843993187	195917
48.75256180763	576875
49.77784299850	416303
50.21871900558	586600
50.85524082184	196717
51.02910685539	795299
53.34647083282	891766
53.51191568375	809695
55.01485276222	179642
55.05948162079	810868
55.31619071960	890705
55.98028874397	196156
56.37331676483	778371
56.37346577644	1043866
57.22757387161	1020300
59.56099987030	1059691
60.26015186310	195999
60.49345707893	1139405
63.15874409676	1004793
63.68682289124	951956
64.06398487091	1133000
64.94498491287	181277
65.00184392929	1047478
65.29281401634	132077
65.52838802338	997178
67.35505485535	601647
67.53708696365	677148
68.27640604973	196155
69.27552986145	592161
69.99119877815	102429
70.95373582840	921276
71.70679378510	195905
72.79897880554	2064636
73.47065877914	283810
74.58310866356	189561
74.69859361649	1049514
75.38420462608	285376
75.87773466110	573354
77.02667975426	477022
77.16289877892	1133242
77.79685568810	211628
77.80884265900	118397
78.59933567047	196467
78.77433347702	1048652
79.47742462158	292258
80.12090158463	470337
80.38241958618	122668
81.35667753220	594207
82.02927350998	432390
82.58000159264	298551
