1.29432106018	158090
2.14755725861	195917
4.01485109329	178940
4.01748204231	196718
4.26826405525	187706
4.47823619843	196349
4.47831702232	196504
4.71524810791	196174
5.29505991936	175191
6.06823611259	114172
7.80804300308	116022
9.20736503601	293846
12.39612412453	269296
12.56373715401	275575
12.86606621742	130590
13.23614239693	146916
14.85699844360	136688
15.61568140984	207425
15.83318734169	156288
16.34493637085	153118
16.85659933090	124689
17.47928643227	312276
23.05210351944	601647
24.19506239891	361245
28.37691855431	392136
29.32570362091	335208
29.32608246803	196453
30.04767632484	292630
30.27554035187	245696
30.59667921066	170721
31.60490322113	210741
32.46728825569	131856
33.01948022842	152982
33.28705525398	275286
33.51646828651	106077
33.63300418854	139214
34.08261537552	161564
34.40493321419	196701
35.06076431274	138971
36.04980039597	104192
36.46471333504	194243
36.85817432404	186061
37.02024745941	170014
37.16421556473	127774
39.50600147247	154344
40.04314851761	274416
43.62394762039	229317
44.08112859726	261858
45.05039262772	167446
45.06003761292	101950
45.08799767494	308206
45.33790159225	381033
45.74565267563	130588
46.50371170044	161007
47.03127384186	179466
47.34674072266	125312
47.40096664429	251856
47.97804665565	256290
48.50595068932	116864
49.00062680244	341930
49.34697771072	105972
49.42139363289	516767
49.44430541992	175733
