1.18922901154	195916
1.43900299072	194243
2.10154414177	158183
2.10704994202	186006
3.28067708015	155278
3.28169417381	179642
3.95746731758	187981
3.95795011520	196715
4.28387618065	103326
4.28416824341	196349
5.15646934509	102494
5.76192641258	130430
6.27759242058	126144
7.15087938309	122020
7.40036249161	119844
8.97332549095	196175
9.80312442780	236025
12.20903730392	444537
13.32767629623	343219
15.88580822945	431693
17.05328226089	440989
17.05393242836	196762
17.07420039177	413571
21.43360543251	646258
22.37993359566	611267
26.99574255943	657154
26.99590373039	116740
27.26288771629	588471
29.23446679115	624300
29.44948387146	634786
30.04891467094	102428
30.24285769463	102784
30.42429184914	104192
30.62006378174	105600
30.82147789001	107008
30.83317780495	633356
35.98974561691	592352
35.99338150024	627638
39.79995155334	439629
39.94912767410	514644
40.50744581223	119804
40.92005395889	385838
41.44312381744	192700
42.20857977867	275686
42.48457884789	196400
42.80645489693	213577
43.03242707253	135294
43.59636092186	142208
43.92771387100	159499
44.19915890694	196503
44.58641791344	140055
44.91775608063	153116
45.43658328056	663507
45.89213228226	149782
45.95890331268	336807
46.39182043076	414167
47.50676941872	248010
48.14757442474	284512
48.56871652603	523456
49.16174554825	103837
49.79252958298	321024
50.52262067795	159159
51.08586764336	110875
51.43155169487	578509
52.09771680832	539051
52.71021890640	178816
52.86062097549	223017
53.52167081833	692555
53.78219890594	291456
54.50476598740	727879
55.05559897423	204160
55.72704291344	153342
56.41322994232	438669
56.82688212395	605036
57.29713225365	283008
57.45074510574	459864
58.11423301697	856564
58.57867383957	280721
58.69747591019	636133
59.22590780258	106653
59.63827085495	155932
59.98673987389	108416
60.31531882286	109824
60.85977482796	223872
61.37461686134	151854
62.01355099678	184278
62.43484306335	492308
62.73792910576	498438
63.01788210869	116864
63.31386613846	101376
63.61559915543	102784
64.36875510216	848186
64.93648624420	209792
65.33153510094	485380
65.99200320244	131492
67.06813311577	167552
67.43233609200	136220
68.03847908974	975601
68.64891409874	119802
69.43473720551	101376
72.58552622795	196172
