1	196026
2	495179
3	196504
4	153776
5	113283
6	273795
7	183169
8	149954
9	181065
10	171273
11	196121
12	210160
13	214859
14	196112
15	456039
16	154784
17	103467
18	222017
19	261446
20	222875
21	109780
22	577713
23	196189
24	1044069
25	989345
26	196370
27	295708
28	196274
29	189348
30	403155
31	192323
32	258322
33	661740
34	1088600
35	263081
36	196052
37	587757
38	196559
39	235944
40	411917
41	481921
42	181065
43	341251
44	171273
45	214859
46	210160
47	456039
48	109809
49	331967
50	222017
51	196585
52	261446
53	172038
54	103467
55	423131
56	505873
57	177546
58	239707
59	250146
60	118069
61	143265
62	196503
63	1257862
64	300199
65	113685
66	447170
67	849761
68	117024
69	605694
70	125996
71	196017
72	196601
73	856911
74	534278
75	166974
76	1372210
77	529696
78	1315251
79	391889
80	195692
81	656271
82	542949
83	159068
84	130826
85	217884
86	172038
87	277501
88	196825
89	349285
90	196286
