0.28920602798	196693
0.47499608994	501257
0.83948516846	298931
0.84218907356	195965
1.93883299828	710491
1.93991398811	178231
1.94361186028	196109
1.94432067871	214477
2.65617680550	196219
3.40042781830	489517
3.40132260323	196709
3.41715550423	363579
3.77500844002	196131
3.82894134521	196065
4.30678629875	280309
4.94933128357	217740
7.66522431374	2025734
7.66800212860	665628
7.67364716530	196693
8.67136120796	411511
9.33375835419	302338
10.35185647011	433500
10.35228538513	195965
12.71127533913	1650872
12.71362328529	1131373
13.08241724968	224200
14.62176012993	1165797
14.62408232689	196108
16.24261546135	955506
16.24282836914	390687
18.20632243156	1098748
18.61716341972	246475
19.12416338921	890393
19.12704229355	289466
19.13277840614	196130
19.55354547501	132012
19.70460844040	306753
19.78152656555	196392
19.93858742714	102403
19.99349951744	111857
20.40353465080	189581
20.69683265686	119560
20.76176166534	196378
21.23528957367	203613
21.45404767990	121901
21.76684379578	125386
21.81389069557	131581
22.10745763779	111040
22.39634060860	104538
22.50258755684	196090
22.68255853653	137125
23.19061636925	144973
23.24167442322	196382
24.13127827644	458886
24.19941639900	1640489
24.38671946526	115035
24.52345538139	106538
24.98829936981	237911
25.08782148361	196098
25.55944943428	210723
26.04087829590	561547
26.06985044479	214237
26.38786458969	375775
26.42039370537	124294
26.54557275772	114949
26.88093280792	196088
27.41208577156	165896
27.49687671661	463400
27.56515884399	165352
27.75481796265	162067
28.08853697777	196606
28.26933002472	257118
29.21186995506	196187
30.24375391006	577713
30.79664897919	1044069
31.02593088150	196076
31.62616991997	295708
31.84571695328	189348
32.72028493881	989345
34.39757394791	196444
37.14733409882	258323
39.32181406021	922839
