0.44383597374	147856
2.60977578163	698353
2.61433696747	196391
2.62240982056	196132
2.62279200554	178230
2.80067610741	196377
2.85147309303	179767
4.47040510178	196220
5.71472215652	363579
5.78286623955	196711
5.78675007820	489518
6.42126011848	142118
6.61132502556	196130
6.75342702866	190507
8.35108494759	217740
14.16607499123	2025706
14.16893291473	665630
14.16975975037	196692
15.88042974472	1131373
15.88318586349	195963
15.94432687759	676668
15.94701790810	433502
15.94754886627	196109
19.54899382591	1165797
19.54942893982	203031
19.55175399780	1846339
19.55187892914	955507
22.64114999771	1948708
22.64688682556	196677
23.46910095215	246477
24.74839186668	306753
24.84722805023	132013
25.15663194656	201762
26.24611115456	368800
26.24909210205	196391
27.38970327377	102403
28.27875113487	1640488
28.34159111977	111858
29.07492303848	119561
29.15718102455	196377
29.31669306755	189580
29.73780417442	121901
30.46086907387	203614
30.46187186241	125386
30.53143167496	131581
30.84634065628	196090
31.08123564720	111040
31.49894070625	104534
31.67324280739	137126
31.68854689598	144971
32.86230301857	115036
33.01645588875	458885
33.68683099747	196382
33.75602698326	106537
34.72501993179	127772
34.99149179459	196101
35.03297472000	561545
35.87621188164	210720
36.53329086304	124296
36.88423085213	214234
37.71415781975	375777
37.80169367790	114948
37.92191362381	196087
38.35711455345	165896
38.55751657486	162068
39.32614350319	178460
39.70364761353	463400
39.94974780083	257117
40.74573373795	184093
41.26300859451	196186
42.30015659332	434717
42.78108859062	587136
43.26074957848	102784
43.75490975380	989345
44.76738381386	170055
45.07055473328	295707
45.29019975662	189349
45.29447579384	106654
45.53581762314	109469
45.95575165749	403153
46.35186553001	101021
46.60311055183	110878
47.26838850975	102784
47.52242064476	112640
47.52969455719	114048
48.15276265144	661740
48.15629243851	103835
48.68422031403	173787
49.23725438118	232320
49.94135022163	106652
50.46636843681	353408
50.90530443192	108416
51.46368646622	178014
51.89449143410	110771
52.23976039886	518714
52.94258141518	124029
53.28929543495	196643
