0.17360496521	135435
0.47354006767	153573
0.76607394218	142432
0.91969394684	134677
1.08465385437	308385
1.08903193474	199577
1.32592272758	198523
1.32600474358	114148
1.32727193832	198525
1.33171486855	122163
2.04174089432	384654
2.04619598389	350358
2.57144880295	100499
2.68480277061	107249
2.79388594627	415456
2.79716777802	198982
2.79837775230	182595
2.80655980110	229215
2.92304992676	149633
3.83275485039	402096
3.83306574821	199240
4.04789066315	131191
4.30973768234	198785
4.75057053566	317479
5.04079961777	209732
5.04090261459	199185
7.38333868980	1774231
7.38607764244	198790
9.21717548370	1248056
9.21743845940	309318
9.21753048897	7497304
11.66256642342	2073446
11.66575431824	198765
11.66588640213	238399
16.35142326355	2785191
22.59219241142	3630385
22.59230232239	199165
28.38240122795	4383001
28.38559126854	198799
28.38596320152	3080864
28.38883924484	2898194
31.81942820549	8023816
36.55845618248	4305926
36.56152820587	895345
36.56812620163	198527
38.36231422424	125302
39.35323309898	2897185
40.91744399071	2006577
45.04235005379	3571361
45.04443693161	199577
46.15306901932	3682907
47.20269393921	236678
50.63016891479	1527900
51.84133505821	1420465
51.84144902229	198523
54.31826114655	4338340
57.83530616760	1734767
57.83539915085	199119
61.34261417389	1068944
63.45593214035	3863256
63.45967221260	198752
64.66390919685	201468
66.48526620865	2912848
67.28922033310	1153372
68.86213636398	472272
68.91285443306	1015212
69.80877757072	2354465
70.57280564308	403661
71.44702768326	714430
72.03985166550	199093
72.85998678207	662388
73.15800380707	501720
74.20191502571	291445
75.91205406189	1005648
76.18755507469	1193642
76.57850408554	878929
77.40219712257	198911
77.99956512451	103838
78.71968817711	105600
78.97171616554	959823
79.89543628693	215424
81.21351122856	1803723
81.85603237152	198855
82.66715049744	1269152
83.41898441315	222464
84.08688926697	901274
84.36554527283	173282
85.11810445786	198920
88.79792737961	1049471
89.48880457878	232800
89.95153856277	1626013
90.60566759109	129663
91.13928461075	362464
92.07586359978	263296
92.44311165810	3405366
93.14402770996	199054
93.38740468025	268928
94.21440362930	136576
94.87752962112	1045375
94.88676667213	137984
95.48638176918	241854
96.17649269104	1216567
96.86536574364	199011
101.34115171432	1725862
101.52892470360	1077014
101.80375361443	1906400
102.09739065170	149374
102.98154759407	150656
103.50886559486	618229
103.78432273865	152064
