0.08071184158	198797
0.49271178246	134355
0.70813274384	114172
0.74179458618	186400
0.74251365662	198527
1.03673362732	227471
1.04021668434	498477
1.74222660065	452359
1.74446082115	202905
1.75871181488	259067
1.89340686798	115007
1.92669987679	317600
2.58647990227	199577
2.58737397194	157410
2.59047675133	288324
2.71471571922	100499
2.80188989639	107250
3.22153186798	333390
3.31722879410	102351
3.31998491287	289243
3.39543271065	129185
3.70564985275	122058
3.71914863586	149043
3.94464659691	137458
3.98636150360	351278
4.04488158226	232917
4.06036448479	198982
5.15507054329	780637
5.15649652481	199238
5.61092257500	378289
5.61620450020	198785
6.29676842690	626359
6.46486353874	209733
8.10945057869	1774232
8.11319351196	466780
8.11330342293	386140
14.54483652115	8732144
18.25318264961	1992874
18.25726151466	309317
18.25839853287	198765
21.62537860870	5216446
21.62550377846	199164
32.95232677460	7622274
32.95520162582	7247617
32.95729184151	8270648
35.11118865013	8023818
36.43697953224	895344
36.43982744217	1997436
36.43995046616	395344
37.50958752632	4836256
38.79364132881	1474836
38.79627346992	3076169
41.79084563255	1521197
41.79139566422	199577
43.00149464607	154661
43.53282070160	1527900
43.53657555580	1440785
46.20219659805	246078
47.68622279167	3571362
47.68655061722	198523
55.13386273384	3863287
58.40404367447	1734771
58.40415787697	199115
61.65664792061	1615456
63.11106586456	12284301
63.11405277252	699639
65.53120374680	1153371
65.55432677269	198752
65.93548583984	1861889
66.49064564705	2366362
67.21986961365	3520815
68.04609847069	1590824
68.32294631004	1169113
68.32612133026	662387
70.18949437141	1005652
70.35515356064	395982
72.35876965523	1710507
72.62307953835	878930
