0.00213098526	157410
0.90861177444	332606
1.19348382950	133362
1.66891169548	142433
1.67052960396	198798
2.08066368103	134677
2.63259768486	139185
2.68097352982	157753
2.68769359589	236781
2.84074568748	103183
3.78619170189	187262
4.27263879776	168556
4.27299976349	328787
4.31099486351	199239
5.48335289955	317479
5.48382592201	146812
5.90530300140	198784
6.70685291290	199188
8.82624578476	865084
8.82899880409	123772
10.72032475471	198789
15.68011474609	3695782
19.10476469994	1045061
25.66845488548	2080573
36.66142296791	4383003
36.66397595406	390350
46.98072981834	2708289
46.98121380806	1604847
46.98361897469	191723
52.91191196442	2539202
52.91466879845	617781
52.92041897774	198527
52.92071700096	411729
53.88337683678	1001753
53.90560984612	849701
54.82525682449	632190
58.00289177895	541087
58.52356767654	122389
58.52526688576	674391
60.28302097321	1463145
60.28319001198	199577
60.35069394112	586632
60.91170191765	115578
62.29427981377	198522
62.31568074226	121098
66.86958289146	1116745
66.86969685555	541867
66.89891982079	658989
72.36289477348	918050
72.36362171173	1346750
72.36491870880	199118
73.19988179207	423192
73.20196580887	198751
73.21083378792	325770
73.25746774673	478767
74.35768890381	198864
75.73616886139	380969
77.09766888618	485011
78.57418489456	403663
78.61980485916	239416
79.85912489891	199097
80.13214278221	253781
81.02725481987	187919
81.82853484154	1290385
82.69206166267	378070
82.81007361412	291442
84.13600444794	198911
86.94885754585	444700
88.93559932709	959821
89.46187424660	113695
90.10054016113	878930
90.74119830132	746170
91.63094043732	113322
92.12514543533	418301
92.62941145897	142208
93.26573729515	340794
93.84216117859	146557
94.39823198318	149374
95.09107613564	1551204
95.70641899109	133885
96.90486001968	115942
96.98933696747	338603
97.60282492638	153597
98.18585586548	271870
98.82539176941	155005
99.39253687859	277376
99.79037976265	156288
100.36197376251	140800
100.76076984406	157696
101.34479975700	142208
101.75091481209	159104
102.74563980103	160512
