1.00000000000	42347
2.00000000000	42347
3.00000000000	196837
4.00000000000	159189
5.00000000000	42348
6.00000000000	68906
7.00000000000	196029
8.00000000000	74114
9.00000000000	117118
10.00000000000	60913
11.00000000000	59079
12.00000000000	196573
13.00000000000	69590
14.00000000000	182197
15.00000000000	213186
16.00000000000	182204
17.00000000000	56440
18.00000000000	63012
19.00000000000	13918
20.00000000000	55975
21.00000000000	106579
22.00000000000	123090
23.00000000000	236701
24.00000000000	63031
25.00000000000	103190
26.00000000000	160875
27.00000000000	142371
28.00000000000	196602
29.00000000000	87284
30.00000000000	117438
31.00000000000	13246
32.00000000000	13244
33.00000000000	139037
34.00000000000	40832
35.00000000000	14080
36.00000000000	14080
37.00000000000	27504
38.00000000000	14080
39.00000000000	11264
40.00000000000	37968
41.00000000000	42812
42.00000000000	15488
43.00000000000	140865
44.00000000000	16896
45.00000000000	21120
46.00000000000	92728
47.00000000000	34363
48.00000000000	153117
49.00000000000	47872
50.00000000000	71351
51.00000000000	20284
52.00000000000	20282
53.00000000000	22528
54.00000000000	21120
55.00000000000	214171
56.00000000000	21689
57.00000000000	76032
58.00000000000	173185
59.00000000000	20655
60.00000000000	87296
61.00000000000	199141
62.00000000000	106173
63.00000000000	65341
64.00000000000	30976
65.00000000000	35200
66.00000000000	205296
67.00000000000	92574
68.00000000000	74624
69.00000000000	39424
70.00000000000	39239
71.00000000000	59012
72.00000000000	246994
73.00000000000	96797
74.00000000000	70971
75.00000000000	85053
76.00000000000	98560
77.00000000000	38016
78.00000000000	45056
79.00000000000	14030
80.00000000000	99613
81.00000000000	83072
82.00000000000	94336
83.00000000000	74741
84.00000000000	18393
85.00000000000	41406
86.00000000000	48445
87.00000000000	43648
88.00000000000	50688
89.00000000000	45056
90.00000000000	52096
91.00000000000	241292
92.00000000000	46464
93.00000000000	55485
94.00000000000	108416
95.00000000000	57728
96.00000000000	75922
97.00000000000	187798
98.00000000000	408156
99.00000000000	19863
100.00000000000	67229
101.00000000000	359588
102.00000000000	66750
103.00000000000	71452
104.00000000000	26752
105.00000000000	139392
106.00000000000	73216
107.00000000000	28160
108.00000000000	71808
109.00000000000	45074
110.00000000000	29568
111.00000000000	47351
112.00000000000	30976
113.00000000000	22528
114.00000000000	191831
115.00000000000	13927
116.00000000000	31548
117.00000000000	33792
118.00000000000	158649
119.00000000000	29568
120.00000000000	130759
121.00000000000	492245
122.00000000000	52667
123.00000000000	79422
124.00000000000	232889
125.00000000000	54912
126.00000000000	42240
127.00000000000	47872
128.00000000000	56320
129.00000000000	43648
130.00000000000	49280
131.00000000000	50688
132.00000000000	101838
133.00000000000	16688
134.00000000000	31527
135.00000000000	124957
136.00000000000	104766
137.00000000000	63360
138.00000000000	142781
139.00000000000	44200
140.00000000000	38673
141.00000000000	55484
142.00000000000	13377
143.00000000000	57728
144.00000000000	13189
145.00000000000	49854
146.00000000000	59136
147.00000000000	52096
148.00000000000	159189
149.00000000000	60188
150.00000000000	136220
151.00000000000	61952
152.00000000000	123118
153.00000000000	59809
154.00000000000	55485
155.00000000000	71453
156.00000000000	113210
157.00000000000	57728
158.00000000000	73216
159.00000000000	65821
160.00000000000	59136
161.00000000000	46604
162.00000000000	67584
163.00000000000	24744
164.00000000000	63168
165.00000000000	61596
166.00000000000	70045
167.00000000000	63360
168.00000000000	16896
169.00000000000	71808
170.00000000000	64768
171.00000000000	73216
172.00000000000	26010
173.00000000000	147280
174.00000000000	31178
175.00000000000	11264
176.00000000000	199894
177.00000000000	267004
178.00000000000	102430
179.00000000000	38016
180.00000000000	37636
181.00000000000	163404
182.00000000000	232349
183.00000000000	82236
184.00000000000	33792
185.00000000000	43648
186.00000000000	212909
187.00000000000	35200
188.00000000000	87158
189.00000000000	261530
190.00000000000	95445
191.00000000000	77013
192.00000000000	38590
193.00000000000	196540
194.00000000000	189725
195.00000000000	97152
196.00000000000	277231
197.00000000000	46840
198.00000000000	99134
199.00000000000	333546
200.00000000000	39424
201.00000000000	40832
202.00000000000	42240
203.00000000000	43648
204.00000000000	45056
205.00000000000	224138
206.00000000000	56894
207.00000000000	325386
208.00000000000	94943
209.00000000000	48445
210.00000000000	139049
211.00000000000	61597
212.00000000000	99968
213.00000000000	63360
214.00000000000	52096
215.00000000000	64768
216.00000000000	53504
217.00000000000	66176
218.00000000000	65052
219.00000000000	321924
220.00000000000	105536
221.00000000000	56891
222.00000000000	70046
223.00000000000	85888
224.00000000000	71808
225.00000000000	43648
226.00000000000	73216
227.00000000000	139377
228.00000000000	45056
229.00000000000	46464
230.00000000000	129236
231.00000000000	47872
232.00000000000	75678
233.00000000000	49280
234.00000000000	77440
235.00000000000	50688
236.00000000000	78848
237.00000000000	52096
238.00000000000	50064
239.00000000000	11264
240.00000000000	390087
241.00000000000	86940
242.00000000000	109719
243.00000000000	89756
244.00000000000	620537
245.00000000000	184448
246.00000000000	52096
247.00000000000	94336
248.00000000000	52096
249.00000000000	53504
250.00000000000	54912
251.00000000000	56320
252.00000000000	339037
253.00000000000	57728
254.00000000000	101021
255.00000000000	64768
256.00000000000	583820
257.00000000000	102784
258.00000000000	60544
259.00000000000	49280
260.00000000000	104192
261.00000000000	61952
262.00000000000	50688
263.00000000000	105600
264.00000000000	52096
265.00000000000	11553
266.00000000000	107008
267.00000000000	91163
268.00000000000	18304
269.00000000000	35200
270.00000000000	36608
271.00000000000	105007
272.00000000000	234070
273.00000000000	77440
274.00000000000	116027
275.00000000000	59136
276.00000000000	40832
277.00000000000	60544
278.00000000000	60544
279.00000000000	42240
280.00000000000	61952
281.00000000000	61952
282.00000000000	43648
283.00000000000	63360
284.00000000000	63360
285.00000000000	45056
286.00000000000	64768
287.00000000000	46464
288.00000000000	30272
289.00000000000	83717
290.00000000000	65819
291.00000000000	47036
292.00000000000	136220
293.00000000000	67584
294.00000000000	49280
