0.20261979103	213187
1.59921383858	408156
2.22786092758	359590
2.23539495468	301011
2.23583388329	196437
2.94399094582	325780
3.44402098656	189743
4.12832593918	322580
4.26557397842	191832
4.48897385597	222419
5.92568778992	498554
5.92727375031	196332
5.92992973328	255765
6.95317554474	178150
7.24643754959	350273
7.24657654762	196605
8.12410068512	333367
8.92592859268	477329
9.92020368576	433656
10.11165452003	261520
11.39103436470	400308
11.39162039757	196234
11.52962541580	407414
11.52977132797	711417
11.99965524673	889885
12.63367104530	587308
12.63410115242	196602
13.83650732040	979308
15.16770219803	629578
16.81459331512	821149
17.47919511795	638455
17.48066830635	196160
20.49855518341	1026252
20.88242220879	825719
23.15133213997	784616
23.15163016319	196017
23.22298336029	628023
25.26166939735	784034
25.79795432091	783660
27.33669543266	139518
28.63522744179	779354
28.63534355164	131095
29.57486557961	1179432
31.48464870453	422963
31.52513074875	752521
31.52794170380	116711
31.63523554802	646915
32.76730847359	196101
32.89525842667	711422
33.29025840759	204162
33.79310131073	427948
34.36102128029	569999
35.43226528168	239268
35.58402132988	196835
35.81024336815	529432
37.54308128357	420613
37.71705341339	478623
38.56522846222	316314
38.97426939011	396200
38.97709131241	549214
40.95191335678	576655
41.06750035286	583370
41.91910147667	196571
42.36329245567	491198
42.95168447495	530017
44.03133153915	474472
45.27658438683	596927
46.42103648186	530587
46.90917062759	396159
47.28452968597	196123
48.58972167969	385889
48.59586453438	610168
49.78628253937	603657
49.88585162163	184091
50.66962361336	195986
51.14191865921	217437
51.57579255104	683108
52.98437643051	416413
53.54578137398	221662
54.15755343437	539133
54.24527335167	270092
54.96755433083	196538
55.23378515244	286591
55.80147218704	224478
57.14505314827	211833
57.16565322876	479827
57.74709415436	218842
58.31364917755	456797
59.08673310280	455659
59.15797805786	220025
59.74230504036	231998
60.28180313110	195940
60.28760910034	445534
60.67333316803	233728
61.10206007957	109470
61.62466311455	196270
61.63299512863	234814
62.24334931374	227292
63.26203918457	228096
63.84902524948	343635
64.50131821632	237630
65.39943122864	433645
65.97483921051	681418
66.79861807823	119806
67.31357312202	807175
67.35187721252	122622
67.88278412819	244668
68.30393719673	123904
68.57833433151	1126041
69.36495423317	125312
69.66486120224	239360
70.43773722649	126720
71.14924335480	215287
71.25456929207	632808
71.91170930862	248893
72.55225920677	485438
72.99095225334	250624
73.97493219376	191534
74.21235013008	127587
74.39775824547	516590
74.72649312019	196052
75.15840029716	133885
75.42831611633	247484
76.27072310448	135168
