1.00000000000	42347
2.00000000000	42348
3.00000000000	504658
4.00000000000	196162
5.00000000000	371111
6.00000000000	302698
7.00000000000	320884
8.00000000000	42348
9.00000000000	196019
10.00000000000	42347
11.00000000000	265931
12.00000000000	42348
13.00000000000	42348
14.00000000000	42348
15.00000000000	630780
16.00000000000	779359
17.00000000000	196437
18.00000000000	688170
19.00000000000	422964
20.00000000000	752522
21.00000000000	398760
22.00000000000	13245
23.00000000000	646915
24.00000000000	722994
25.00000000000	196333
26.00000000000	394366
27.00000000000	368385
28.00000000000	736892
29.00000000000	659079
30.00000000000	1016817
31.00000000000	196605
32.00000000000	1006437
33.00000000000	783979
34.00000000000	675723
35.00000000000	18877
36.00000000000	941622
37.00000000000	711415
38.00000000000	889883
39.00000000000	556525
40.00000000000	587307
41.00000000000	373963
42.00000000000	505498
43.00000000000	629578
44.00000000000	821149
45.00000000000	638453
46.00000000000	196162
47.00000000000	825719
48.00000000000	1026251
49.00000000000	628023
50.00000000000	196019
51.00000000000	784619
52.00000000000	784032
53.00000000000	783660
54.00000000000	630780
55.00000000000	779359
56.00000000000	422964
57.00000000000	25918
58.00000000000	646915
59.00000000000	398760
60.00000000000	752522
61.00000000000	199252
62.00000000000	346944
63.00000000000	385524
64.00000000000	427946
65.00000000000	688170
66.00000000000	363499
67.00000000000	611068
68.00000000000	420614
69.00000000000	569997
70.00000000000	529429
71.00000000000	196836
72.00000000000	549213
73.00000000000	559835
74.00000000000	478626
75.00000000000	396203
76.00000000000	196030
77.00000000000	576656
78.00000000000	474472
79.00000000000	467242
80.00000000000	530015
81.00000000000	596926
82.00000000000	196573
83.00000000000	396158
84.00000000000	530585
85.00000000000	385887
86.00000000000	690068
87.00000000000	196122
88.00000000000	683109
89.00000000000	603657
90.00000000000	644265
91.00000000000	195987
92.00000000000	508252
93.00000000000	633850
94.00000000000	539136
95.00000000000	555273
96.00000000000	196541
97.00000000000	515744
98.00000000000	438869
99.00000000000	501321
100.00000000000	195942
101.00000000000	535174
102.00000000000	1367353
103.00000000000	196271
104.00000000000	889035
105.00000000000	1044804
106.00000000000	908697
107.00000000000	1015147
108.00000000000	213186
