0.23287105560	213185
1.43519401550	532353
1.43588614464	302698
2.12493515015	371110
2.12907314301	196020
2.80067300797	265932
2.80147314072	320882
2.80382823944	196162
2.98443627357	359300
3.58605122566	339539
3.58682417870	196331
3.59005427361	199250
4.04772734642	352183
4.57415628433	350272
4.57499933243	196605
4.98907136917	333373
6.38294029236	702138
6.43864512444	624031
7.67238926888	783979
7.75785923004	941621
9.50267744064	675723
9.99332737923	889882
11.22855544090	711415
11.30955743790	556525
12.58157324791	587309
12.58199238777	196600
12.58778643608	505500
14.34953141212	629578
14.51972341537	821149
15.88703036308	638456
15.88715839386	196162
16.93379235268	1026250
18.32113528252	825719
18.79606533051	784617
19.86302733421	628023
20.90130424500	380618
21.50373244286	783662
22.77538943291	779358
23.87284326553	630778
23.87406921387	688168
23.87483644485	784032
24.78233933449	196132
24.80026149750	422965
26.20515871048	398761
26.34035158157	646914
27.08719468117	346941
27.37062358856	385523
27.63695478439	196101
28.24348878860	752523
28.83426976204	427948
29.01397395134	569999
29.58865594864	196836
30.38230180740	529432
30.99520182610	420614
31.73559474945	478626
32.03093767166	611068
32.41448354721	549214
32.72944068909	396203
32.94833064079	196030
34.45218563080	576656
34.48848748207	467239
34.92896056175	559834
35.22131657600	530017
35.88464760780	647944
36.81263160706	596926
37.56657457352	530585
37.88212156296	396160
38.11954069138	196124
38.85989570618	690068
39.03837776184	385887
39.86417770386	603658
40.50237655640	195985
40.82409358025	644264
42.42245650291	633851
42.59292340279	539133
42.62108850479	683108
42.64069247246	113692
43.47986340523	508252
43.89817047119	651857
44.83232450485	436310
44.93459558487	441579
45.09717750549	515747
45.31444263458	438871
45.90922665596	313767
46.62953352928	501320
46.63331460953	123904
46.82262563705	535173
47.06506156921	196270
48.77508258820	578445
49.60190558434	544362
49.69214367867	889034
50.38620352745	196659
50.65887665749	263422
51.42499566078	133760
54.10911250114	511515
