0.0014460	3635
0.0081930	5055
0.0118639	3635
0.0178030	3635
0.0232871	3635
0.0247109	3363
0.0299149	43437
0.0495739	5200
0.0582008	5115
0.1142819	5116
0.2247939	37428
1.3379941	196141
1.8303771	56969
1.8328071	3091
1.8852451	7714
1.9152989	2261
1.9401081	3234
2.2488160	481381
2.2489331	196619
4.1794891	196696
4.2323992	5252
4.8722992	211155
4.9537201	196141
4.9537811	190838
5.3952141	13244
5.3953171	37428
5.6699922	37428
7.0701392	403289
7.0741541	37425
7.5021901	37426
8.2064102	196619
8.2071691	37428
9.1302340	249289
9.1305861	37426
9.1925821	5064
9.7905891	37427
12.3578949	37427
12.7929680	14652
12.7933331	11837
13.3334501	59953
13.6524451	13245
13.8964102	1100254
14.2353201	380196
15.0205331	141172
16.7145922	4797
18.1813252	686946
18.1822872	196468
19.1661742	13244
20.3217402	659269
20.3915131	871119
21.4710970	189156
23.8373091	825750
23.8638721	12919
23.8640110	24183
23.8659742	173733
24.4954112	38589
24.5617363	27324
26.1287131	168817
26.9520941	756367
26.9553070	411152
27.4875829	144834
27.4885199	196619
28.4890077	23101
28.8975337	256389
29.3509638	228846
29.7644877	414061
30.4943807	205075
32.3185508	320330
32.7446299	386609
32.7448268	390052
33.2927847	141172
33.3884327	2559
34.2265968	314678
34.6859529	236148
36.4699149	424448
37.2640557	455595
38.0240047	7336
38.0249236	2262
38.0579655	604530
40.0377636	659269
41.4045076	721623
41.4854414	5069
43.6291986	633150
43.6294227	390684
44.4505725	857329
47.3448694	602562
49.5450354	814011
49.5454042	196117
50.6949303	87868
51.2514162	680862
52.1677032	436123
54.3459811	254286
56.6224551	992888
60.4140851	1003912
62.5402811	1171262
62.5405922	108686
63.3231802	7613
63.8181043	16060
64.1213415	926734
65.1190846	277352
67.4297085	704283
68.1583605	221420
68.7711234	563249
69.1240942	36608
69.3438804	147386
70.1744545	38016
70.3269074	147840
71.1585355	39424
71.7676904	1239718
72.3054225	169599
72.7772725	450560
73.8302236	48290
76.7402666	753969
77.7702854	661928
77.7705724	48172
78.4354374	41404
79.4973924	43648
80.5764713	45056
81.6622014	46464
82.0027742	1050084
