0.0022089	3635
0.0195439	3635
0.0195909	3635
0.0303609	3635
0.0342429	5055
0.0365438	3363
0.0673108	43433
0.1020207	5203
0.1439438	5125
0.1514478	5120
0.1598916	2022
0.2377436	37427
0.2378478	37428
0.3150196	196142
0.4433315	58100
0.6490095	514799
0.8334515	154044
0.8376095	481383
0.8482575	3098
0.8905194	7769
1.0370612	2262
1.0549474	384707
1.0870943	281990
1.0872314	196620
1.0874033	45628
1.1745772	367735
1.1757991	37427
1.6302071	849188
1.6871960	37426
1.6878090	37426
1.9312220	195857
1.9809721	895078
2.0460770	37427
2.1276469	37428
2.2004449	37427
2.2592340	37426
2.3099179	37426
2.3187220	1126280
2.6292081	948013
2.6293852	37427
2.6298864	5055
2.6882613	5273
2.8226721	1541146
2.8227723	37427
2.8310091	1245640
2.8323963	196173
2.8615954	346607
2.8965545	596084
3.2296844	425933
3.3639073	606691
3.7935321	669639
3.7944431	11834
3.7947180	853870
4.2373371	890078
4.4241760	1048922
5.1911008	895712
5.1920989	192244
5.2360919	1281178
5.9789169	864572
6.2969310	1216096
6.2977250	384705
6.3535101	5066
6.4854791	997932
6.4922750	196556
6.6692288	960753
7.4134278	1417433
8.3180559	1583587
8.7066569	1301532
9.4297230	7615
9.4343669	1398231
9.7885849	1170019
9.9172819	196075
10.2020679	1821706
10.6948357	971206
10.8986425	196586
11.1629555	196142
11.8122106	1049313
12.2176735	986917
12.2250857	995610
12.8499157	894195
12.8557978	689999
12.8558538	196620
13.4742498	791865
14.0309858	1205084
14.3633909	1222431
15.0150440	1110043
15.0151188	195857
15.0581999	948013
15.7895420	1245640
16.0390980	1541146
16.0391841	196173
16.0404701	346607
16.4442182	425933
16.5122440	596084
16.9370618	606691
17.0920339	669639
17.0921428	196465
17.6172850	853870
17.9536140	890078
18.4431479	1048922
19.0691140	1281178
19.0696239	196198
19.1251879	895712
19.2326920	864572
19.2362049	196120
19.5628858	185054
20.1602738	997932
20.9995129	2448475
21.1980538	196556
21.4637158	1398231
21.5757430	960753
22.7071068	1583587
22.7804189	1301532
23.6429718	813436
23.7682526	1170019
23.8363047	57373
23.8475647	1015885
24.4622648	971206
24.6534379	196586
24.6863909	1230757
24.7653267	1002016
25.2763057	13246
25.3097067	1303258
25.9301996	1917995
26.1827497	196125
26.2926497	16062
26.4025538	579916
26.6919549	1987925
26.9882519	471357
27.1075430	462336
27.2093542	575232
27.4003472	601537
27.5948083	711663
27.6111054	567936
27.7678084	196308
28.7090254	1009541
28.7667563	966864
28.7804763	832367
29.9449623	23101
30.0114431	1282391
30.1565921	1422944
30.3217843	628439
30.4879301	1182350
31.0270252	195976
31.3549232	1020518
31.4227452	1683220
31.5018182	716050
31.5189023	541144
31.7031932	850910
31.7532582	196784
32.1386592	772065
32.5887012	793589
33.4172592	195832
34.8902781	762191
34.8903601	776872
34.8944871	822263
35.0182352	56893
35.7853661	1049313
36.0536120	894195
36.0635970	335869
36.4830530	689999
36.4834528	13245
36.7330709	791865
37.5823629	1205084
37.7585340	1222431
38.1434438	1064122
38.1441729	1169529
38.3438110	948013
39.3995020	1587067
39.4484673	1245640
39.4485512	27324
39.7044742	346607
39.9930131	596084
40.0611711	425933
40.1354420	606691
40.2477381	669639
40.2482481	365314
40.9209290	853870
41.0259631	890078
41.7932169	1048922
42.1415658	1281178
42.1417990	196198
42.4192760	895712
42.9124460	864572
43.5354590	1216096
43.5357220	35774
43.7463222	997932
44.3997970	960753
44.4050381	356902
44.4256692	1417433
45.1212902	1398231
45.5858881	1301532
45.8547192	1015885
46.4132402	13244
46.6461072	1352850
46.6546612	813436
47.4569151	971206
47.7417500	926142
47.9743950	362499
48.3535631	1583587
48.5699241	1303258
48.6621361	1002016
48.7316170	2422
49.0384989	590876
49.5861149	1676208
49.6031728	579916
49.6667387	196125
50.1132507	327779
50.4047837	850207
50.4522448	37428
50.4667168	601537
50.4757638	1340365
50.5209849	462336
50.6165528	4796
50.7999318	37427
50.9174738	567936
51.0662949	550303
51.1570311	196308
51.6141660	711663
52.0646372	1483191
52.1366830	966864
52.2117269	37428
52.5689070	1282391
52.6475189	1182350
52.7688339	196138
53.0452418	628439
53.0586209	1249907
53.0850000	5042
53.6210721	195976
54.0228729	1020518
54.0365651	1683220
54.5956752	541144
54.6745832	716050
54.9445744	13244
55.1295533	850910
55.3036175	772065
55.7574046	1005803
56.1179705	776872
56.5387316	762191
57.7463965	788638
57.7499285	195832
58.8229814	137745
58.8825364	1063996
62.9186265	2378141
65.9730167	3389
68.0906868	1237305
68.0921357	196666
69.1985996	822300
69.2705905	1691616
73.2588954	1811127
