0.00672698021	160835
0.64025902748	279692
0.64112305641	196129
1.02303218842	275547
1.02653408051	269451
1.03211617470	195881
1.09146618843	221285
1.77818417549	590943
2.17288923264	415996
2.17429327965	196645
2.70940017700	120888
2.70995831490	109184
2.72904133797	101413
2.78134036064	223081
2.78172254562	376988
3.27033448219	122270
3.27929639816	181960
3.75909543037	162306
3.76024436951	196070
4.42716741562	390740
6.21138834953	696517
6.29418921471	807864
7.50736808777	649209
9.05957007408	1115472
9.05990910530	196708
10.64016699791	1440416
10.64394807816	195795
11.23936820030	283321
13.87138414383	1193749
13.93561029434	1156523
16.87380933762	1172585
16.96124219894	1375553
16.96167731285	196179
20.20431733131	1382563
21.66385030746	1495083
22.88452219963	1192012
22.88463020325	1110604
23.44526028633	1109339
23.44574332237	196783
26.01635336876	964582
26.53114342690	1212759
26.53377437592	196129
28.88418936729	1139631
29.55785942078	1015648
31.52352046967	969340
32.16900038719	867181
32.17831540108	195881
34.85379147530	853959
35.96595144272	1404589
38.11186432838	1012641
39.57667922974	1547087
40.28591632843	1563730
40.30241441727	196645
43.02914834023	943247
43.24352145195	1211177
44.81984043121	507793
46.16354537010	196198
46.25481820107	1400791
46.83959627151	1691892
47.51507830620	196439
49.73163342476	1161080
50.76422262192	1131676
52.80392456055	863300
53.16672158241	1205244
53.69441461563	1305262
53.81793355942	885641
54.43529057503	283927
55.01792860031	1137992
55.92262458801	694612
58.63066554070	606675
59.08272337914	110877
59.36019325256	1762260
59.49738121033	1266111
60.61018013954	229148
60.80003714561	1047292
61.02734708786	1492541
61.23203992844	1038013
61.99260997772	196428
62.11119508743	640887
63.07940292358	479804
63.90024089813	242176
64.48329401016	884998
65.15505790710	126843
65.96975088120	1264192
65.97543597221	128128
66.28357195854	604983
67.65931773186	496702
68.84223175049	856964
69.31599164009	487512
69.58808469772	196007
69.60073971748	575968
69.97636270523	814251
70.72168970108	196250
70.82297873497	1137313
71.53267788887	907190
72.43318581581	145024
72.81344580650	941429
72.87553787231	932131
73.94319081306	793788
75.08026289940	181173
75.11786603928	624906
75.85053205490	152189
76.06101012230	1093369
77.33495116234	308352
77.55408501625	598558
78.05914616585	907442
78.06626701355	156288
78.59297704697	263414
78.59820818901	272829
79.43708920479	196142
79.93089199066	307727
80.68220114708	160636
80.92756605148	607004
81.48414301872	722782
81.48689794540	161920
82.09267306328	278461
82.82704806328	442310
