1.00000000000	37428
2.00000000000	37427
3.00000000000	195880
4.00000000000	344275
5.00000000000	326651
6.00000000000	221286
7.00000000000	37426
8.00000000000	394217
9.00000000000	37427
10.00000000000	343303
11.00000000000	196647
12.00000000000	37424
13.00000000000	126985
14.00000000000	37426
15.00000000000	245906
16.00000000000	37428
17.00000000000	14651
18.00000000000	120888
19.00000000000	378101
20.00000000000	102020
21.00000000000	78349
22.00000000000	109182
23.00000000000	37427
24.00000000000	223078
25.00000000000	101413
26.00000000000	196496
27.00000000000	37427
28.00000000000	122271
29.00000000000	37426
30.00000000000	181960
31.00000000000	37425
32.00000000000	162306
33.00000000000	196069
34.00000000000	37427
35.00000000000	390741
36.00000000000	37428
37.00000000000	807865
38.00000000000	37426
39.00000000000	696519
40.00000000000	649208
41.00000000000	196706
42.00000000000	37428
43.00000000000	1156522
44.00000000000	283320
45.00000000000	24509
46.00000000000	195794
47.00000000000	1193746
48.00000000000	2860754
49.00000000000	1172585
50.00000000000	1382562
51.00000000000	1495082
52.00000000000	1192012
53.00000000000	1110604
54.00000000000	1109340
55.00000000000	383942
56.00000000000	1212759
57.00000000000	964585
58.00000000000	1139633
59.00000000000	1015647
60.00000000000	196127
61.00000000000	1012639
62.00000000000	969340
63.00000000000	867179
64.00000000000	853959
65.00000000000	23101
66.00000000000	1720635
67.00000000000	1563730
68.00000000000	943248
69.00000000000	1071852
70.00000000000	160836
71.00000000000	507794
72.00000000000	840169
73.00000000000	1400793
74.00000000000	196196
75.00000000000	1591448
76.00000000000	13245
77.00000000000	1069542
78.00000000000	434719
79.00000000000	77440
80.00000000000	78848
81.00000000000	80256
82.00000000000	1131675
83.00000000000	37427
84.00000000000	1344273
85.00000000000	863301
86.00000000000	1115471
87.00000000000	1440414
88.00000000000	787118
89.00000000000	885640
90.00000000000	196150
91.00000000000	189725
92.00000000000	97152
93.00000000000	1205245
94.00000000000	694614
95.00000000000	707696
96.00000000000	142333
97.00000000000	851114
98.00000000000	24509
99.00000000000	196248
100.00000000000	112287
101.00000000000	114048
102.00000000000	115456
103.00000000000	1123776
104.00000000000	3425930
105.00000000000	196427
106.00000000000	772358
107.00000000000	125439
108.00000000000	1038013
109.00000000000	126720
110.00000000000	1326964
111.00000000000	856964
112.00000000000	830940
113.00000000000	170492
114.00000000000	25515
115.00000000000	172382
116.00000000000	1012035
117.00000000000	984210
118.00000000000	280319
119.00000000000	142208
120.00000000000	765432
121.00000000000	641871
122.00000000000	196250
123.00000000000	179422
124.00000000000	181632
125.00000000000	183040
126.00000000000	184448
127.00000000000	714786
128.00000000000	932132
129.00000000000	212888
130.00000000000	186462
131.00000000000	10236
132.00000000000	974960
133.00000000000	290206
134.00000000000	377949
135.00000000000	913671
136.00000000000	291456
137.00000000000	191488
138.00000000000	157822
139.00000000000	192896
140.00000000000	159104
141.00000000000	325780
142.00000000000	151808
143.00000000000	193500
144.00000000000	590108
145.00000000000	195712
146.00000000000	271862
147.00000000000	197120
148.00000000000	607631
149.00000000000	196140
150.00000000000	166270
151.00000000000	300060
152.00000000000	168960
153.00000000000	409278
154.00000000000	301312
155.00000000000	200541
156.00000000000	342144
157.00000000000	202752
158.00000000000	385544
159.00000000000	196619
160.00000000000	409728
161.00000000000	304284
162.00000000000	371942
163.00000000000	81173
164.00000000000	10430
165.00000000000	385714
166.00000000000	308511
