0.06454801559	265877
0.06745910645	195794
0.36926722527	341220
0.56972217560	330044
0.57005715370	196181
0.57018327713	410942
0.57033419609	743104
0.82789325714	388853
0.98975515366	468166
0.99178910255	196783
1.39803028107	580647
1.67204022408	616338
1.78058218956	209833
1.78961300850	389295
1.95072412491	564579
2.17252016068	303054
2.17335510254	196495
2.32892107964	305053
2.77165508270	350842
2.77194309235	196070
3.32798624039	849200
4.48386716843	1333562
4.51716732979	1179685
5.49482822418	892257
6.06283020973	1510206
6.06292819977	196706
7.38195204735	1535505
7.75713586807	1509712
8.11420989037	283321
8.60394382477	1156523
8.60442399979	195794
9.48843288422	1193749
10.31322598457	1375552
10.69760990143	1172585
10.69909501076	196181
12.02595996857	1382564
12.34678792953	1495083
13.44150090218	1192009
13.69763994217	1110604
14.95214796066	964586
14.96119403839	1212761
16.26325917244	1139633
16.32501029968	1015647
16.44758725166	196130
17.30402112007	1297103
17.65379214287	969340
17.67963314056	1012640
17.81144309044	195876
18.91249418259	853960
19.54895019531	1404586
20.23910832405	867180
20.96563053131	1547090
20.97312545776	196645
21.57405042648	1563729
22.33710336685	507793
23.28035831451	700843
23.56975126266	196197
23.60940718651	943247
24.17324423790	2554597
24.91103434563	1069541
25.20736432076	196438
25.85697031021	1161079
26.65919637680	1131674
27.08290028572	863300
27.65886831284	1458381
28.19855427742	1205243
28.34396338463	885642
28.44117236137	196148
29.29830551147	694613
29.41042852402	707696
30.67805862427	1137992
30.84422564507	196246
31.12370157242	1762260
32.59324550629	1038010
32.94334435463	196427
33.03085327148	2931189
33.63474416733	1114147
34.86075997353	1326966
34.86229109764	1264192
35.67784810066	830941
36.06647896767	856963
36.14470195770	984212
36.16217994690	196008
37.08805179596	814253
37.45439767838	196248
37.93337464333	765431
37.93365049362	1137311
41.93561339378	932130
45.93923830986	913671
49.90847539902	976367
51.13012337685	160839
53.81548142433	912733
53.81599140167	941429
54.38474941254	582355
54.43135333061	390668
56.02954125404	907441
59.98571133614	1784547
64.05117845535	995609
