0.73639893532	299611
1.12940788269	320679
1.13336300850	196781
1.13504600525	327937
1.92480993271	286034
2.02228903770	310379
2.02410507202	279693
2.02661824226	196131
2.11062622070	120888
2.33113813400	109183
2.59592127800	196552
2.69677209854	305616
2.93586492538	196495
2.98827672005	122272
3.19725775719	162307
3.56160974503	196069
4.61633372307	555231
4.71273660660	640004
5.82960176468	564096
6.59012174606	696519
8.12342953682	1115471
8.12397456169	196707
10.18383646011	1126768
11.42618846893	1492541
11.42627954483	224201
11.77858853340	283321
14.53162455559	1193750
14.92195057869	1375551
17.35091161728	1172584
17.35138058662	196180
18.18656063080	1382562
21.17699766159	1495083
21.18611669540	1192010
23.80729269981	1110603
23.80935072899	1109339
26.30895781517	964585
26.76677680016	1212761
26.77265381813	371221
29.12892079353	1139632
29.51989579201	1015647
31.59256887436	969340
31.74277877808	867179
32.21101784706	195878
34.02241277695	853958
35.96354889870	1404586
37.16701984406	1012639
38.38074278831	1547091
38.88004875183	196644
40.04767370224	1563729
41.49114966393	507791
41.67096757889	1211178
42.52640247345	878166
43.71058058739	1400793
43.75129961967	943247
45.53918766975	1069540
46.11232972145	196438
47.92173981667	1458379
49.33640384674	1131674
50.60615277290	863299
50.97110486031	1161079
52.62608170509	1205244
53.24066853523	196151
53.32097744942	885640
53.37861657143	160838
54.67518854141	694610
54.78812956810	707696
56.81436562538	1137989
57.35823655128	112283
57.72864365578	1266108
58.84096765518	1762261
61.15124273300	1114148
61.82043576241	196425
62.05279970169	1038013
64.03290987015	1326966
64.20896792412	1264194
64.58408594131	1688180
65.17949700356	133884
65.21182298660	1051345
65.89933109283	135168
66.36975407600	830942
66.64522314072	856963
66.87263011932	196007
69.39233994484	814252
69.71187686920	715160
70.15401673317	1137312
71.00157070160	196249
71.27700185776	765433
71.57454085350	146557
72.38114690781	147840
73.05721187592	149248
73.05895590782	941429
74.17615079880	913670
74.90509271622	196698
75.92465877533	974961
75.94646787643	488486
76.58598375320	155005
77.08285689354	537533
77.41466689110	156288
77.70585680008	914139
