0.46663403511	196228
0.46836423874	196365
0.47118616104	438068
0.47725605965	869630
0.63726115227	109824
1.15056824684	196311
1.15073919296	196986
1.15081906319	195581
2.76932621002	315394
3.32211208344	209282
4.72356009483	342422
5.31204223633	148831
5.31213712692	455370
5.31497025490	127945
10.27251124382	490561
10.27304029465	377795
10.27536821365	220311
13.05024027824	357835
13.18276715279	138538
13.18286323547	105659
13.68398928642	108485
14.32784318924	105326
15.58150935173	409815
16.16088223457	218474
16.90807628632	638344
17.78292131424	176243
18.10780930519	196049
18.59002733231	100236
20.99440240860	124792
21.19339847565	140367
29.18889546394	621680
32.07956743240	228602
34.59678339958	139473
38.69644641876	204273
42.27917146683	270744
42.27927041054	196288
42.75415945053	102383
43.27491950989	106173
44.25210762024	941281
44.62432050705	116508
44.80801248550	259560
45.04650855064	114048
48.19521260262	316561
48.86129260063	229036
49.14853763580	319616
49.46307873726	107581
49.59576988220	218185
49.96650886536	124958
50.27692985535	114048
50.46031284332	118240
51.17282390594	181632
53.84864592552	146151
54.31967782974	226305
54.70883369446	218524
55.13786864281	202037
60.02706646919	208896
60.71583247185	1461441
61.51891541481	223088
62.26864957809	682924
62.91552472115	535247
