0.40956115723	196614
1.04868197441	432335
1.05170297623	195270
1.05243897438	196456
1.05258297920	195988
1.26662802696	196310
1.59682607651	348895
1.59693908691	196984
1.59959220886	418267
1.98232102394	267220
2.38424897194	145380
2.61061787605	195579
3.92031788826	626434
3.92301177979	196614
4.11287760735	158904
5.68179368973	552530
5.68458557129	196456
5.69129562378	251291
7.29740262032	846218
7.30009770393	195988
9.63883781433	928818
9.63943266869	419072
9.64142179489	242970
9.64151668549	271374
10.06501674652	529122
11.71744966507	900532
11.72039484978	196012
11.72643780708	245145
12.10404181480	115406
12.99037075043	203858
13.17377686501	206540
14.19344782829	552173
16.29528880119	822138
16.66664671898	958816
16.66984367371	196786
17.16343879700	245382
17.97043991089	150371
17.99031591415	191655
18.73005390167	191559
18.80723881721	486973
19.60339498520	196229
22.40893507004	1021490
22.41106319427	196367
22.46297216415	790315
23.39217519760	280777
24.17531919479	196286
24.99096012115	204273
25.88920998573	311026
26.03570389748	844128
26.06987595558	270746
27.07706308365	216642
27.71966624260	462153
27.75002813339	197290
27.82326817513	156806
28.42115616798	195857
29.11394834518	136371
29.34724640846	415371
30.34021925926	196654
31.98021435738	707815
32.14015030861	370901
32.46426939964	475991
33.12502837181	290634
33.43707942963	298345
34.01039648056	118241
34.07169556618	196181
35.16743659973	195997
35.28387451172	521629
37.36629247665	457276
37.68816256523	780323
