1.00000000000	35914
2.00000000000	35916
3.00000000000	196613
4.00000000000	195270
5.00000000000	76768
6.00000000000	196460
7.00000000000	195990
8.00000000000	35915
9.00000000000	682120
10.00000000000	35914
11.00000000000	928817
12.00000000000	419075
13.00000000000	271374
14.00000000000	196581
15.00000000000	196309
16.00000000000	447938
17.00000000000	502067
18.00000000000	196985
19.00000000000	28436
20.00000000000	39150
21.00000000000	267220
22.00000000000	145380
23.00000000000	195581
24.00000000000	626432
25.00000000000	196613
26.00000000000	115110
27.00000000000	158904
28.00000000000	552530
29.00000000000	196460
30.00000000000	251290
31.00000000000	95917
32.00000000000	846219
33.00000000000	242971
34.00000000000	928817
35.00000000000	419104
36.00000000000	195990
37.00000000000	196581
38.00000000000	271374
39.00000000000	245148
40.00000000000	720012
41.00000000000	13245
42.00000000000	196011
43.00000000000	115408
44.00000000000	250142
45.00000000000	203857
46.00000000000	206539
47.00000000000	902245
48.00000000000	195947
49.00000000000	764160
50.00000000000	196784
51.00000000000	486974
52.00000000000	245382
53.00000000000	822139
54.00000000000	150375
55.00000000000	196229
56.00000000000	191558
57.00000000000	191657
58.00000000000	790313
59.00000000000	196366
60.00000000000	1021490
61.00000000000	280781
62.00000000000	311026
63.00000000000	196289
64.00000000000	270741
65.00000000000	204272
66.00000000000	844127
67.00000000000	197291
68.00000000000	216640
69.00000000000	156805
70.00000000000	462155
71.00000000000	76951
72.00000000000	195857
73.00000000000	136370
74.00000000000	415368
75.00000000000	196653
76.00000000000	475991
77.00000000000	707815
78.00000000000	370900
79.00000000000	298344
80.00000000000	290632
81.00000000000	196182
82.00000000000	118240
83.00000000000	31490
84.00000000000	521629
85.00000000000	37180
86.00000000000	488980
87.00000000000	1797597
88.00000000000	791023
89.00000000000	477041
90.00000000000	138232
91.00000000000	432335
92.00000000000	333980
93.00000000000	35914
