1.00000000000	44565
2.00000000000	44568
3.00000000000	196066
4.00000000000	39998
5.00000000000	275100
6.00000000000	365252
7.00000000000	253664
8.00000000000	171655
9.00000000000	196592
10.00000000000	153234
11.00000000000	44566
12.00000000000	155005
13.00000000000	235361
14.00000000000	196096
15.00000000000	252785
16.00000000000	51259
17.00000000000	103758
18.00000000000	37094
19.00000000000	249516
20.00000000000	44567
21.00000000000	81206
22.00000000000	196859
23.00000000000	44567
24.00000000000	159155
25.00000000000	63193
26.00000000000	70122
27.00000000000	44567
28.00000000000	160636
29.00000000000	35779
30.00000000000	291644
31.00000000000	44568
32.00000000000	438959
33.00000000000	188869
34.00000000000	44567
35.00000000000	21693
36.00000000000	21691
37.00000000000	657709
38.00000000000	196405
39.00000000000	67442
40.00000000000	559565
41.00000000000	44567
42.00000000000	360484
43.00000000000	340411
44.00000000000	340831
45.00000000000	78494
46.00000000000	44567
47.00000000000	429992
48.00000000000	44567
49.00000000000	23100
50.00000000000	21467
51.00000000000	825708
52.00000000000	44568
53.00000000000	1150266
54.00000000000	140548
55.00000000000	203126
56.00000000000	87152
57.00000000000	790214
58.00000000000	42813
59.00000000000	738976
60.00000000000	625497
61.00000000000	44568
62.00000000000	44566
63.00000000000	1329734
64.00000000000	20285
65.00000000000	68848
66.00000000000	1178273
67.00000000000	44568
68.00000000000	1055533
69.00000000000	177065
70.00000000000	587967
71.00000000000	37181
72.00000000000	737628
73.00000000000	608965
74.00000000000	245300
75.00000000000	32384
76.00000000000	1043623
77.00000000000	562911
78.00000000000	78360
79.00000000000	15488
80.00000000000	21120
81.00000000000	747173
82.00000000000	46464
83.00000000000	25344
84.00000000000	770626
85.00000000000	26752
86.00000000000	104013
87.00000000000	543746
88.00000000000	621754
89.00000000000	230912
90.00000000000	169963
91.00000000000	722082
92.00000000000	134332
93.00000000000	196542
94.00000000000	1091982
95.00000000000	502185
96.00000000000	1305866
97.00000000000	18877
98.00000000000	713446
99.00000000000	13246
100.00000000000	1155191
101.00000000000	21694
102.00000000000	737767
103.00000000000	723623
104.00000000000	186211
105.00000000000	214895
106.00000000000	29568
107.00000000000	30976
108.00000000000	626859
109.00000000000	959645
110.00000000000	1414353
111.00000000000	81310
112.00000000000	83072
113.00000000000	1087862
114.00000000000	108222
115.00000000000	35772
116.00000000000	38016
117.00000000000	39424
118.00000000000	40832
119.00000000000	829428
120.00000000000	874188
121.00000000000	10429
122.00000000000	51262
123.00000000000	42108
124.00000000000	790036
125.00000000000	1730840
126.00000000000	49855
127.00000000000	1142869
128.00000000000	1182670
129.00000000000	1897315
130.00000000000	196531
131.00000000000	1220082
132.00000000000	1690423
133.00000000000	208904
134.00000000000	196075
135.00000000000	54077
136.00000000000	1692147
137.00000000000	2857384
138.00000000000	1274670
139.00000000000	992976
140.00000000000	142353
141.00000000000	14080
142.00000000000	1321313
143.00000000000	1684371
144.00000000000	21120
145.00000000000	907315
146.00000000000	354749
147.00000000000	1779039
148.00000000000	1162541
149.00000000000	133887
150.00000000000	135168
151.00000000000	1480913
152.00000000000	1884973
153.00000000000	1907526
154.00000000000	83072
155.00000000000	84480
156.00000000000	85888
157.00000000000	87296
158.00000000000	88704
159.00000000000	193369
160.00000000000	243976
161.00000000000	66176
162.00000000000	35200
163.00000000000	1545435
164.00000000000	760320
165.00000000000	67183
