0.60554409027	195805
1.09271812439	196092
1.12276411057	871379
1.12365126610	988209
1.12378215790	196220
1.26730918884	196066
3.04490518570	116989
3.04603815079	1034524
3.21061205864	1252351
3.21080017090	196096
3.45386719704	214976
3.63624906540	287341
4.07635712624	386309
5.16497707367	1483892
8.21262311935	4500083
8.21329212189	196193
14.85712623596	7751126
14.85719823837	196099
17.49596333504	2991193
17.49640822411	195883
19.02987527847	7895275
19.03069233894	196295
27.57620930672	10010942
38.77411222458	13208311
38.77693128586	1597010
38.77716517448	371637
42.66613507271	1319393
43.59756803513	4028986
45.59732604027	1516904
52.39183282852	5414569
53.70969581604	4812916
53.85372281075	2174782
55.21218490601	1741391
58.38487076759	377513
59.70012068748	3064436
60.65477871895	1443025
60.65485572815	6232864
60.66194677353	2153057
62.12825655937	1047783
64.51801967621	1363434
66.16576480865	1049497
68.12439060211	1177011
69.85575962067	1047537
72.12289452553	377661
73.49498844147	5701425
73.99879240990	3226899
74.67151927948	3821089
75.46224427223	1048146
76.95499634743	556624
78.15825033188	235136
78.83760738373	158770
83.88729643822	6689804
85.01822233200	155004
88.37360143661	3326223
91.67113256454	6580485
92.41959357262	2831419
93.37766957283	544804
93.43211746216	700428
94.50714230537	1306624
94.61266946793	975694
97.45267844200	167303
98.06056547165	2200946
98.09147644043	3856964
98.20891547203	426204
98.54305458069	1805040
99.27447152138	105600
101.73855066299	1207814
103.23700070381	196196
113.00939559937	4801949
113.01215863228	4293285
