3.26221895218	298503
4.12499809265	127752
4.12601613998	196589
5.43694901466	104680
6.54627394676	139247
7.48938989639	129130
8.59786891937	196091
8.61379694939	116420
8.61421704292	154601
8.61503601074	196096
8.61552405357	196861
8.61903500557	109976
8.76703906059	271040
8.78914618492	111983
9.33794331551	142779
9.58653736115	173132
9.81184339523	136576
9.94763851166	163303
10.46227741241	291829
10.64902734756	379300
10.91102313995	405653
10.95674014091	117982
11.23724722862	144683
11.75462937355	161314
12.01343536377	128128
12.46471548080	104762
12.83878159523	139392
13.71566653252	109874
14.89646363258	128128
15.31847453117	224267
17.09141850471	231204
17.56741452217	219931
18.31784749031	174130
18.77120947838	337706
19.46933126450	166403
19.61281108856	151288
20.33190107346	100542
23.60849022865	498083
24.35717034340	315097
24.76572847366	477497
25.46350550652	303149
25.76785469055	119326
26.71050071716	125118
27.67824578285	133760
28.06653285027	101945
28.49083971977	111232
28.99118971825	115796
29.81013774872	225720
30.50566768646	231176
30.63117170334	277770
31.13592076302	116028
31.64925789833	284961
31.88628482819	116509
32.54635882378	333696
33.08794975281	151014
33.74664688110	614442
34.31692576408	119680
34.70331168175	175654
34.94978070259	128128
35.37167167664	111232
35.84380960464	108207
36.23523449898	356194
36.37361836433	237904
36.88320231438	453120
37.27496147156	219294
37.87384533882	223183
38.11327624321	416708
38.11931943893	485986
