1.00000000000	44567
2.00000000000	44567
3.00000000000	287280
4.00000000000	196018
5.00000000000	264382
6.00000000000	355236
7.00000000000	357827
8.00000000000	196107
9.00000000000	364006
10.00000000000	44564
11.00000000000	412871
12.00000000000	44567
13.00000000000	44567
14.00000000000	260447
15.00000000000	44567
16.00000000000	564316
17.00000000000	44566
18.00000000000	44568
19.00000000000	44566
20.00000000000	382708
21.00000000000	44568
22.00000000000	196541
23.00000000000	44566
24.00000000000	20282
25.00000000000	937519
26.00000000000	44566
27.00000000000	753987
28.00000000000	44567
29.00000000000	44568
30.00000000000	636516
31.00000000000	44566
32.00000000000	196065
33.00000000000	44567
34.00000000000	44568
35.00000000000	196591
36.00000000000	1348943
37.00000000000	196095
38.00000000000	1212255
39.00000000000	775247
40.00000000000	170870
41.00000000000	422622
42.00000000000	1430064
43.00000000000	196859
44.00000000000	387480
45.00000000000	44568
46.00000000000	605589
47.00000000000	386364
48.00000000000	196415
49.00000000000	44566
50.00000000000	1043330
51.00000000000	44566
52.00000000000	1702434
53.00000000000	44566
54.00000000000	1061303
55.00000000000	196406
56.00000000000	44567
57.00000000000	11838
58.00000000000	4874074
59.00000000000	7575457
60.00000000000	3073456
61.00000000000	195936
62.00000000000	5014774
63.00000000000	4493776
64.00000000000	4529981
65.00000000000	196082
66.00000000000	3611360
67.00000000000	2649370
68.00000000000	1981630
69.00000000000	2752066
70.00000000000	4512556
71.00000000000	196778
72.00000000000	3669596
73.00000000000	196018
74.00000000000	3050307
75.00000000000	1991067
76.00000000000	2575715
77.00000000000	2742084
78.00000000000	2050188
79.00000000000	3367663
80.00000000000	2809953
81.00000000000	2934475
82.00000000000	2952164
83.00000000000	196541
84.00000000000	2749701
85.00000000000	3395361
86.00000000000	3048435
87.00000000000	3884198
88.00000000000	1990891
89.00000000000	3679467
90.00000000000	897082
91.00000000000	3038380
92.00000000000	3023506
93.00000000000	196591
94.00000000000	1990263
95.00000000000	3528727
96.00000000000	16063
97.00000000000	3679183
98.00000000000	4356798
99.00000000000	196088
100.00000000000	2599744
101.00000000000	2824341
102.00000000000	2336848
103.00000000000	2672718
104.00000000000	196153
105.00000000000	2492500
106.00000000000	2694696
107.00000000000	2339796
108.00000000000	196531
109.00000000000	2167433
110.00000000000	44567
111.00000000000	1993174
112.00000000000	1356404
113.00000000000	3111645
114.00000000000	3069640
115.00000000000	4391111
116.00000000000	4015912
117.00000000000	3309985
118.00000000000	1998735
119.00000000000	3775002
120.00000000000	196428
121.00000000000	1993546
122.00000000000	3551036
123.00000000000	1939083
124.00000000000	2779246
125.00000000000	196185
126.00000000000	3133624
127.00000000000	2598709
128.00000000000	3119705
129.00000000000	3590357
