1	278521
2	199082
3	194137
4	348908
5	198569
6	370510
7	336001
8	584621
9	554521
10	551640
11	199075
12	839368
13	613240
14	198786
15	534345
16	907247
17	326169
18	198516
19	619813
20	754265
21	198691
22	613483
23	453397
24	441231
25	400006
26	666212
27	199013
28	789935
29	695333
30	811807
31	863415
32	198957
33	423515
34	292870
35	276888
36	804997
37	733304
38	199462
39	666397
40	933738
41	554521
42	418008
43	198414
44	198644
45	613240
46	551640
47	423339
48	199230
49	1086542
50	844225
51	758562
52	889984
53	526159
54	198699
55	218922
56	286610
57	198709
58	151598
59	191141
60	199322
61	378079
62	386802
63	544872
64	589527
65	649233
66	704524
67	199069
68	783204
69	801171
70	328896
71	198985
72	602602
73	678238
74	139958
75	737816
76	706486
77	198597
78	542582
79	535314
80	499746
81	540204
82	198700
83	817117
84	837699
85	892429
86	199395
87	676892
88	691603
89	575078
90	470143
91	927711
