1.41114521027	129098
4.28223824501	340902
4.28374719620	195842
8.78041625023	440943
8.78648638725	203885
8.83079957962	158063
8.83370852470	230736
14.31615352631	791891
15.58244538307	180389
15.58248233795	390468
16.01428031921	669730
16.01472234726	124831
16.23222541809	107202
16.45833730698	240809
16.83911418915	390138
18.43373608589	162106
19.40048408508	100215
19.78748202324	116029
19.78765201569	124043
19.78772091866	196126
20.48494100571	133404
21.19167995453	333016
21.75729990005	381006
22.13296198845	765081
22.36897897720	138533
22.69109797478	288226
22.70473694801	227125
32.24839997292	1312088
32.25138592720	196238
33.19572806358	155523
33.84879708290	169361
34.11905407906	564315
34.69362211227	114048
35.27087116241	157923
38.77693510056	401206
38.99245405197	147006
39.60981512070	303285
43.50063109398	524218
43.50118708611	151621
51.29135203362	905542
51.94217491150	215839
52.49093008041	106850
52.56695294380	264037
53.12539482117	333921
53.86358475685	400045
54.52764081955	223872
55.06641674042	113947
55.87380385399	269416
56.53410983086	533404
56.88040280342	108215
