1	326838
2	198680
3	341131
4	284644
5	270779
6	181404
7	199486
8	394604
9	346377
10	198890
11	406405
12	296138
13	382724
14	311305
15	291149
16	205151
17	378266
18	401900
19	199211
20	651414
21	702182
22	508531
23	199016
24	417961
25	757238
26	720564
27	651534
28	486443
29	199400
30	519519
31	563446
32	1118257
33	198420
34	632416
35	300062
36	309396
37	102247
38	495084
39	508426
40	603236
41	1048636
42	199577
43	943969
44	651900
45	375047
46	656257
47	198708
48	814535
49	679574
50	727134
51	198818
52	595584
53	198491
54	705619
55	551592
56	1083287
57	762925
58	816496
59	644182
60	198612
61	779680
62	812148
63	754969
64	538091
65	719980
66	765256
67	121659
68	579703
69	490610
70	649618
71	686815
72	576025
73	740567
74	222729
75	676869
76	875525
77	276795
78	557384
79	730377
80	581766
81	1002143
