0.23679184914	196148
0.43906283379	404250
0.44283986092	196102
0.44290781021	362120
0.44303774834	196592
0.67874097824	196849
3.29367399216	2155261
3.29376316071	321405
4.13849234581	490371
4.49981951714	232813
4.50028944016	871019
5.34177637100	492165
5.37541723251	370864
6.54479312897	730154
8.15471029282	710640
8.15480518341	196148
9.48084902763	845074
9.48325419426	602386
12.91276025772	2047566
14.84634518623	1508021
14.84899711609	453216
14.92803001404	295165
15.60499000549	295622
17.39301991463	572695
17.58234477043	383675
18.55234670639	1057509
19.38275074959	754364
19.97039675713	153023
21.69065570831	614189
22.79512977600	384652
23.70193171501	318809
23.70786571503	1914323
23.91576266289	148223
24.32280659676	381710
24.48055458069	308081
25.48925852776	485149
25.55529642105	196731
26.81290841103	547495
27.00945949554	134599
27.20870852470	1200568
27.84054946899	261117
28.28234243393	433099
28.77227139473	194705
29.78120136261	196181
30.34592747688	845146
31.23198342323	640014
31.74949049950	595366
33.31821155548	592477
34.17450761795	1091330
35.36334466934	1638734
35.42911672592	380925
36.39860653877	1560513
36.46668934822	569857
36.64851641655	120762
36.65744829178	444516
36.99786329269	157158
37.14939332008	179488
38.94306731224	400235
39.89627432823	1552525
40.31728315353	196067
40.35609912872	190948
41.62294411659	595972
41.73048520088	138259
42.79526519775	544379
43.71963119507	402124
44.46432232857	196010
44.75176644325	1262586
45.03773641586	559189
45.87975835800	454880
46.01072740555	286124
46.63780140877	192620
47.09263229370	359421
47.69155430794	786130
47.69928741455	371541
48.52281832695	309502
48.52743840218	333335
48.70480656624	227470
49.61508250237	447000
49.91178750992	154346
50.04922556877	182089
