0.19477510452	236957
0.64225697517	195443
1.08610606194	967629
6.99753212929	565910
10.05163621902	192156
11.21559429169	350946
11.71006441116	185135
12.44558024406	110437
16.19170522690	186503
17.90099620819	713475
17.90392208099	379451
18.37742018700	122142
18.38117837906	102784
19.33894038200	102210
19.80396127701	113918
20.39437317848	105639
20.69544625282	206051
21.07568717003	143616
21.47395014763	102784
21.88941717148	207549
21.90884923935	314925
22.24412417412	130781
23.11809134483	215567
23.14132356644	460098
23.52449965477	259896
24.05072164536	601789
25.14966559410	288640
31.19599962234	337681
31.59437870979	295583
32.07088971138	211501
32.43638563156	240220
32.96214175224	306294
33.03881859779	126099
33.52660560608	241660
33.80080962181	283342
