1	194080
2	187936
3	245099
4	199064
5	184013
6	287776
7	198909
8	278607
9	242655
10	299156
11	403228
12	317367
13	199130
14	361252
15	198615
16	231721
17	295680
18	198501
19	258459
20	243100
21	198887
22	246069
23	290842
24	243262
25	209816
26	243483
27	277577
28	199227
29	397248
30	298530
31	259580
32	209904
33	242067
34	203604
35	234612
36	119812
37	343775
38	258302
39	306555
40	206246
41	310729
42	198577
43	408531
44	198866
45	316528
46	314635
47	199354
48	405971
49	177939
50	286633
51	343815
52	288175
53	381721
54	198839
55	303665
56	180996
57	211212
58	180155
59	299292
60	477923
61	198603
62	165308
63	450048
64	395516
65	276099
66	284342
67	258058
68	198967
69	215282
70	188425
71	211720
72	199287
73	199991
74	237871
75	247418
76	201948
77	218463
78	385585
79	205344
80	221121
81	198749
82	189781
83	235130
84	226378
85	239600
86	319473
87	302326
88	199582
89	196206
90	354759
91	221574
92	188410
93	126364
