1	191991
2	196341
3	196161
4	196035
5	117264
6	196667
7	220484
8	303632
9	196013
10	268713
11	133427
12	169845
13	393689
14	383745
15	128915
16	160783
17	298386
18	195970
19	214621
20	127079
21	271425
22	109617
23	378038
24	197518
25	196338
26	110421
27	101364
28	196502
29	104765
30	169433
31	416393
32	442496
33	118918
34	195991
35	122459
36	108610
37	196645
38	189965
39	365301
40	134664
41	109006
42	194351
43	111028
44	234301
45	245297
46	447748
47	196547
48	418466
49	228847
50	138553
51	119169
52	853859
53	196284
