0.60482311249	376632
0.60582017899	411131
1.64489412308	391720
1.87121725082	234223
2.51616811752	415132
2.51636505127	193238
2.67988896370	211463
2.68441987038	340217
2.68449091911	198997
3.42188692093	408373
3.92932271957	235874
5.26705455780	528478
5.27302455902	358582
5.27414464951	199478
5.40163564682	119989
5.40461778641	224020
5.46057891846	374646
6.95716285706	386405
7.09024190903	376040
7.63601088524	474271
8.80962085724	438922
9.16627287865	368920
10.18574976921	411131
10.18595170975	198792
10.18605089188	376632
11.39324784279	391720
11.86275196075	415132
11.86330986023	198673
12.69282889366	319810
12.73936486244	195163
12.74229288101	199217
12.85551500320	283138
13.61998581886	466995
14.69066572189	384546
15.29444670677	343212
15.30170559883	359954
16.14363145828	198586
16.15400743484	346079
16.23405241966	240716
16.38418054581	298526
16.95182967186	327051
17.06929469109	196006
18.49746155739	297641
18.53290557861	278070
19.42398953438	588654
19.72115564346	301413
20.49437260628	286149
21.28778171539	378671
21.54179763794	198808
21.84700274467	199429
22.87479472160	376206
23.14055681229	335795
23.52344584465	611162
23.85274386406	199096
24.69092297554	298301
25.71148109436	353559
25.86640310287	426273
25.87209010124	233120
26.79884314537	198931
27.17230820656	273712
27.49541640282	336053
27.74527359009	233099
28.07618260384	520031
29.09640765190	241899
29.32585358620	557240
29.33295655251	280870
30.20298361778	199284
30.43210768700	238963
31.29522967339	443821
31.67914772034	272808
31.79640364647	237335
32.34352254868	112286
32.63005948067	271527
32.68656754494	199052
33.54873251915	178145
34.57432651520	420303
34.57452249527	198277
38.73529958725	227818
42.65315866470	235771
