0.14526820183	188053
0.46081519127	196737
0.48870921135	131642
0.71635723114	118478
0.77988123894	136150
0.78275632858	120116
0.78642630577	196019
0.89615035057	112349
0.98103451729	121965
0.98617362976	196208
1.05208158493	178923
1.08075547218	146175
1.17045331001	103735
1.35329246521	160189
1.42534255981	147223
1.65414667130	161574
1.83155465126	200731
1.88464975357	344889
1.93344759941	104165
2.53384947777	196371
2.97135543823	563150
2.97457242012	405946
3.01109957695	196442
3.47568058968	538844
4.17717075348	619856
4.17999362946	196131
4.39067769051	101108
4.42184472084	300470
4.67993688583	106343
4.79365491867	225503
4.88522791862	196737
4.89578580856	107121
5.48449683189	262584
5.66706395149	385615
5.67978501320	320545
5.87167382240	183761
5.99932885170	145482
6.08730077744	196141
6.08850169182	196019
6.31980872154	118718
6.39062881470	132609
6.40382289886	151067
6.44365286827	167060
6.47446680069	136071
6.74237179756	146175
6.80307579041	178923
6.80327081680	103735
7.15543293953	160189
7.19733786583	147223
7.20966696739	196208
7.31155395508	200731
7.31164288521	344889
7.40758299828	126733
7.55563712120	196744
7.63274216652	104165
7.65215826035	146749
7.73544812202	411830
7.73556733131	124400
8.09350037575	113348
8.50893545151	199335
8.50915956497	196159
9.09310460091	750438
9.09618258476	195827
9.20492768288	172108
9.35642576218	521877
9.37027573586	141290
9.78724384308	171315
9.82488465309	162214
10.14171171188	134158
10.14464163780	379262
10.19583773613	196575
10.26995563507	104636
10.65917062759	234645
11.17056059837	365509
11.22345161438	195941
11.51750254631	123037
11.52356767654	519659
11.52409052849	102633
11.73405671120	139104
11.88271260262	196748
12.18494868279	100914
12.34293460846	324679
12.54273962975	388991
13.13998675346	196062
13.17218685150	316908
14.08216381073	269768
14.16810464859	912555
14.17773985863	434489
14.55818605423	196107
14.92055606842	293938
14.92596006393	307060
15.44374203682	196644
15.89102411270	409967
16.41556620598	359575
16.46001529694	195921
21.99790644646	196169
28.93435764313	686922
31.81686568260	248650
33.80526280403	285241
