0.07478404045	224535
0.36036896706	338378
0.36162090302	196092
0.57076072693	322593
0.57313585281	256485
0.71424078941	215138
0.72253584862	196435
0.72266888618	223561
0.72271299362	188027
0.72279500961	256828
1.10773086548	451506
1.11114382744	382185
2.71516299248	2759727
2.71584296227	921982
2.71844601631	196430
4.47159194946	2516562
4.47851395607	1536694
5.08360099792	921071
5.10095691681	605697
5.10151696205	196678
6.03181314468	1300807
7.00219535828	1299313
7.00746130943	1869645
7.00764727592	195916
7.57476234436	718775
7.96504735947	929285
8.50352835655	1287841
9.47266626358	1583607
9.67535614967	1658009
9.67545533180	196580
10.77134633064	1334642
11.08975529671	1672231
11.95716524124	1055139
12.80874824524	1834950
13.76573634148	2951778
14.98677015305	2278119
15.34196996689	1998786
15.34216308594	365202
16.75631022453	1890471
16.80181336403	1855190
18.12723731995	1740267
18.33907938004	1741229
18.34146142006	196177
19.84215950966	2211157
20.15275573730	1946951
21.06614184380	1420232
21.27004671097	196438
21.52500677109	1495481
22.73429155350	1706721
22.81660366058	1412300
23.04627466202	196356
23.94889283180	1443933
24.89838385582	1838241
25.51255369186	1821815
26.31424474716	1737003
26.45522785187	1625517
26.76209187508	1585395
28.22782778740	1788199
28.28621983528	1681448
29.70718693733	1617230
29.94367098808	195972
29.99747204781	1803130
31.46878290176	1742030
31.83994102478	2185948
32.08776307106	197030
32.12699484825	2063181
33.38842082024	1472628
34.04744791985	1693029
34.86807680130	1732455
35.57741189003	1594871
36.19788408279	195690
36.57047295570	2397531
36.59241104126	1845159
38.65312004089	2101174
38.75188112259	2200998
40.28556418419	1950903
40.29607200623	1914603
40.65215897560	2075256
40.93687891960	196887
42.18131804466	1166866
42.60394906998	2449284
43.11728620529	1004953
43.90306711197	1108144
44.28017711639	1985688
44.33104920387	1204455
44.85362029076	196202
45.04725718498	1156724
45.53706121445	1305864
45.83395004272	195667
47.00126504898	1959312
47.41266584396	1270838
48.08048272133	2212441
48.80653572083	1202143
51.92865467072	1194220
53.55518269539	792433
53.98045873642	1026473
54.83809161186	1068955
55.74684071541	1354348
55.74692463875	1566336
59.73923468590	3974518
