0.21454119682	376632
0.21592617035	411131
0.21885824203	198674
0.43398332596	165843
1.10458922386	319810
1.10626435280	198791
1.21612715721	736811
1.72973608971	235374
1.74748396873	198996
2.19501209259	190468
2.60472917557	235875
3.41582417488	528478
3.51275014877	358581
3.51325917244	199478
3.54260015488	119989
3.70090007782	198668
4.10057115555	224021
4.83961105347	374645
5.08403110504	386406
5.08415198326	199063
6.30323505402	474273
6.31095814705	438918
7.19758510590	368919
7.22284817696	411131
7.22296524048	198791
8.29945302010	376632
8.34885191917	391721
9.19991588593	319810
9.20033288002	198674
9.20916295052	415134
9.65094089508	195163
10.03236985207	265875
10.08500480652	283138
10.25802063942	219998
11.23203468323	384541
11.30820465088	343212
11.94908952713	198587
12.05915260315	346078
12.08896660805	540292
12.68646550179	240716
12.82653737068	298526
13.25247621536	198616
13.27543902397	187213
13.35720205307	196005
14.11994194984	297644
14.22510886192	278070
14.68753600121	199430
14.88053894043	238739
15.08479809761	354711
15.65376901627	301411
15.76570510864	286149
15.85112214088	378672
16.28262519836	370812
16.81988716125	563176
16.87492513657	335796
17.44123029709	199094
17.64470124245	263452
17.81000423431	298301
18.41488838196	353559
18.50410842896	233119
19.18764162064	273710
19.23978161812	198933
19.69807267189	426275
20.18411779404	336053
20.22024369240	344557
20.74026060104	233099
20.95767760277	198573
21.07148957253	312299
21.72086143494	312168
21.78182029724	241899
21.92570137978	280869
22.44585442543	199285
22.64156842232	238964
23.22533154488	237337
23.46653747559	272809
23.71474361420	443823
25.81603479385	290430
29.80817174911	218720
33.81076860428	317699
33.81089782715	213131
37.80682778358	444887
41.83447480202	224507
45.72226476669	598260
45.72244882584	336296
45.72254681587	264933
