0.0052319	5055
0.0132859	3735
0.0161657	3635
0.0201588	3635
0.0265276	3635
0.0329587	3635
0.0371816	3363
0.0754716	43337
0.0902145	5115
0.1002486	5206
0.1279247	5117
0.1304667	3815
0.1311648	3328
0.1319277	3815
0.1358767	3570
0.1774457	50619
0.3347378	5060
0.3508878	617335
0.4204798	41375
0.4844487	488383
0.4847417	6049
0.4860337	195976
0.4881558	3597
0.6101027	50620
0.6807847	50619
0.6870828	196118
0.7446048	169872
0.7649651	602043
0.7656519	50620
0.8126621	50620
0.8242331	158732
0.8243930	138482
0.9564500	374497
1.0036569	153125
1.0126929	6189
1.0242660	6187
1.0609760	5902
1.0639679	5867
1.0666659	196615
1.0705690	434679
1.2076259	499353
1.2147098	176839
1.2213087	196440
1.2827048	195722
1.2843158	284328
1.4949119	702894
1.5026309	445582
1.5793028	196742
1.6253767	288179
1.7683256	716627
1.8349257	491432
2.0104406	651912
2.1662824	651076
2.2171614	462213
2.3931675	481290
2.4165986	461177
2.5167046	195946
2.5752006	5883
2.5774055	5881
2.6199844	5867
2.6249123	5852
2.6250653	567364
2.6304634	410595
2.7814195	397763
2.8403246	547914
2.8464537	297645
2.9072566	6120
2.9139817	196738
2.9226668	292724
2.9255016	16341
3.1007936	447084
3.1008956	289422
3.1706786	196129
3.1974196	409880
3.3766737	397521
3.3948298	589845
3.4980226	359409
3.6276875	196597
3.9796546	5086
4.4976654	555493
4.4999285	480703
4.5162745	196674
4.6278756	195976
4.7321584	196548
4.8979664	723678
4.9969363	449859
4.9970174	9021
5.1935015	721298
5.2766433	290077
5.2789505	740359
5.3257823	169872
5.3630433	138482
5.3634634	196045
5.4766915	374497
5.4774575	337494
5.5317054	331391
5.5526943	196615
5.6991694	370329
5.6993134	499353
5.7294395	176839
5.7598155	195722
5.7646394	284328
5.9244463	445582
6.0669713	404463
6.0962403	702894
6.1118643	288179
6.3252394	491432
6.4979043	685308
6.4979863	651912
6.6615593	462213
6.7072175	196686
6.7782505	651076
6.8009737	499959
6.8704567	195946
6.8863885	461177
6.9573655	533999
6.9736843	410595
6.9844074	196212
7.1038222	397763
7.1281803	547914
7.1528163	263901
7.2490335	353982
7.2584884	196738
7.3404715	289422
7.4555345	394169
7.4657226	409880
7.5888555	372509
7.6005654	589845
7.7560582	359409
9.7929301	196597
9.8310902	520338
13.8158231	3390
15.5040920	475093
15.5082700	323231
15.6820340	326964
15.9233069	196548
16.0466402	449859
16.0469441	617335
16.2832072	721298
16.3506861	290077
16.3518450	196118
16.3776822	138482
16.3939233	196045
16.4510064	411635
16.4957964	196615
16.5330014	153125
16.5962982	337494
16.6126573	434679
16.7324352	499353
16.8055191	176839
16.8285840	196440
16.8447850	201367
16.8652570	284328
17.0496409	445582
17.1177599	702894
17.2247450	288179
17.2257528	404463
17.4207947	491432
17.5066209	685308
17.6247659	651912
17.7220929	651076
17.7257278	462213
17.7376988	196686
17.8605437	499959
17.9215448	461177
18.0303440	567364
18.0584099	195946
18.1531348	410595
18.2648208	397662
18.2800248	397763
18.3266678	196212
18.3458447	297645
18.4066906	196738
18.4239967	292724
18.5355027	289422
18.5489726	447084
18.5965586	394169
18.6121695	196129
18.7335255	372509
18.7443926	589845
