1.89056992531	411315
2.90699601173	306269
2.94332194328	239720
2.94396901131	196061
2.95079898834	196618
5.39942193031	196223
5.40482187271	690476
6.33230304718	196751
8.95053219795	570524
9.68318438530	173970
9.68359637260	582490
9.82349729538	162274
10.06688237190	109694
10.62910246849	123340
11.02498650551	240601
11.76054573059	125444
11.83001875877	129855
11.84749984741	188525
13.02375888824	128878
13.94420289993	170940
15.06027173996	196330
15.76227855682	553957
15.99822449684	373991
17.65231847763	134942
17.94334459305	786918
18.91198658943	220715
19.60439348221	1394591
19.60783648491	906750
19.61346650124	123060
20.29805135727	167678
21.19999742508	1614030
21.36358141899	222098
21.51153659821	887523
21.63586258888	114449
21.64008569717	222506
22.21563053131	159295
22.44787240028	281462
24.11509346962	196463
24.37056851387	601127
25.07370257378	667336
25.76800560951	196061
26.06689167023	597563
26.18712162971	112640
26.90611553192	206677
29.56597042084	952083
29.56792044640	1212359
30.17501235008	138945
31.86858034134	322610
33.03019642830	196090
48.11058235168	2682376
48.11387038231	976791
48.11437845230	196668
48.58137249947	173022
48.85705041885	451455
49.10282635689	235758
49.71396136284	376475
55.54935431480	204270
55.56287741661	196209
56.44281744957	2057870
65.64840650558	861736
66.84470939636	210046
71.43229031563	964553
71.98628926277	403647
72.05251741409	205215
72.29988145828	299834
72.40284538269	331123
73.02913832664	3183110
80.26114225388	1240677
80.86472320557	1320922
81.68569922447	521880
