1	658646
2	196780
3	376812
4	520330
5	195868
6	548879
7	174655
8	115549
9	196183
10	196061
11	552122
12	265679
13	267866
14	217384
15	207549
16	376127
17	245457
18	184211
19	265447
20	476265
21	709118
22	467753
23	686693
24	169886
25	586308
26	365389
27	336749
28	212087
29	138308
30	121479
31	264996
32	196150
33	332113
34	130360
35	920560
36	713313
37	242941
38	264046
39	196303
40	196110
41	736721
42	302013
43	778006
44	885217
45	520465
46	698858
47	196572
48	1209422
49	574009
50	703948
51	1196379
52	813685
53	603196
54	196053
55	296325
56	698410
57	563287
58	735040
59	180000
60	240040
61	455477
62	195882
63	596786
64	835997
65	449670
66	421595
67	374847
68	196964
69	417831
70	129875
71	1302440
72	3630132
73	1579708
74	828013
75	368142
76	813053
77	1192785
78	2295064
79	981453
80	869545
81	3769736
82	1362445
83	196663
84	1888437
85	2376990
86	1872953
87	195948
88	196230
89	153626
90	1896867
91	2618133
92	3265532
93	1164075
94	195741
95	196744
96	7858266
