0.0002980	3635
0.0005071	3635
0.0020220	3635
0.0036540	3635
0.0052800	5055
0.0067449	3363
0.0285969	43412
0.0471499	5205
0.0489728	5117
0.1134398	5112
0.1153429	3208
0.1229737	50620
0.1230087	50619
0.1372077	5064
0.3420346	195977
1.9170675	617335
2.9109766	723678
2.9144475	326966
2.9633615	7715
2.9802694	41132
2.9917464	3233
3.0568984	196550
3.1095614	2558
4.0411365	9020
4.0416515	240177
4.8125074	551572
4.8127356	195977
5.7078545	266272
5.7082856	196675
5.7136314	3696
5.7673912	553262
5.9018021	3696
6.2883101	50926
6.3707879	326966
6.4266908	4563
6.4300759	50621
6.5904529	3493
6.7648990	617335
6.7649789	50621
8.0720539	723678
8.0721190	50618
8.1855199	449858
8.1855929	16062
8.9494910	721299
9.0044210	5059
10.0089090	290077
10.0603249	1088444
10.0607860	189509
10.5329390	169869
10.6700528	158733
11.1166527	138482
11.9954126	383143
12.3522496	411635
12.4528127	374499
13.2212756	153124
13.5196826	337493
14.4659538	331395
14.4661288	196616
14.6888740	434678
15.4365990	370328
16.6785669	353503
16.7597377	499353
16.7598519	196439
17.2723958	176841
17.4288938	201365
18.4359708	284330
19.2359936	14654
19.5491967	571150
20.8811677	702894
21.1497626	404461
21.7750397	196744
22.3806458	288181
24.3258986	23101
24.3501287	626655
25.1455078	685309
26.1735330	195993
26.1847517	1184962
27.9441657	449646
28.7207656	651077
29.6156087	462212
29.7830727	196682
30.1489978	651910
