0.42216181755	196877
6.45329403877	746134
6.45407891273	195993
11.11814379692	452329
11.11907672882	196677
13.09403371811	311048
16.99075078964	444666
19.19969081879	317132
19.20026373863	156616
20.17002677917	230481
20.17058467865	196371
20.53017354012	196203
21.27263951302	143966
21.38433861732	196062
22.12539458275	196082
22.13313865662	196450
22.50997662544	381569
23.31811881065	195972
24.56560087204	350332
24.91533780098	317877
25.25279569626	435893
25.51849055290	177051
25.99730443954	212066
26.44616937637	208360
26.58653044701	109341
26.65991425514	311048
27.25683808327	1240008
27.82489418983	959314
28.58082818985	530980
28.58094406128	196080
28.98930120468	122496
29.66630411148	473977
29.98550820351	200228
30.96400618553	776268
31.34499025345	874642
31.65397810936	1019168
31.94768810272	240801
32.51980519295	989037
33.67210507393	466048
34.26742410660	1931722
40.10131025314	808660
