1.00000000000	39107
2.00000000000	39106
3.00000000000	57553
4.00000000000	196406
5.00000000000	195966
6.00000000000	526869
7.00000000000	337686
8.00000000000	228104
9.00000000000	39108
10.00000000000	141127
11.00000000000	39105
12.00000000000	569187
13.00000000000	39108
14.00000000000	196227
15.00000000000	39108
16.00000000000	408596
17.00000000000	39106
18.00000000000	939677
19.00000000000	518555
20.00000000000	18877
21.00000000000	1142177
22.00000000000	508654
23.00000000000	195722
24.00000000000	1028024
25.00000000000	39106
26.00000000000	196094
27.00000000000	51260
28.00000000000	196459
29.00000000000	1788851
30.00000000000	568975
31.00000000000	195852
32.00000000000	194562
33.00000000000	2917898
34.00000000000	28734
35.00000000000	5000702
36.00000000000	5152560
37.00000000000	2428259
38.00000000000	4599265
39.00000000000	196105
40.00000000000	1234437
41.00000000000	2071399
42.00000000000	4811952
43.00000000000	1678873
44.00000000000	195889
45.00000000000	3763343
46.00000000000	2018317
47.00000000000	1296256
48.00000000000	1244140
49.00000000000	960081
50.00000000000	1791102
51.00000000000	1170360
52.00000000000	1751011
53.00000000000	1292823
54.00000000000	1189702
55.00000000000	1495944
56.00000000000	1923061
57.00000000000	196072
58.00000000000	196040
59.00000000000	1686606
60.00000000000	975883
61.00000000000	1074106
62.00000000000	2598872
63.00000000000	14222543
64.00000000000	3394465
65.00000000000	196406
66.00000000000	195966
67.00000000000	510645
68.00000000000	2194500
69.00000000000	3074799
70.00000000000	2354777
71.00000000000	1297978
72.00000000000	2142824
73.00000000000	4617761
74.00000000000	3382944
75.00000000000	1332155
76.00000000000	828786
77.00000000000	1689571
78.00000000000	196227
79.00000000000	2011611
80.00000000000	753651
81.00000000000	195722
82.00000000000	2714906
83.00000000000	1278572
84.00000000000	3148958
85.00000000000	7409836
86.00000000000	196223
87.00000000000	2713938
88.00000000000	6351235
89.00000000000	3015774
90.00000000000	1865620
91.00000000000	120074
92.00000000000	2201351
93.00000000000	1509387
94.00000000000	1830377
95.00000000000	3273733
96.00000000000	2342669
97.00000000000	1882906
98.00000000000	2933418
99.00000000000	196010
100.00000000000	2726129
101.00000000000	2026828
102.00000000000	483230
103.00000000000	2134211
104.00000000000	452832
105.00000000000	4107709
106.00000000000	782404
107.00000000000	1268405
108.00000000000	196101
109.00000000000	2728063
110.00000000000	1591211
111.00000000000	1338258
112.00000000000	759971
113.00000000000	1820510
114.00000000000	196138
115.00000000000	3859242
116.00000000000	4409966
117.00000000000	1858714
118.00000000000	196129
119.00000000000	2243408
120.00000000000	2633898
121.00000000000	2577472
122.00000000000	196031
123.00000000000	7588983
124.00000000000	1920711
125.00000000000	195934
126.00000000000	13355829
127.00000000000	3197795
128.00000000000	3228536
129.00000000000	4757770
130.00000000000	363781
131.00000000000	196133
132.00000000000	921435
133.00000000000	655614
