1.00000000000	39107
2.00000000000	39105
3.00000000000	45770
4.00000000000	139626
5.00000000000	83909
6.00000000000	196222
7.00000000000	47753
8.00000000000	196009
9.00000000000	139521
10.00000000000	62909
11.00000000000	60739
12.00000000000	141274
13.00000000000	39108
14.00000000000	132008
15.00000000000	37069
16.00000000000	33368
17.00000000000	105325
18.00000000000	26858
19.00000000000	46606
20.00000000000	39107
21.00000000000	121199
22.00000000000	125209
23.00000000000	39107
24.00000000000	225721
25.00000000000	39107
26.00000000000	196102
27.00000000000	129610
28.00000000000	86926
29.00000000000	196095
30.00000000000	196460
31.00000000000	334983
32.00000000000	51386
33.00000000000	195848
34.00000000000	39106
35.00000000000	194269
36.00000000000	196378
37.00000000000	365443
38.00000000000	67230
39.00000000000	300646
40.00000000000	1679991
41.00000000000	196104
42.00000000000	699515
43.00000000000	1155592
44.00000000000	1419850
45.00000000000	1408894
46.00000000000	195889
47.00000000000	1841408
48.00000000000	250867
49.00000000000	1050796
50.00000000000	195949
51.00000000000	487444
52.00000000000	928748
53.00000000000	518129
54.00000000000	542666
55.00000000000	636661
56.00000000000	1009851
57.00000000000	968858
58.00000000000	91165
59.00000000000	787695
60.00000000000	196071
61.00000000000	476065
62.00000000000	661806
63.00000000000	978450
64.00000000000	13244
65.00000000000	325135
66.00000000000	3266870
67.00000000000	379203
68.00000000000	522035
69.00000000000	195967
70.00000000000	257326
71.00000000000	1925106
72.00000000000	766209
73.00000000000	68637
74.00000000000	70400
75.00000000000	71808
76.00000000000	73216
77.00000000000	74624
78.00000000000	76032
79.00000000000	77440
80.00000000000	2791026
81.00000000000	103224
82.00000000000	79902
83.00000000000	81664
84.00000000000	1182584
85.00000000000	120074
86.00000000000	428032
87.00000000000	90112
88.00000000000	4240693
89.00000000000	940082
90.00000000000	39108
91.00000000000	744471
92.00000000000	1028024
93.00000000000	508657
94.00000000000	196226
95.00000000000	416583
96.00000000000	1162213
97.00000000000	108060
98.00000000000	730642
99.00000000000	3754881
100.00000000000	195721
101.00000000000	23102
102.00000000000	1442466
103.00000000000	133644
104.00000000000	1049428
105.00000000000	62712
106.00000000000	1062070
107.00000000000	1344950
108.00000000000	632744
109.00000000000	196222
110.00000000000	980481
111.00000000000	158069
112.00000000000	159104
113.00000000000	1719023
114.00000000000	200967
115.00000000000	162937
116.00000000000	163328
117.00000000000	963660
118.00000000000	3824402
119.00000000000	154880
120.00000000000	156288
121.00000000000	772828
122.00000000000	944104
123.00000000000	174201
124.00000000000	1050110
125.00000000000	176000
126.00000000000	150709
127.00000000000	265664
128.00000000000	356224
129.00000000000	233138
130.00000000000	196009
131.00000000000	342293
132.00000000000	1652219
133.00000000000	541968
134.00000000000	173184
135.00000000000	273152
136.00000000000	235326
137.00000000000	665331
138.00000000000	311503
139.00000000000	186927
140.00000000000	177156
141.00000000000	188672
142.00000000000	178816
143.00000000000	190080
144.00000000000	180224
145.00000000000	191488
146.00000000000	141404
147.00000000000	1136169
148.00000000000	241226
149.00000000000	243896
150.00000000000	183262
151.00000000000	567746
152.00000000000	185856
153.00000000000	111070
154.00000000000	286220
155.00000000000	1145849
156.00000000000	274428
157.00000000000	188051
158.00000000000	36608
159.00000000000	384096
160.00000000000	1222621
161.00000000000	390016
162.00000000000	396880
163.00000000000	395390
164.00000000000	27059
165.00000000000	199750
166.00000000000	1050545
167.00000000000	404096
168.00000000000	498597
169.00000000000	2521579
170.00000000000	196138
171.00000000000	2504770
172.00000000000	1185732
173.00000000000	196130
174.00000000000	1053990
175.00000000000	1672839
176.00000000000	3127523
177.00000000000	1335801
178.00000000000	2351763
179.00000000000	1780616
180.00000000000	196032
181.00000000000	8344705
182.00000000000	171776
183.00000000000	3080613
184.00000000000	162458
185.00000000000	3197765
