1.36881089211	111806
2.46619892120	419228
2.46781182289	401444
2.97940587997	183432
2.98351693153	457067
4.03376889229	646284
4.04259181023	669252
4.29849386215	196082
4.90206599236	854708
4.90468287468	473979
5.78470087051	276639
5.78528285027	158951
5.80113601685	848932
7.10346293449	615276
7.10359692574	196614
8.58061099052	486480
8.91773796082	113706
9.17393088341	372555
9.17671203613	126434
9.75053596497	196062
9.75485301018	100643
10.12778401375	149761
10.75640201569	196082
10.75653696060	196451
11.55881500244	117436
11.58985900879	957614
12.57488107681	176000
12.73625612259	189200
14.30701327324	502303
15.58648943901	2436311
16.96970033646	1142872
18.14320826530	241934
18.54067826271	1378685
19.18640422821	172668
19.98381423950	548767
31.96663928032	2062192
32.02762818336	274687
32.36201429367	4729347
33.00865030289	159931
33.01278543472	422400
33.01957941055	143616
33.87590241432	145024
34.54858040810	217797
35.67551827431	2011985
36.58341813087	509696
37.45852017403	170368
38.36122822762	134872
38.82478833199	5452500
39.97594523430	347776
40.88358116150	176000
41.79948925972	177408
42.73121619225	178816
43.66568017006	179000
44.94696927071	174114
44.94702029228	1838256
45.41668224335	773574
45.43346834183	929886
45.44484448433	189866
45.95111155510	1050302
46.85119462013	210084
47.87792062759	1166936
48.91288256645	199936
49.96704554558	201344
50.58586764336	201950
51.60688972473	204160
52.64266276360	205568
53.30970454216	3186949
53.70456743240	436530
53.94202637672	208864
54.18115830421	211200
54.67630934715	212608
55.81339740753	214016
61.19189238548	1090608
62.28345942497	222464
63.05370736122	3811768
64.42755937576	449152
65.56365442276	148472
66.08121728897	919128
66.34727644920	228576
67.47310543060	229504
68.60733628273	230912
69.31811547279	919128
71.16484832764	460694
71.16703939438	421281
81.56775045395	5551831
81.56787657738	374070
82.46461153030	7324102
82.97603249550	373120
83.75791954994	130698
84.32251572609	187870
85.23947572708	190080
86.11646676064	218463
89.44613766670	6362960
90.59767460823	2180178
91.51679658890	206976
92.44398665428	208088
