0.01015615463	235639
0.46190214157	252029
0.46801924706	195720
0.46838712692	196461
0.79746007919	195851
0.80358004570	179152
0.97954511642	190745
2.05606913567	493653
2.78211927414	198922
3.49200320244	585849
4.26958131790	407535
5.11871623993	696756
5.82198905945	492479
5.83341121674	213219
6.72671127319	159652
7.22591042519	123674
7.51701331139	147484
7.84006929398	598949
8.17063117027	107008
8.85887122154	204260
9.20402932167	110878
9.86960935593	112284
10.41732621193	120732
10.65383315086	290746
15.56842017174	1294388
16.34888410568	526868
16.80384707451	120073
17.39999604225	259080
18.34885287285	569187
19.11049485207	408597
19.42890906334	317294
20.06699299812	151230
20.48106718063	483488
20.78763914108	253086
25.58978319168	782635
26.81463932991	575114
27.21197438240	433210
27.87611246109	153472
28.69823241234	138877
29.44954037666	395679
30.42370629311	164151
30.90455031395	406911
31.17908430099	138439
31.67843222618	295325
31.75143527985	120102
32.31597423553	102428
32.56197810173	104192
32.80932497978	105600
33.04788994789	107008
33.30343103409	108416
33.31919407845	115878
33.99175500870	110878
34.66753506660	706504
34.98108601570	459008
35.10404300690	187494
35.89759588242	196511
36.39368700981	121214
36.66988110542	408265
37.60155916214	240774
38.08000516891	468143
40.16682910919	545656
40.86507630348	1358917
44.58941030502	590364
44.58948826790	329363
51.63760519028	1499801
51.64116811752	196032
51.66577696800	489658
52.28165483475	162973
53.11403083801	286121
53.92588973045	1048960
54.77807688713	104192
55.49599885941	105600
56.02212381363	101376
56.75872898102	107008
57.29036092758	102784
58.18593692780	103838
58.98986315727	217883
58.99267911911	105600
59.82264423370	223872
61.15962219238	114048
63.17087721825	148083
