0.26101303101	139628
0.26452612877	196224
0.50947618484	196011
0.56566619873	139519
0.66689705849	141272
0.76147222519	132010
0.82110023499	105325
1.32700419426	129612
1.47025918961	196096
1.66498708725	281405
2.55078315735	334980
2.55115914345	195850
3.89551615715	323338
3.89843797684	196378
4.76299095154	495226
7.73891091347	885079
7.73926496506	484981
7.73933696747	1679991
7.74075698853	196104
11.19790482521	699515
12.12861084938	1155592
16.42090201378	1419852
16.42105793953	901358
18.05632305145	195890
18.49826717377	1841408
19.62114119530	250867
21.07581925392	1050795
22.20224714279	195948
22.29139113426	487442
23.39943408966	928749
23.40773415565	144669
24.34969615936	518131
25.82035112381	542666
27.36785006523	636659
29.85895109177	824189
30.19557809830	1009848
31.12969422340	787694
31.34619235992	196072
32.00011134148	752970
32.02700233459	476066
33.49419736862	325136
34.67936348915	189726
35.17055439949	978448
41.22030639648	3266869
41.22335338593	522032
41.44771742821	139019
42.47372531891	195969
43.16118931770	101376
43.84977030754	102784
44.54513025284	104192
45.03622341156	1150732
46.04766225815	764683
46.31712341309	1050728
46.82057237625	999680
47.05880522728	120073
47.08208632469	101376
47.63778424263	118272
47.85304427147	102784
48.44583630562	121403
48.90574717522	1380868
49.16008114815	239885
49.80598115921	106653
50.56201124191	108416
50.72088623047	518553
51.87457323074	185098
52.53462910652	110877
52.78411626816	509614
52.86034727097	818274
53.38728022575	196224
53.41618609428	130727
54.24716210365	132352
54.47946119308	352000
55.09232020378	133760
55.74921917915	134970
59.88334012032	703732
63.46719503403	1060484
63.46976590157	195722
67.35074877739	1442463
67.47385072708	3806539
68.64651465416	318090
69.60369157791	160512
70.57655763626	161920
71.09015178680	1048652
71.53355264664	163328
72.73633766174	331509
73.73299670219	168960
74.20315957069	632744
75.42311453819	174273
76.16512465477	170990
76.46112966537	980480
76.68819069862	172571
77.01907658577	275734
77.72383570671	174592
78.47469973564	242405
78.69292163849	176000
79.05968856812	279405
79.74609565735	177408
80.11159253120	280192
80.80653858185	178816
81.95281052589	171038
82.44288063049	404062
83.05628347397	363744
83.68927145004	304856
84.12877750397	3693907
84.74433541298	157820
85.04829025269	159104
85.35431718826	160512
85.97264313698	1404092
86.86496520042	153472
87.75909519196	154880
88.66134715080	156288
92.68640422821	1492084
93.53533411026	176000
93.93664622307	2601672
94.89048528671	196011
95.07717442513	1096779
95.32847237587	326898
95.67812037468	168143
96.03592038155	178565
96.64543032646	168960
96.99842643738	180224
97.62204337120	170368
97.97807741165	181632
98.60776329041	171776
99.21042227745	137180
99.51364421844	173184
99.81401920319	184227
100.50316715240	174592
101.18821120262	185820
101.87348818779	351221
102.57676529884	188675
103.25983929634	356224
103.59659123421	190080
104.00862526894	1063118
104.28933930397	168548
104.61886334419	1344775
105.03728842735	181707
105.49908638000	300064
105.50276136398	222464
105.88792443275	183040
106.22572827339	192799
106.90369534492	199804
106.90723848343	184448
107.21819734573	194304
107.82376027107	195712
108.50418734550	306408
109.37760043144	114048
110.25120329857	115456
111.14439439774	116864
111.26075434685	959647
111.53030133247	911562
112.08200931549	203669
112.58604526520	389721
113.16264820099	196935
114.09029626846	198528
115.44961428642	737907
116.18261909485	127076
117.35876512527	1345475
120.33292913437	1576714
121.26668024063	1065789
121.88367414474	220797
122.62995624542	188797
125.10661506653	828053
127.59527015686	623990
128.61175107956	2322172
131.22221827507	1053994
132.71733140945	136222
141.38807630539	2888649
145.34952330589	5459394
145.35293936729	238875
145.90459632874	1050135
146.43821740150	285666
146.99226856232	263926
147.22790145874	1837925
147.69251251221	266112
147.92837142944	265816
148.63048958778	248022
148.80059838295	519221
149.55716252327	269888
149.99294853210	240486
150.19727253914	271744
151.41181755066	1296624
151.79855966568	1048923
