0.13405489922	120073
0.69239282608	342298
1.00910282135	140945
1.31469988823	122589
1.31860399246	195721
1.31913781166	196225
1.42130088806	319377
2.35897088051	106219
2.39001393318	196096
2.39012479782	196461
3.53863573074	195852
3.61229181290	194270
3.74100685120	300645
4.77367973328	365443
7.14266276360	885078
9.96971869469	1679989
10.16055274010	591043
12.86754393578	481110
13.88406896591	786027
17.29548597336	944607
17.29564189911	196106
17.86141705513	1130060
19.35813903809	681499
19.49557995796	290704
19.83694601059	136180
20.15985798836	323409
20.81032896042	613420
22.76962590218	334647
23.54520893097	658626
25.15935111046	446202
25.57148432732	264889
26.04643440247	697712
26.48221945763	540244
27.65761852264	116650
27.87943863869	476063
28.79233860970	752971
30.74548363686	325135
30.74588251114	102538
31.31475567818	978451
39.03668665886	3266870
39.03685665131	522034
39.69692850113	139022
39.78503346443	196408
39.89511656761	195968
40.42050361633	1150729
41.41046357155	1289232
42.34957957268	167552
44.86180853844	196376
46.51975250244	2431597
46.52301430702	137712
46.63702535629	323589
47.04149746895	811147
47.17251229286	211805
47.97025513649	642217
48.30870318413	306750
48.86041712761	214621
49.51792716980	111232
49.93533515930	215424
50.55471396446	400166
51.62937593460	196225
51.72114706039	119680
51.95438790321	328424
52.67693805695	180831
53.26000189781	254526
57.15780186653	501218
58.23325991631	1629091
59.36450600624	411626
60.32199001312	115456
61.02918982506	323013
61.32697677612	235136
61.73505377769	896395
62.40968275070	121213
63.38096761703	122496
64.36290359497	123904
65.35192275047	125312
65.70730376244	835536
66.16472578049	108654
66.87759685516	128254
67.18745183945	415963
67.89737677574	129536
68.20916485786	209792
68.75983595848	211802
69.61010098457	196220
70.38353896141	133884
71.44681000710	135168
72.51362299919	136576
73.09162497520	734736
73.55471491814	112511
74.20654296875	138109
74.71499204636	280192
75.28333091736	282196
75.29544901848	597181
75.83832311630	145148
79.21066403389	2257195
79.33151197433	499213
79.91208791733	152187
80.54564976692	226332
81.14688777924	153597
81.73697471619	232320
82.09075069427	154880
82.69262075424	118272
83.65779757500	119680
84.63067173958	121088
85.53562974930	1449946
86.21482086182	132476
86.65250372887	179310
87.01787471771	787346
87.02641868591	133760
87.66532468796	139272
88.27953982353	138613
88.29821276665	135294
88.91109991074	164859
89.31246590614	136576
90.30402278900	154284
90.31650781631	137984
90.96126770973	167676
91.71751976013	801242
92.43415164948	280317
92.83988571167	142208
93.20076370239	133886
93.92535161972	143616
94.26893448830	692399
94.27520871162	135168
95.23583269119	253289
95.76090264320	147963
95.82448267937	448217
96.74439263344	574769
99.89129662514	715406
102.38455772400	450336
102.38463854790	196139
103.50276637077	189725
106.01030540466	1936677
108.54150938988	516785
108.54159450531	754081
113.86238145828	1465756
116.54291129112	748516
119.73536729813	895755
123.64970231056	1060135
123.65040230751	196032
125.40091633797	2593054
125.97574949265	195930
126.21874165535	184448
136.30794882774	2320902
136.30811762810	1657020
137.93349266052	1957915
