0.00008010864	196748
1.80722618103	243692
1.80760622025	229003
1.91051721573	195930
3.07007932663	333343
3.07048130035	318848
3.48203611374	196523
3.48269009590	196525
5.14856410027	258576
5.36318421364	196333
6.28719210625	149949
8.73560714722	809789
8.73607707024	196469
16.40701127052	2018758
16.46081519127	196102
16.46947622299	196315
30.04768514633	3364907
35.50374221802	1306002
35.51779723167	196401
40.05376815796	886894
41.02425813675	598367
43.79366517067	662677
44.03265833855	318848
44.03551340103	318998
44.37240052223	154295
48.12552666664	963145
48.12562370300	418716
48.90679979324	459997
49.17515778542	452817
49.17522692680	196038
49.73584508896	113694
50.09539008141	464182
50.43489813805	452775
50.67481422424	265072
51.25960826874	549784
