0.30929589272	196333
0.31331706047	196466
2.41761517525	1259187
2.41842508316	228699
4.12753200531	700983
4.12783002853	195855
4.30738306046	196528
4.30750203133	196525
5.28444910049	1428469
5.28484511375	196333
5.98591017723	301738
6.88506627083	700983
6.88515329361	196466
8.75615930557	1259187
11.12101221085	1833328
11.12109732628	195855
14.67529129982	3364907
16.34876823425	1306001
16.34922337532	376655
17.64145421982	886895
18.20961308479	598367
19.22324919701	662678
19.22334814072	371863
19.72342419624	318849
20.27731633186	196748
20.27984619141	318998
20.28560924530	188544
21.21688508987	195930
21.73509120941	196853
22.81230521202	1000325
22.81510019302	195909
22.81530332565	418717
23.74340128899	169085
23.91584110260	336486
23.93550419807	452817
25.18745517731	196574
25.28188800812	494008
25.30531907082	464179
25.75356507301	196135
26.87997698784	452775
