0.00587821007	257845
0.12778830528	228162
0.12791228294	199191
0.39254927635	377849
0.56899023056	364890
0.56917428970	198565
0.89534831047	452462
0.89561843872	388892
0.89586639404	199251
1.10766625404	105246
1.59138321877	1688450
1.74724030495	487269
2.35838723183	1378620
2.43061137199	198588
3.49029040337	1248175
3.49257254601	198901
3.88902163506	287620
4.05297160149	797025
4.11230564117	231667
4.36611151695	490299
4.36641168594	1489846
4.37703657150	272053
4.76962447166	454376
5.30233645439	734067
5.30250644684	198746
5.38027548790	199119
5.38197755814	1164316
5.60988569260	328081
6.56006979942	1347540
6.83027076721	1349773
7.05966877937	235619
7.65317773819	1436313
7.65330982208	199191
7.65484285355	710955
8.79007887840	1340757
8.91075897217	1390969
10.06318092346	1512049
10.06580090523	369083
10.07539701462	1299181
10.98021912575	826690
11.36226725578	1402929
11.50056838989	487269
12.02847027779	938144
12.24519515038	967006
12.53082323074	198588
12.89229035378	1378620
13.66925239563	1095055
13.73930644989	822901
14.05487346649	198894
14.20262050629	1257473
14.46469140053	817402
14.96544551849	892899
15.38280558586	824203
15.71653246880	199080
15.72174239159	903534
15.86950039864	344152
17.01623439789	1314342
17.08921360970	1719869
17.83762764931	1218662
18.19677972794	1096988
18.21213769913	198598
18.27924180031	1207130
19.32979083061	847929
19.36377978325	1134912
19.39134883881	753620
19.46327090263	199312
20.22768783569	795346
20.31747579575	760477
20.44339275360	670092
20.89474868774	198721
21.01628756523	773830
21.01644134521	688286
21.93776154518	743246
21.95525264740	949973
21.96267247200	663526
22.10280752182	198611
22.50283050537	683749
22.82635140419	690783
23.07118129730	199369
23.22154426575	778531
23.63189220428	1066042
24.30504727364	1143313
25.27987933159	1272813
25.41858625412	1564096
25.56398820877	1205540
25.56442928314	819133
29.52461338043	1549509
33.56119918823	1297511
37.45346140862	954264
37.45365834236	683947
41.50196242332	1131902
45.40839529037	2751132
49.32588124275	1207889
49.71125125885	612151
49.74890327454	641256
51.66660141945	2120562
55.58033442497	492168
59.47363948822	475150
