0.08343005180	144210
0.35802698135	228162
0.35907506943	199191
0.67664408684	377846
0.67855215073	174384
0.92704534531	364890
0.92710232735	198566
0.95049023628	452463
0.95137929916	199252
1.45312929153	826688
1.50261330605	487268
1.60685729980	198589
3.03847026825	1248175
3.04079627991	198903
3.14995026588	797027
3.37973928452	493371
3.53971123695	490298
3.53982543945	1536309
3.93443751335	272052
4.00047039986	454377
4.64221239090	734064
4.64230751991	198744
4.95754742622	328079
5.25154829025	1164315
5.25184941292	199120
6.24348449707	1347542
7.31458950043	1349774
7.53077650070	1436315
7.62663149834	235618
7.62674355507	199191
8.27177143097	710955
9.58498144150	1390967
9.58647227287	1340759
11.04863119125	1512051
11.44492125511	1299179
11.44793415070	191526
12.40676212311	1402929
12.91687512398	938147
12.94437813759	487268
14.39577412605	967007
14.45451021194	1378619
14.68576335907	198589
14.70097637177	994390
16.01874518394	1095055
16.12327623367	1257473
16.56936621666	198894
16.88129901886	817402
17.43686819077	822901
17.90517926216	903535
17.93990826607	892902
18.41119027138	199076
18.80928206444	942393
19.98962807655	824204
20.18057823181	1218662
20.54753923416	1314343
21.50689530373	1096990
21.78493237495	198598
22.45111846924	1207129
23.08605051041	1121631
23.13472867012	1134912
23.40841650963	199315
23.46706056595	753620
24.30652451515	795347
24.67425465584	670093
25.16898965836	760478
25.21579074860	847930
25.86766767502	198721
25.89098453522	773828
25.96006846428	688285
26.94433665276	743247
27.37658047676	949972
27.39363431931	663527
27.65047931671	198611
27.77663922310	683749
28.81612420082	690787
29.13304114342	199366
29.18796420097	778532
29.19655203819	1066040
30.75083208084	1143311
31.27716994286	1564097
32.23707389832	1272814
32.71109485626	1205538
32.81254172325	198929
33.06113982201	1447175
34.46629500389	933145
35.56362986565	1408297
39.62166476250	1150207
39.62176895142	198508
43.58103394508	1475031
47.63789200783	1299204
51.60682988167	1220561
52.97200393677	388891
53.43457174301	649303
53.47471570969	641258
53.58746981621	1257060
57.50632882118	915241
