0.09057521820	256162
0.28590035439	199332
0.71454238892	992990
0.71552133560	198732
0.71732854843	185820
1.06647658348	566222
1.06697463989	198715
1.08763575554	164343
1.38079667091	506093
1.58736085892	533047
1.73283481598	354725
1.73468875885	199305
1.74097871780	198668
1.95827889442	198822
2.34979581833	907864
2.35132169724	210539
2.69789791107	675119
2.70154786110	199170
2.70483493805	474727
2.99961090088	198616
3.00022697449	196889
3.12189698219	198812
3.96625685692	1721256
3.96636891365	222311
4.44859290123	978847
4.45463204384	198682
4.79746103287	739467
4.79802489281	135508
6.00830292702	2715316
6.64557290077	1549446
6.64573884010	199332
7.12630081177	992990
7.12682080269	199310
7.48524069786	757343
7.48532676697	185820
7.83533763885	664811
7.83800673485	164343
8.11924862862	354725
8.11991357803	199305
8.33130955696	533047
8.41062068939	293972
8.41087865829	198668
8.44245243073	191185
8.63825130463	210539
8.63840937614	198822
9.26531839371	675119
9.26784944534	199170
9.40974450111	907864
9.42610859871	196889
9.61560368538	198616
9.67923760414	273256
10.02729845047	551494
10.08295345306	505643
10.08651447296	199653
10.28678536415	137577
10.32499647141	266347
10.80061054230	605829
10.80079340935	198325
10.97279047966	885374
11.05759739876	198827
11.10638356209	496233
11.36345362663	268065
11.37176561356	184285
11.37248063087	228247
11.58115172386	199105
11.58491182327	134876
12.06173992157	959074
13.37038278580	105180
18.68606257439	180829
20.61149263382	300863
20.61173272133	198685
25.13535070419	745027
34.83212780952	723640
34.83263587952	199041
38.78162479401	342052
44.69035100937	271019
