0.22979307175	256161
0.83121800423	199331
2.67833590508	992991
2.67876982689	198734
2.67934393883	185819
3.70207905769	566221
3.70219802856	198714
3.70224523544	164342
3.70335221291	222310
4.62998437881	2117718
4.63278126717	393326
5.50920915604	377688
10.58565425873	2715287
13.28477621078	1549444
13.28605127335	384769
15.34399724007	992991
15.34687328339	198734
16.97565817833	566221
16.97583818436	185819
18.48097920418	684521
18.48367524147	164342
19.95575904846	354725
19.95607614517	199304
20.83171296120	293972
20.83470296860	533046
20.84242606163	198670
21.57994103432	210542
21.66498208046	191184
22.49342894554	198822
24.31188082695	675118
24.97410988808	196888
24.97428202629	199170
25.45924496651	907863
26.79450488091	273255
26.79545402527	198617
26.85626482964	551494
29.12787389755	505645
29.13060879707	199651
29.87237787247	137578
30.03921294212	885375
30.52150797844	198328
31.47040581703	605829
31.58317899704	198827
32.49524188042	228246
32.71150779724	268065
33.32365560532	184283
33.34371161461	749336
33.99059057236	287032
34.11473560333	199106
34.39772462845	134876
35.02387857437	198684
35.25646257401	105179
36.96050977707	455773
37.14903783798	221059
38.52211380005	959077
38.60205674171	199043
39.14315080643	549887
40.31644272804	293605
