0.22569704056	198986
1.25383901596	317694
1.25780391693	198724
1.26193904877	341500
1.37817597389	459843
1.40720105171	252463
1.49496793747	199085
2.03771996498	300855
3.15118694305	376916
4.83248376846	309119
4.84947681427	350327
4.84962463379	249667
5.46794271469	103536
5.46808671951	181811
5.59019184113	243314
5.59088277817	236872
6.80735278130	214627
7.30803656578	329502
9.32195758820	562019
9.32219648361	924911
9.77816843987	755145
12.57124853134	821918
13.04668855667	812127
13.04683256149	396140
15.78639173508	697815
15.95164179802	694884
19.15632462502	823922
19.32516169548	867624
19.32529973984	198855
22.32970666885	683712
22.37156367302	723559
25.05599355698	590270
25.87560153008	929515
26.69073653221	251883
26.77469372749	432567
27.25133061409	507229
27.43940973282	391273
28.77866983414	568770
28.94200277328	565850
30.28715062141	495583
30.45064377785	546735
32.14388275146	143502
32.53496980667	657522
32.64080381393	1040167
32.78467082977	198724
33.30875468254	1057321
35.31403183937	867727
36.47348999977	256256
37.03276681900	738840
38.20308375359	668647
40.27168583870	829328
40.84617686272	412388
40.84908390045	199085
42.13971781731	127771
43.50683188438	949815
45.41810989380	145351
45.44026303291	604046
46.18830490112	198715
46.31904387474	925972
47.07755184174	107008
47.29906082153	571388
47.50297284126	432513
48.31575798988	199254
48.31953406334	317851
48.31973695755	494126
49.25961184502	253440
49.28631186485	662398
49.87529492378	115212
50.60173606873	599430
50.64232420921	116864
51.46997904778	118272
51.77004718781	229822
52.19782018661	119680
52.56712126732	121088
52.91391921043	725085
53.74035525322	198757
53.81972622871	178659
54.46800732613	125437
55.34602713585	126720
56.02833628654	569798
56.35541224480	427055
57.04754614830	291096
57.05284404755	101376
57.34500408173	498498
58.39889907837	198865
58.40620827675	215424
59.08383035660	133044
60.00893139839	133760
60.43240237236	193396
61.16274023056	108061
61.41511321068	1049566
61.92531538010	109824
62.35308337212	104734
62.56825137138	386421
63.17657256126	199170
63.20484542847	139517
63.63139557838	204104
64.09069967270	140800
64.39424753189	114483
65.06514763832	142208
65.37291860580	115456
66.05003952980	143616
66.35390472412	116864
66.74970555305	795362
67.47456455231	145761
67.97845339775	476714
68.48513936996	146432
68.84023857117	284339
69.64080953598	122053
70.07070970535	342863
70.56523776054	304083
70.59911870956	124029
71.30788779259	151022
71.64400172234	125312
71.64865565300	152064
71.94254064560	126720
72.61023449898	862676
72.88607549667	128128
73.62782430649	129536
73.96740627289	388282
74.52045631409	157864
74.79888129234	275943
74.80257129669	159104
75.43746519089	775003
76.30675220490	129536
77.09158420563	485199
77.14311122894	130944
77.64046740532	166068
78.00838923454	132352
78.56096029282	167126
78.91533422470	268928
79.39809536934	963632
79.40728831291	168960
79.43194341660	143742
80.05309629440	139159
80.96354627609	139392
81.69821739197	441554
82.27458143234	172695
83.07966041565	532166
83.78985548019	472252
84.45093345642	145976
85.23113942146	630086
85.89065742493	146556
86.26194047928	360785
86.62995147705	147840
86.63789629936	183040
86.99494147301	149248
87.31465744972	911462
87.97268533707	150656
88.50619029999	305421
89.20588517189	154638
89.92668724060	379720
