1.00000000000	39132
2.00000000000	39131
3.00000000000	13246
4.00000000000	198597
5.00000000000	340580
6.00000000000	39130
7.00000000000	157485
8.00000000000	242823
9.00000000000	257845
10.00000000000	199316
11.00000000000	17468
12.00000000000	16061
13.00000000000	39132
14.00000000000	136521
15.00000000000	39130
16.00000000000	231308
17.00000000000	198901
18.00000000000	245798
19.00000000000	172107
20.00000000000	39130
21.00000000000	84052
22.00000000000	34364
23.00000000000	67341
24.00000000000	199228
25.00000000000	85692
26.00000000000	39132
27.00000000000	118472
28.00000000000	89921
29.00000000000	87557
30.00000000000	198745
31.00000000000	16011
32.00000000000	17629
33.00000000000	16995
34.00000000000	228782
35.00000000000	43321
36.00000000000	199119
37.00000000000	247999
38.00000000000	255538
39.00000000000	60750
40.00000000000	245508
41.00000000000	199189
42.00000000000	74269
43.00000000000	228161
44.00000000000	63360
45.00000000000	33792
46.00000000000	584772
47.00000000000	578107
48.00000000000	27144
49.00000000000	35773
50.00000000000	38016
51.00000000000	39424
52.00000000000	40832
53.00000000000	696284
54.00000000000	598621
55.00000000000	612152
56.00000000000	471522
57.00000000000	351532
58.00000000000	45206
59.00000000000	196940
60.00000000000	95390
61.00000000000	95744
62.00000000000	97152
63.00000000000	377148
64.00000000000	293040
65.00000000000	477572
66.00000000000	198588
67.00000000000	12672
68.00000000000	14080
69.00000000000	624256
70.00000000000	68992
71.00000000000	350550
72.00000000000	142208
73.00000000000	73216
74.00000000000	39131
75.00000000000	21541
76.00000000000	414758
77.00000000000	68156
78.00000000000	25344
79.00000000000	26752
80.00000000000	28160
81.00000000000	393244
82.00000000000	469897
83.00000000000	197298
84.00000000000	38588
85.00000000000	599750
86.00000000000	40053
87.00000000000	91165
88.00000000000	40832
89.00000000000	92928
90.00000000000	42240
91.00000000000	13141
92.00000000000	94336
93.00000000000	608572
94.00000000000	43648
95.00000000000	14080
96.00000000000	95744
97.00000000000	129907
98.00000000000	15488
99.00000000000	97152
100.00000000000	132352
101.00000000000	16896
102.00000000000	99968
103.00000000000	98560
104.00000000000	133760
105.00000000000	16896
106.00000000000	47872
107.00000000000	99968
108.00000000000	135168
109.00000000000	18304
110.00000000000	101376
111.00000000000	18304
112.00000000000	383321
113.00000000000	22528
114.00000000000	41405
115.00000000000	22528
116.00000000000	361130
117.00000000000	43648
118.00000000000	45056
119.00000000000	50688
120.00000000000	256380
121.00000000000	46464
122.00000000000	35484
123.00000000000	102430
124.00000000000	47872
125.00000000000	478483
126.00000000000	22024
127.00000000000	47038
128.00000000000	49280
129.00000000000	317052
130.00000000000	61596
131.00000000000	524707
132.00000000000	63360
133.00000000000	81309
134.00000000000	64768
135.00000000000	83072
136.00000000000	66176
137.00000000000	519552
138.00000000000	67584
139.00000000000	45056
140.00000000000	68992
141.00000000000	42240
142.00000000000	70400
143.00000000000	278725
144.00000000000	59959
145.00000000000	88349
146.00000000000	72861
147.00000000000	90112
148.00000000000	636789
149.00000000000	74624
150.00000000000	91520
151.00000000000	51954
152.00000000000	76032
153.00000000000	92928
154.00000000000	53504
155.00000000000	77440
156.00000000000	94336
157.00000000000	54912
158.00000000000	78848
159.00000000000	102998
160.00000000000	56320
161.00000000000	57728
162.00000000000	133680
163.00000000000	12672
164.00000000000	59136
165.00000000000	81310
166.00000000000	33258
167.00000000000	83072
168.00000000000	60189
169.00000000000	84480
170.00000000000	61952
171.00000000000	85888
172.00000000000	63360
173.00000000000	87296
174.00000000000	40666
175.00000000000	64768
176.00000000000	65822
177.00000000000	140443
178.00000000000	133760
179.00000000000	52096
180.00000000000	68992
181.00000000000	53504
182.00000000000	70400
183.00000000000	54912
184.00000000000	71808
185.00000000000	56320
186.00000000000	31168
187.00000000000	217022
188.00000000000	74269
189.00000000000	36608
190.00000000000	76032
191.00000000000	38016
192.00000000000	144250
193.00000000000	77440
194.00000000000	39424
195.00000000000	78848
196.00000000000	40832
197.00000000000	80256
198.00000000000	390381
199.00000000000	15488
200.00000000000	335938
201.00000000000	42240
202.00000000000	43648
203.00000000000	97098
204.00000000000	549910
205.00000000000	253086
206.00000000000	340949
207.00000000000	110396
208.00000000000	57728
209.00000000000	59136
210.00000000000	60544
211.00000000000	635175
212.00000000000	220489
213.00000000000	32384
214.00000000000	33792
215.00000000000	219980
216.00000000000	71808
217.00000000000	316070
218.00000000000	673686
219.00000000000	30807
220.00000000000	608372
221.00000000000	76606
222.00000000000	853871
223.00000000000	82717
224.00000000000	38016
225.00000000000	43648
226.00000000000	710719
227.00000000000	939018
228.00000000000	59136
229.00000000000	60544
230.00000000000	61952
231.00000000000	121905
232.00000000000	90686
233.00000000000	47872
234.00000000000	49280
235.00000000000	849814
236.00000000000	116989
237.00000000000	473088
238.00000000000	54912
239.00000000000	808371
240.00000000000	64412
241.00000000000	86656
242.00000000000	74267
243.00000000000	76032
244.00000000000	77440
245.00000000000	78848
246.00000000000	79900
247.00000000000	81664
248.00000000000	536432
249.00000000000	11517
250.00000000000	77085
