0.00096702576	199253
0.98071312904	106990
0.98533010483	145350
1.49088907242	395642
4.06697320938	178605
4.15912222862	198976
6.32795429230	160457
7.72530436516	152756
8.49530839920	112055
8.49544143677	199255
8.71986031532	194238
9.21856236458	107288
9.31059622765	225508
9.56763124466	124582
9.87977433205	134813
10.63856124878	207608
10.83163809776	255387
10.84281015396	250018
11.78196930885	166103
14.12828230858	153139
14.71622753143	241922
14.74944543839	395489
15.36612153053	213655
15.60327267647	160597
16.65854859352	117417
16.66051959991	125198
17.26072359085	124957
17.84865546227	216544
17.86094355583	377915
18.24227452278	178658
18.78669357300	101643
19.26046061516	158481
19.28238463402	119680
19.57434844971	253872
19.92484545708	133760
20.05267262459	175988
20.67383360863	219405
21.46525549889	335186
21.79087352753	128128
22.36212062836	154779
22.93462467194	114048
23.33173465729	384741
23.95340776443	130585
24.46098589897	229842
24.71946668625	315276
25.44728350639	469363
25.63857650757	312361
25.98934054375	101376
26.00987863541	222704
26.02570676804	102784
26.30053377151	104192
26.45433783531	212608
26.56517481804	211200
26.77331471443	104067
29.51856470108	213675
30.44608187675	199342
31.04937291145	274739
31.63511586189	264379
