0.00033211708	145353
0.88137912750	303633
0.88249421120	235108
1.40762138367	247204
1.41154026985	198381
1.82670545578	172850
1.82684326172	198858
2.28978824615	123925
2.29318332672	361494
2.32790231705	360424
3.74292421341	841574
3.74926638603	198978
3.74942040443	312254
5.50434255600	767810
5.50491046906	199254
5.97591257095	691073
6.66816663742	572653
6.67301845551	239799
7.35408139229	311884
8.23455834389	464616
8.34884643555	467840
10.52489233017	738518
10.54238629341	924911
12.39002227783	821916
12.40290641785	755146
14.14100337029	812127
14.14145040512	396141
14.18062734604	697815
15.79126429558	694880
16.52522730827	823921
17.70950531960	867623
17.71008133888	198858
18.40568637848	683712
19.25182938576	723558
20.68878841400	590268
20.91137218475	929513
21.45462036133	432565
22.38748431206	507228
22.46243214607	391269
22.48943018913	395491
23.96176624298	568768
23.96840620041	565850
24.63998317719	198987
25.23512434959	546734
26.61297917366	657523
26.88995122910	495586
27.71014618874	1040166
28.45639610291	198722
29.51877212524	1000096
30.65845131874	867728
31.79657936096	738843
32.44745326042	668647
33.26779627800	199087
34.00981831551	829328
34.02759218216	1057320
35.81419014931	949814
36.00304722786	699132
37.08357620239	317687
37.35709118843	604046
38.00846529007	198716
38.60867118835	735411
38.60889530182	432516
39.15830135345	199256
40.37060832977	801115
40.52331423759	494127
42.36735820770	599431
42.37327718735	662401
42.49994015694	769772
43.10433912277	198758
44.45203709602	725087
44.70706009865	569797
46.13219809532	611148
46.13233518600	543253
46.17669820786	498496
46.40319418907	198866
48.78214812279	653226
49.37963724136	609808
49.49321508408	1154300
49.86812591553	421988
50.23721694946	199168
50.77606701851	116990
51.29270696640	585760
52.28910589218	795361
53.69651794434	514153
53.80592298508	819580
53.97802996635	596276
54.76105403900	198885
55.32059502602	125438
55.70098495483	690041
56.37062406540	198552
56.60214805603	254848
56.76580810547	909667
57.77565407753	260480
58.38463997841	661402
58.97608995438	133884
59.23927307129	802169
