0.19216203690	319908
0.73324203491	204152
1.30634307861	281068
1.34722304344	174018
1.98050999641	222817
1.98402810097	198885
2.90148210526	304739
3.64105010033	375175
3.64163112640	361026
4.88774514198	425821
4.89099812508	154664
6.17711400986	430569
6.49541306496	312915
7.12831187248	264405
7.46689677238	165375
8.28745889664	299612
8.42361211777	176488
8.65489315987	194446
8.82964611053	198679
9.27863621712	145754
9.69584035873	175418
9.76098537445	140845
10.50464129448	166310
11.88660240173	462386
12.24337553978	249875
12.80563044548	210585
12.96470832825	199379
13.13016438484	522153
13.97872352600	201512
14.01656150818	113029
14.56467652321	198690
17.12631344795	849037
17.12901854515	527548
17.13016343117	134800
17.64735651016	148607
17.86476469040	169629
18.95451164246	195989
18.96913552284	248989
19.50325751305	155256
20.75761961937	338088
20.82823657990	326502
22.31509351730	198775
22.83630466461	438616
23.54001951218	186438
24.22914648056	159389
24.35698461533	626151
26.08558773994	1051305
27.16450285912	612052
28.35257196426	296814
29.65654587746	332761
29.66172599792	317190
29.71328997612	2379213
30.57082605362	118708
31.42685794830	112439
31.46482086182	1055075
31.49257493019	462553
32.12720608711	156342
32.45784330368	220734
33.11747026443	161625
34.46512222290	383419
34.48231720924	216039
35.90912914276	294151
36.19192504883	639331
37.53874802589	373423
37.85449695587	210015
38.53401279449	874684
39.32514786720	182808
40.79916977882	530332
40.80862879753	301657
41.45919680595	919783
43.02525067329	297155
43.19544553757	833884
43.52105355263	106593
43.83696556091	604346
44.13954854012	222945
44.96808362007	222016
45.07762455940	272764
45.75517773628	240214
46.29730367661	198583
46.54737973213	338586
46.66132354736	362689
46.90774655342	126744
47.24337363243	477947
47.25982379913	268705
47.98202276230	228685
47.98890161514	373468
48.53911757469	187848
48.64616155624	216733
49.73769068718	303073
50.59160184860	169641
51.08402490616	135252
51.18343901634	487299
51.26286196709	203706
52.23142194748	233741
52.34547090530	230848
53.09275293350	245092
53.72455382347	199008
54.24962878227	312287
54.54632973671	445470
54.94119167328	496179
55.51063776016	189996
55.78927087784	281966
56.43119978905	173088
56.68041992188	107062
57.23395299911	988847
57.43556690216	216704
58.13741993904	204662
58.64461803436	285094
58.84818482399	225368
59.40568804741	375777
60.24228191376	379814
60.30874395370	164058
60.90118789673	342259
61.21112489700	203068
61.30248475075	500220
61.94766592979	305490
62.61087489128	198567
62.62271189690	207865
62.77932476997	224424
62.84781980515	108215
63.51468396187	384758
64.00676083565	109174
64.04370093346	209634
64.04915595055	166252
64.45474982262	245492
64.64877176285	503081
65.28653359413	134932
65.57155942917	198827
66.88025331497	477601
67.02449822426	255133
67.02557420731	430950
67.71661233902	150474
68.50144934654	136118
68.51533532143	154425
68.61124134064	175418
69.28610730171	578535
69.29560828209	198961
69.99583315849	184699
72.63722419739	1349629
72.64012813568	133806
72.89681291580	862463
73.72969484329	235037
75.48831486702	385777
75.76659989357	428005
77.13624691963	816037
