1	133411
2	895533
3	179882
4	214851
5	198641
6	359657
7	106132
8	313209
9	198516
10	130123
11	198364
12	267337
13	295816
14	198963
15	421848
16	151812
17	175380
18	328843
19	198717
20	213224
21	1259500
22	270434
23	142281
24	371519
25	426748
26	355854
27	898002
28	498483
29	193099
30	936341
31	350847
32	410984
33	228495
34	387072
35	745976
36	291889
37	150906
38	547308
39	263736
40	269816
41	166788
42	198712
43	1191396
44	182856
45	198503
46	329563
47	1040892
48	953027
49	178707
50	209319
51	244955
52	1012300
53	676003
54	384871
55	140592
56	747233
57	588853
58	385504
59	422743
60	231769
61	198933
62	1749163
63	1367619
64	198850
65	234565
66	564759
67	389997
68	268235
69	240046
70	2563762
71	270808
72	272924
73	286356
74	647979
75	2450718
76	1270204
77	874613
78	198512
79	937261
80	385001
81	868298
82	1919547
83	198408
84	771603
85	326340
86	286355
87	330481
88	653575
89	1311733
90	250938
91	481038
92	1552452
93	1008377
94	757246
95	3424237
