1	233531
2	895531
3	198616
4	230483
5	106132
6	214851
7	464358
8	395440
9	359656
10	198364
11	130122
12	126862
13	142457
14	327561
15	421845
16	186925
17	213688
18	406326
19	487877
20	198717
21	260610
22	198732
23	198963
24	654433
25	1110630
26	1409654
27	847976
28	351546
29	1915117
30	784111
31	686977
32	387201
33	196065
34	1625085
35	198711
36	306453
37	1344014
38	752995
39	302883
40	748125
41	349348
42	162306
43	1964870
44	298790
45	511382
46	554722
47	1739619
48	2208115
49	328294
50	379111
51	344741
52	228405
53	601140
54	1045370
55	2536801
56	328496
57	1080621
58	171067
59	782939
60	1321280
61	914457
62	1749162
63	1367621
64	585717
65	234563
66	564760
67	8981690
68	1064143
69	240047
70	522440
71	414170
72	4270740
73	1633233
74	575541
75	2260621
76	2058686
77	198512
78	4190675
79	1762225
80	5683818
81	198505
82	1837265
83	1839558
84	993719
85	1395256
86	1208509
87	5123328
88	414737
89	462876
90	224363
91	958549
92	340662
93	1925685
94	2686193
95	370011
96	2019199
97	389996
