0.00256896019	437509
0.44545888901	1049732
0.71095085144	293884
0.90710067749	1048601
1.46311569214	1048460
1.47078275681	553435
1.65458559990	315895
2.11319661140	309917
2.22818446159	612119
2.23700737953	1206505
2.23700833321	1697173
2.31177926064	202284
2.31951236725	405629
2.56274247169	1049257
2.75853037834	453041
2.97020840645	905175
3.09054350853	2565569
3.98851156235	832025
4.18678069115	437888
4.77727675438	1386649
4.87717390060	199377
5.40931487083	475028
5.40984582901	462386
5.62261795998	249875
5.77773094177	210586
5.78368902206	198691
5.78998017311	113032
5.79031014442	320213
5.94305014610	201513
5.94338297844	527548
6.02618288994	134801
6.18701887131	849037
6.18980574608	198774
6.31741571426	148609
6.41369771957	195060
6.74936270714	248990
6.88399672508	195988
6.88739252090	169628
6.88788247108	155254
6.90650463104	338088
7.08818769455	175663
7.20170187950	2100791
8.03182673454	443231
8.86603188515	438617
9.15429496765	626150
9.27420115471	1231004
9.38756418228	606653
9.50731706619	186438
9.52363824844	140568
9.60168027878	159388
10.48504734039	198584
10.48543739319	317188
10.88880133629	198940
11.16825437546	526792
11.20636940002	959293
11.75205636024	1046390
11.75232744217	199266
12.40593743324	995518
12.40867829323	198678
12.85619544983	502715
12.88779139519	534670
13.02303528786	264407
13.11656522751	176488
13.29167008400	299613
13.40785193443	194445
13.49153876305	140846
13.51250672340	165374
13.57966065407	145754
13.77957963943	199377
13.85790061951	175418
13.85972046852	166311
14.13826942444	249875
14.45993256569	462386
14.57365465164	210586
14.59467053413	475028
14.64730858803	113032
14.75207257271	198691
14.85074949265	201513
15.14249062538	134801
15.61829352379	849037
15.66364073753	527548
15.75555372238	198774
15.82717180252	148609
15.92653274536	195060
16.01257896423	169628
16.13836479187	248990
16.23838496208	195988
16.31200098991	155254
16.49149584770	338088
16.92774772644	175663
16.92783474922	626150
17.16323590279	438617
17.49481582642	199349
17.58158397675	186438
17.88939690590	159388
18.06368803978	317188
18.61101412773	1048991
18.87780213356	1051306
18.88078308105	198584
19.53478693962	265633
19.73506784439	946381
19.74147582054	365326
19.87973260880	296814
20.17232775688	256262
20.18824863434	332759
20.18833661079	401340
20.29548358917	229085
20.50760245323	824726
20.63365745544	248120
20.68507242203	118708
20.73243331909	112438
20.80774831772	156342
20.91966724396	220731
21.23120832443	161625
21.45378923416	383417
21.54844617844	639332
21.65931510925	216040
21.81284022331	294152
22.20098829269	301659
22.32586026192	210014
22.64925837517	198887
22.65044641495	874683
22.92635941505	530334
23.01435637474	182808
23.66811037064	833885
23.75931620598	163735
24.24359321594	459486
24.25339818001	919785
24.41045022011	297153
24.45934414864	106594
24.51322507858	126744
24.62558412552	222947
24.76938009262	272762
24.86748814583	199092
24.97637009621	222015
25.10142493248	240213
25.29809784889	362690
25.47226166725	338587
25.72451567650	477945
25.86630749702	268704
25.91934657097	115039
26.06150746346	228684
26.06411147118	187848
26.17436766624	216734
26.33727169037	199008
26.53603959084	487297
26.69367671013	303073
26.77330255508	169642
26.87819957733	203705
27.09170460701	174509
27.09224271774	230852
27.21228361130	233743
27.40112972260	245090
27.43667888641	199097
27.58867478371	312285
27.82315683365	445471
28.33230090141	496179
28.48797678947	281967
28.79655385017	141425
28.83825182915	988846
29.12076783180	173087
29.12226772308	375778
29.26643872261	325091
29.37556672096	216703
29.47444891930	198568
29.57636189461	204662
29.57923269272	225366
29.74968361855	342261
29.85944557190	225851
30.06276845932	379842
30.14092540741	164058
30.31817841530	343005
30.41767144203	203067
30.58200550079	305492
30.66006541252	166254
30.76618027687	207865
30.88226246834	224425
30.98361444473	198826
31.07689237595	190203
31.12468934059	108214
31.22054052353	196536
31.32018756866	209634
31.36857867241	109174
31.73569369316	245493
31.88428759575	257688
31.89851570129	503081
31.90306377411	134934
32.00957679749	255133
32.35029864311	198963
