0.30027079582	176000
4.22240877151	677933
4.22383570671	128294
6.24609184265	194641
7.47576570511	117947
8.25349378586	198678
8.98227381706	131982
8.99832081795	139590
9.28415369987	372563
12.57412362099	166834
12.62741255760	233986
13.00502538681	160185
13.97857546806	157800
21.95717239380	574788
22.34017133713	113213
22.96900439262	136986
23.15710425377	104771
23.91982030869	147323
24.13260626793	229977
24.96263217926	249565
25.33439302444	105944
25.50971603394	182495
25.91589808464	117221
26.77335309982	110835
27.18955898285	159978
