0.16157007217	199184
1.00364589691	718003
1.00411987305	263111
1.00568175316	199115
1.50947880745	368718
1.83217668533	291115
1.83397984505	198970
2.75544095039	281892
2.75803875923	142718
4.19466567039	304973
4.57713675499	343900
4.75038170815	386350
5.25851368904	238072
5.27438354492	131604
5.80017662048	125141
6.35270857811	203714
6.55999946594	231002
7.61631655693	394398
9.53799176216	199353
11.22765779495	574642
13.40362477303	788516
14.68543887138	705275
15.28653383255	514974
15.28732991219	542109
18.68913292885	840635
20.75358986855	1364243
20.75380992889	1296604
22.10615682602	1192026
24.46610689163	777827
28.08896279335	1528648
28.77054071426	1019033
33.16756081581	1324387
33.16770386696	381946
33.41312193871	1164424
37.32337880135	817067
37.68136692047	1163242
39.92562103271	574584
40.08270597458	614568
40.94038295746	254749
41.76326489449	1069633
41.93791794777	1662036
42.01466202736	1067222
42.02160692215	220303
42.57183194160	1203440
43.54362082481	1048739
43.79352092743	179199
44.48389196396	927455
47.55244994164	1141229
48.94056272507	611679
49.23508071899	495086
49.39342594147	1278880
49.94917893410	199115
50.01097989082	415360
50.11239290237	569698
50.46377992630	201930
52.82222199440	840891
54.13611006737	783828
56.40513610840	839530
56.48284912109	1012400
56.48613619804	198970
57.08469200134	223070
57.94936108589	136219
58.10718607903	108416
58.27913999557	114048
58.66369104385	106749
58.78463602066	983378
59.75342202187	235262
60.59802722931	119680
61.45647406578	121088
62.30314707756	122496
62.57074618340	384479
62.80226230621	1041473
63.91973924637	161565
64.43407726288	406273
64.60223937035	710774
65.62165451050	170368
70.18295645714	1446963
70.63500452042	969087
71.02670645714	198724
71.20297241211	138109
72.15427637100	139392
73.07610535622	717320
73.08755230904	140800
73.56861925125	139518
74.45755410194	815180
74.91302800179	425359
75.63708400726	146558
76.65321803093	147840
77.66004109383	149248
78.68443799019	150656
79.39347910881	1209597
80.48705196381	790683
80.49472498894	305536
81.32755804062	109471
81.57157301903	149446
81.83278203011	781119
82.35001492500	111232
82.82326507568	129977
83.35159516335	112640
83.57721924782	157822
84.41452908516	114048
84.64590930939	159104
85.10670113564	602545
85.92092418671	118398
86.26418113708	322432
86.82999014854	214308
87.29498028755	328064
87.68406319618	140800
88.47342419624	163119
88.51548027992	142208
88.88594532013	143616
89.25146341324	856218
89.25595641136	145024
89.89215135574	125438
90.24832534790	126720
90.61371040344	128128
91.18787240982	1119778
91.90519142151	646528
92.48161554337	176604
92.97062849998	470814
93.63839840889	135293
94.21344661713	359040
94.57883548737	136576
95.16096043587	181632
95.54159450531	137984
96.12398552895	183040
96.49779844284	139392
96.83375644684	816455
97.44227838516	185053
98.07676339149	322557
