0.38012194633	198744
0.79949808121	278335
1.00164294243	207215
1.00186800957	198619
1.00474500656	362802
1.03642201424	129446
1.34489917755	264891
1.35218119621	436670
1.67453002930	319123
1.67594504356	199389
2.76156687737	821640
2.76261997223	580344
2.76532292366	198903
4.37015891075	902302
4.37237691879	864077
5.06936383247	384092
5.06998586655	199284
5.12512373924	184739
5.32451772690	782413
5.68631482124	255233
5.77451777458	198694
6.16897368431	425104
6.64291667938	715276
7.24591469765	355205
7.65611863136	1419726
7.65632176399	199354
8.20313191414	574645
9.18563199043	788518
9.30722689629	705276
10.08812475204	514974
10.08840274811	189722
10.73101973534	840634
12.64330959320	1364241
12.92686772346	1296604
12.92702555656	198619
14.39490151405	777827
14.73134255409	1192025
16.60243153572	1019032
16.70069837570	1528646
16.70346641541	199389
18.85076642036	1164424
18.94786953926	1324387
20.20251750946	574583
20.23058557510	817067
20.96534061432	614569
22.21496963501	1242145
22.31475472450	740175
22.72858071327	198983
23.99657058716	946369
24.21280241013	1163243
24.83242154121	1067219
25.23934054375	199184
26.19391250610	1203438
27.90910243988	1287213
27.98560333252	927453
30.15252351761	1141228
30.36794543266	1227938
30.52985644341	1459117
32.23232650757	783827
32.28583049774	1228969
32.74245142937	198970
33.82998132706	839530
34.20946836472	840888
34.83937835693	983376
35.04628920555	662908
36.76566815376	552281
37.00394415855	1004800
37.10704708099	1041472
37.37570405006	198559
38.28140997887	710776
38.74983596802	1143211
40.49243283272	1446964
40.61155581474	843659
40.86081886292	969088
41.81838464737	755427
41.89537763596	199272
42.47442054749	888888
44.26183843613	1209599
45.49131846428	1383664
46.83414244652	1179260
46.84415745735	1303606
47.62980127335	198820
47.91330313683	1130540
49.62513613701	851099
49.75601410866	1359100
49.92715930939	198834
51.17789340019	966275
51.37455439568	816456
52.02606630325	941462
52.55303430557	199234
53.75612449646	989711
54.09390544891	753421
