1	174906
2	198755
3	175625
4	142229
5	178708
6	170108
7	180379
8	199334
9	212334
10	198718
11	191860
12	128829
13	359489
14	198787
15	393111
16	289759
17	368619
18	297149
19	468499
20	170399
21	199083
22	352676
23	443490
24	446513
25	198734
26	460091
27	902102
28	869204
29	406729
30	608879
31	733238
32	763722
33	863815
34	785131
35	376340
36	332687
37	396742
38	611694
39	474184
40	217037
41	397496
42	435277
43	496951
44	403136
45	134116
46	294398
47	149248
48	468143
49	544060
50	383550
51	823340
52	1263807
53	490400
54	551254
55	553498
56	558868
57	796239
58	516873
59	198736
60	1302641
61	1111085
62	198610
63	1284599
64	1021204
65	1306614
66	230095
67	976734
68	580972
69	470056
70	443988
71	351005
72	544920
73	635777
74	463277
75	484293
76	532982
77	583131
78	824784
79	773009
80	663377
81	169668
82	199081
