2.06422209740	195847
3.43773508072	236912
3.79316902161	196693
3.79419898987	235727
5.42618179321	206030
5.42705178261	196101
5.42980599403	151016
6.70312595367	109549
6.70361995697	196496
7.21455597878	196444
8.55087399483	145090
9.29034113884	154582
9.29053330421	196158
11.16432142258	218236
11.16444540024	196524
12.30477547646	237040
13.67065548897	234182
14.83578658104	196137
14.94274258614	208104
16.37474346161	202029
16.88595151901	196091
17.85686445236	225987
18.98261141777	196575
19.28086042404	220472
22.03180956841	462707
22.03247046471	196305
22.52731847763	492664
23.06168532372	529587
23.39428639412	551253
23.96986556053	448278
24.16777253151	266544
25.28880953789	584699
25.51671552658	261888
26.00615239143	108140
26.54873228073	890528
27.81357932091	206957
28.20219635963	819935
33.09345936775	1067719
33.57035040855	1139430
34.08517551422	142497
35.21189641953	160547
35.46614933014	287126
35.80994439125	220541
35.98312854767	424861
36.18299651146	109824
36.36685633659	111232
37.29154229164	1140398
37.83698940277	355467
38.61234426498	237593
38.80360722542	633800
39.00949835777	432202
39.22741842270	139392
39.75264024734	560711
39.75268316269	143616
40.27839612961	223872
40.81570816040	114048
41.35773706436	235262
41.63798904419	545538
42.06760787964	119806
42.51543092728	121088
42.98939800262	122496
43.05664300919	123904
43.21215581894	242958
43.96836781502	904291
44.01323485374	284622
44.02509188652	113214
44.26543784142	142465
44.71944570541	110779
44.72442364693	524441
45.24491977692	297605
45.85759186745	114048
46.34596681595	196055
46.89946675301	203439
47.78128576279	417730
48.42101764679	522368
52.62874269485	883871
53.32606482506	333680
