0.00034213066	197546
0.12327122688	196027
1.58546423912	1166181
1.58832621574	1328043
1.58896422386	196135
1.68048715591	404735
1.68122315407	195964
1.97532510757	328328
2.29343223572	314402
2.29364418983	533706
2.75693511963	795970
3.55386924744	1333371
8.30642318726	8334923
12.12618923187	6818984
12.12628531456	377341
12.13079023361	196564
12.91639924049	3034065
12.91698622704	1713578
14.99156618118	3551497
14.99453115463	195790
14.99462723732	196179
14.99749922752	195990
14.99756526947	3287630
16.12024641037	4000841
16.12069439888	196460
17.25402355194	1847518
17.25721955299	196164
17.25732636452	489752
24.09888339043	7507785
24.10178446770	4589468
26.75019454956	2232997
29.28497266769	4753992
31.10353279114	1648786
31.10463476181	371877
32.90209579468	5380328
32.90494775772	195964
33.87448978424	689066
33.96205973625	2560103
34.64727592468	647795
34.70710706711	563491
37.63582515717	1632455
37.63874602318	196121
38.35956287384	6424059
38.36025094986	513523
39.21421980858	196551
39.76364374161	1399531
40.23744368553	462698
40.54861378670	2706616
42.84564089775	2639977
46.49253487587	1806557
46.52462482452	3486482
46.88416171074	3654241
48.23852562904	1581268
48.51039981842	195787
50.46104788780	1819611
51.62987995148	2750988
54.27045083046	3354285
54.37156891823	2613782
54.51077175140	195917
55.08199667931	354446
56.11178088188	824168
57.86778807640	1446608
58.55682516098	514947
58.71392798424	1697129
60.38752794266	1445549
60.76863908768	308135
61.50112795830	508116
61.57819390297	1069163
62.96039390564	1246566
63.30538892746	196190
64.79829382896	1055082
64.84981393814	1296052
65.28844809532	8743623
65.67657399178	767511
66.11107277870	352268
66.24463987350	657071
66.30187582970	666580
67.26103997231	878808
67.63233590126	240605
67.72318387032	820738
67.98566889763	792214
68.08286881447	196016
68.14190387726	491736
70.06037068367	1142579
70.11182975769	1520936
70.16422176361	1019856
71.86910676956	608575
72.95720362663	2195056
73.14106369019	2019927
73.73977565765	594900
74.12469267845	196019
75.03586363792	749452
76.08798456192	1632687
77.89585757256	977209
77.92043852806	2847647
80.76216769218	1211138
81.88996672630	5515030
83.00029373169	2991620
83.62398362160	1272161
83.85899066925	1396633
83.98981761932	196183
85.82532668114	1132782
87.73597860336	1318714
88.38041758537	3813576
89.03397870064	2321586
89.42285370827	196188
89.46595954895	1148422
91.28922152519	1118688
91.49987244606	1035835
91.69818043709	342565
92.53746342659	476106
92.78419852257	621352
93.39578938484	505874
94.13848638535	596195
94.30823349953	757341
94.39875054359	4195920
95.36038756371	802169
