0.05076694489	198450
0.11230301857	134922
0.11373496056	233497
0.20792698860	141553
0.21579098701	198672
0.27548098564	151944
0.27571702003	227864
0.27706313133	271213
0.70759129524	576073
1.23303127289	732971
1.23490428925	687651
1.63471436501	420131
1.65054130554	1159008
2.03120827675	440881
2.03317737579	198885
2.08610939980	626300
2.22511935234	232787
2.63132429123	446083
2.63152122498	198839
2.63367629051	199337
3.16727924347	729541
3.16731429100	336891
3.16806125641	198989
3.70862722397	732408
3.81569027901	596822
4.05138921738	579447
4.13852715492	116098
4.13887310028	199242
4.29914212227	411767
4.37512421608	279889
4.73915910721	540666
4.73937916756	198655
4.79678297043	220392
4.80456900597	757556
4.81034493446	199473
5.07804489136	219527
5.20788884163	520721
5.45426201820	293607
5.45436787605	198450
5.46998882294	476812
5.75814175606	347911
5.85926175117	370017
5.85934686661	198672
6.13396191597	199337
6.32647204399	597373
6.51331496239	489749
7.00822305679	841661
7.07791709900	687651
7.57826209068	732971
7.60721015930	420131
7.67187118530	689357
7.99447035789	198885
8.21844220161	488528
8.26378226280	626300
8.48410224915	440881
8.51499319077	232787
8.74433016777	446083
8.74729204178	198839
8.74738192558	359054
8.80269289017	396307
8.91558194160	659236
9.06022977829	199227
9.13356375694	423228
9.82292675972	676126
9.87045383453	721616
9.88371586800	629893
10.23473477364	198544
10.68522763252	811730
10.75519871712	444993
10.86157560349	793221
11.26559066772	199213
11.42289066315	660619
11.49255466461	790971
11.97935461998	463023
12.06751060486	451205
12.15042257309	699537
12.28820180893	331770
12.51111292839	198728
12.57042980194	532761
12.83569288254	490572
13.08616089821	386302
13.11108374596	473488
13.37561583519	505714
13.37912797928	199013
13.42273187637	359699
13.66510391235	247972
13.67202782631	199190
13.71203589439	322346
14.00426483154	355356
16.02914595604	514687
19.99649477005	661012
24.08200478554	1113188
24.08254981041	198658
28.00810098648	764575
31.99206089973	1532775
31.99223899841	131719
35.97708892822	727528
