0.04095888138	198793
2.00003170967	2012873
2.00109982491	748066
2.07345795631	199302
2.07403206825	198576
2.32816600800	112164
2.94779086113	199250
2.99251985550	220237
3.00466370583	198720
3.39698863029	198729
3.54677462578	177341
3.65089559555	117936
3.73709154129	199167
3.78638148308	198825
3.78739452362	105959
3.80064558983	198706
3.91307353973	131788
3.96237063408	117595
4.37612271309	137268
4.55196261406	250935
5.01867151260	172400
5.06743550301	129713
5.16454744339	116441
5.21110248566	137490
5.42723035812	199020
5.54158234596	108285
6.70730233192	342455
6.70737528801	276546
6.75010728836	365808
7.87648224831	492303
7.88410925865	199217
7.94026613235	273564
17.28457021713	2504527
17.28717613220	477771
20.72067809105	198793
38.25463008881	7048555
44.86807894707	2212693
51.98060703278	4649432
52.23956418037	133696
52.68816900253	106538
52.69126892090	3546011
53.57618188858	2206727
53.96264290810	10626925
54.78212094307	223996
57.36376881599	701734
58.03539395332	919363
58.27198886871	379002
61.39409995079	138005
62.08063697815	1029165
62.64243602753	2876590
62.80448794365	198714
74.34853506088	3338203
74.35513806343	825584
75.52614212036	254974
77.14864110947	283858
77.61059117317	5500999
78.52486109734	198766
79.27399325371	706457
79.40949320793	1976946
80.25236201286	3188904
81.17900204659	385185
81.27821111679	228739
83.07625508308	451904
83.32538390160	471742
84.66014981270	696741
85.02162575722	466206
85.94697380066	184093
86.92790198326	1693689
88.36000275612	1498745
88.42836761475	655327
88.95962166786	110875
89.29796576500	1058191
93.06912493706	696960
93.82103276253	121088
94.58533382416	123181
94.96603584290	198758
95.66923093796	180126
96.84784078598	1526974
97.71906089783	509820
98.43642497063	410341
98.47372603416	130944
99.27587008476	132352
100.28958392143	114279
100.90276288986	135291
101.73501777649	136576
102.18897199631	911478
102.79598999023	139516
103.47394418716	2684426
104.02519297600	283008
104.33117103577	123904
104.62553906441	751648
104.78448510170	100904
105.40237927437	143742
105.72387313843	170907
105.92335915565	199265
