1	199357
2	198692
3	198631
4	554080
5	572577
6	837462
7	617020
8	199483
9	564117
10	510308
11	569881
12	198682
13	827316
14	569487
15	199075
16	953478
17	583148
18	524321
19	754919
20	374707
21	198927
22	347863
23	748950
24	655685
25	741825
26	593887
27	382933
28	321095
29	418087
30	383311
31	198828
32	926940
33	586129
34	593966
35	559897
36	714979
37	554080
38	198813
39	572577
40	837462
41	199024
42	974883
43	700102
44	617020
45	750470
46	841152
47	1032910
48	930811
49	908803
50	926071
51	198547
52	995021
53	652307
54	823976
55	199558
56	728807
57	563654
58	728154
59	440355
60	717037
61	360166
62	700893
63	505687
64	709046
65	508988
66	311834
67	622805
68	199413
69	645946
70	428362
71	458105
72	384977
73	428975
74	671534
75	198721
76	561627
77	604093
78	740760
79	199522
80	730794
81	309404
82	593582
83	658352
84	578333
85	979972
