1	198697
2	199244
3	198815
4	628838
5	660490
6	629449
7	198720
8	394332
9	1062079
10	1258633
11	198786
12	875166
13	1063746
14	926059
15	968975
16	380016
17	199082
18	812678
19	1019316
20	1018574
21	198731
22	989003
23	1301926
24	1265236
25	629580
26	879173
27	1092200
28	1077973
29	1231372
30	1127423
31	387606
32	489125
33	603638
34	883943
35	199158
36	766506
37	628838
38	724300
39	693978
40	580501
41	660191
42	665148
43	1212684
44	1201762
45	1311560
46	198737
47	1068251
48	1116567
49	199240
50	1142478
51	1179408
52	1211523
53	1255106
54	1082328
55	1214488
56	1119464
57	354453
58	1111085
59	1284597
60	1021205
61	1306612
62	681365
63	301572
64	230095
65	198685
66	580969
67	470056
68	544922
69	635777
70	484291
71	377807
72	463275
73	532981
74	199079
75	516790
76	583129
77	198596
78	580472
79	463803
80	443987
81	514744
82	724300
