0.38259291649	188787
0.38306808472	198428
1.22065019608	335370
1.22683811188	214318
1.73552513123	269446
1.73758101463	198982
2.45648002625	275998
2.83373904228	262262
2.83586001396	199182
3.81779503822	433482
3.81792902946	198901
3.82047605515	212551
5.43655300140	498578
5.54554200172	457750
6.30850911140	193777
6.37848806381	347360
6.37923002243	216104
7.81109619141	736450
8.86930108070	715275
9.95996308327	355204
10.47615599632	860845
10.47630000114	199353
11.91900801659	574644
13.23593306541	788518
13.96489906311	705277
14.77690124512	514975
16.73341703415	840633
19.22570109367	1364243
20.62844419479	1296604
20.62865519524	195927
23.31403517723	1192027
23.32384705544	777827
26.45363402367	1019033
27.83616685867	1528647
27.83661675453	386172
28.11506175995	1164424
30.54787468910	2410542
30.78876948357	817068
31.30477452278	219550
31.98337960243	574584
32.12104153633	614567
33.08329844475	198982
34.34353756905	740174
36.33196735382	946370
37.86299848557	1067222
40.65633153915	1203438
41.74026560783	199182
41.86069250107	1227936
42.92330360413	1007416
43.18555140495	927454
44.03961253166	1287213
46.46627950668	1050580
47.87085437775	228300
48.18937444687	1228968
48.58183336258	199115
51.26399135590	840890
51.54240632057	783828
51.93285417557	951504
52.68768095970	839529
53.12144899368	786199
54.94476509094	552283
56.87429904938	1004799
57.21107220650	183187
57.24544811249	301105
57.73487520218	198561
58.37257719040	1041471
58.45393133163	730292
58.94757246971	133884
59.81887245178	101376
60.70734453201	102784
61.17541551590	970404
62.01074767113	198724
62.99374365807	316800
63.86496162415	2023852
63.86544966698	108416
65.12262368202	843660
65.42678189278	141538
66.19555473328	112285
66.46019077301	491069
67.22814679146	113694
67.61082291603	397819
68.00020885468	115456
68.17680883408	248894
68.93949484825	116864
69.12801289558	250624
69.89982891083	118272
70.76137495041	1946146
70.76282095909	119680
71.34039402008	260158
71.90088391304	760879
72.30715394020	261888
73.05806088448	123266
73.65425586700	257342
74.27579188347	525919
74.63081002235	259072
75.49389386177	255643
75.54025173187	595295
75.55354475975	128253
76.15210080147	445733
76.88332486153	614127
77.49574589729	262973
78.51229882240	264704
79.18354082108	697670
80.12898993492	198835
80.32486391068	323422
80.95174694061	267197
81.43636798859	550203
81.98550391197	268928
82.94932198524	266251
83.00925111771	270336
83.57954502106	193500
84.26394701004	1230848
84.27096509933	135001
85.09026503563	199234
