1.00000000000	35700
2.00000000000	35700
3.00000000000	82051
4.00000000000	269447
5.00000000000	198983
6.00000000000	262265
7.00000000000	275998
8.00000000000	266120
9.00000000000	328444
10.00000000000	17470
11.00000000000	199181
12.00000000000	263111
13.00000000000	35697
14.00000000000	281892
15.00000000000	198901
16.00000000000	142716
17.00000000000	304974
18.00000000000	343901
19.00000000000	35700
20.00000000000	238070
21.00000000000	35698
22.00000000000	131604
23.00000000000	199282
24.00000000000	35698
25.00000000000	95416
26.00000000000	67878
27.00000000000	125141
28.00000000000	198693
29.00000000000	199353
30.00000000000	35699
31.00000000000	715275
32.00000000000	355205
33.00000000000	574644
34.00000000000	21692
35.00000000000	788518
36.00000000000	16062
37.00000000000	1544425
38.00000000000	198741
39.00000000000	1339548
40.00000000000	1296604
41.00000000000	1364243
42.00000000000	21694
43.00000000000	1192026
44.00000000000	777827
45.00000000000	1528646
46.00000000000	1019034
47.00000000000	1324386
48.00000000000	178907
49.00000000000	1164419
50.00000000000	1163242
51.00000000000	574581
52.00000000000	817067
53.00000000000	395836
54.00000000000	39998
55.00000000000	614569
56.00000000000	43648
57.00000000000	23936
58.00000000000	25344
59.00000000000	740175
60.00000000000	54912
61.00000000000	1069633
62.00000000000	11145
63.00000000000	28733
64.00000000000	30976
65.00000000000	946371
66.00000000000	1067222
67.00000000000	221056
68.00000000000	1227936
69.00000000000	199181
70.00000000000	1048255
71.00000000000	927453
72.00000000000	238959
73.00000000000	1050580
74.00000000000	228300
75.00000000000	1141230
76.00000000000	199114
77.00000000000	922673
78.00000000000	64414
79.00000000000	1228969
80.00000000000	133760
81.00000000000	35698
82.00000000000	25916
83.00000000000	301106
84.00000000000	1001435
85.00000000000	394400
86.00000000000	12508
87.00000000000	839529
88.00000000000	377949
89.00000000000	662908
90.00000000000	578688
91.00000000000	585654
92.00000000000	26740
93.00000000000	13246
94.00000000000	737597
95.00000000000	710775
96.00000000000	1041473
97.00000000000	201948
98.00000000000	776890
99.00000000000	204160
100.00000000000	193512
101.00000000000	205568
102.00000000000	206976
103.00000000000	527677
104.00000000000	150434
105.00000000000	1004799
106.00000000000	198723
107.00000000000	521794
108.00000000000	95389
109.00000000000	210398
110.00000000000	269888
111.00000000000	97152
112.00000000000	212608
113.00000000000	127603
114.00000000000	98560
115.00000000000	270014
116.00000000000	332422
117.00000000000	61597
118.00000000000	315392
119.00000000000	355111
120.00000000000	618875
121.00000000000	104192
122.00000000000	275646
123.00000000000	440704
124.00000000000	277376
125.00000000000	132975
126.00000000000	108062
127.00000000000	389700
128.00000000000	496262
129.00000000000	108416
130.00000000000	161756
131.00000000000	129977
132.00000000000	282686
133.00000000000	451166
134.00000000000	283008
135.00000000000	228096
136.00000000000	229504
137.00000000000	484085
138.00000000000	139199
139.00000000000	80762
140.00000000000	198821
141.00000000000	15488
142.00000000000	473559
143.00000000000	235136
144.00000000000	236544
145.00000000000	1167185
146.00000000000	1048213
147.00000000000	21692
148.00000000000	293824
149.00000000000	261190
150.00000000000	17065
151.00000000000	37180
152.00000000000	282867
153.00000000000	816455
154.00000000000	122496
155.00000000000	123904
156.00000000000	125312
157.00000000000	126720
158.00000000000	989715
159.00000000000	257664
160.00000000000	64153
161.00000000000	681256
