0.26021599770	151016
0.30132508278	195846
0.66241097450	206029
1.34656786919	196693
1.35118794441	236911
1.55896592140	244821
1.67283487320	136695
2.00444483757	328654
2.96175003052	195692
2.96193099022	381764
3.56833505630	276536
3.99669313431	164363
4.80930423737	390958
5.28289222717	416092
6.48962235451	440339
6.48983025551	196161
7.61172628403	426683
8.63858222961	459522
8.63869333267	196520
9.92455339432	463980
9.94126749039	196136
10.95298862457	418436
11.95673465729	408104
11.95708751678	196090
13.15720844269	452556
13.20969343185	196575
15.01302838326	710087
18.52786731720	1764486
18.52859139442	196305
22.29303932190	1417964
22.29314041138	195846
25.99216151237	1313546
25.99227952957	196693
29.66987037659	1243033
29.67012453079	1464828
29.67283344269	196102
30.04506039619	196965
34.19530844688	3223376
43.29140233994	2232722
43.29160642624	195692
44.17515540123	3088536
53.45046925545	2787003
53.45058441162	167517
54.27268338203	2092052
54.38641738892	254813
54.59708452225	390418
55.39395761490	1051540
59.48001670837	892163
59.56485366821	521039
61.59517359734	1049197
65.68058156967	836771
73.98799657822	3765910
74.09082460403	1970327
74.53966951370	156513
75.45473146439	196434
75.64273142815	316800
75.98202443123	208907
76.58205962181	160512
76.93056941032	211200
77.53406953812	161920
77.88413143158	212608
78.84811043739	214016
79.70350742340	282244
79.88363242149	203422
80.30010437965	2345831
80.30494523048	167301
80.62828421593	215904
81.03534317017	112285
81.62135219574	218240
82.03833317757	113955
82.62036824226	219648
83.07265520096	115456
83.63257527351	221056
84.09042310715	116864
84.64841222763	222168
85.66683316231	223872
87.08856821060	237877
87.89199519157	121213
88.41023015976	1320434
88.78973627090	122496
89.12167835236	178759
89.84927535057	123904
90.56684637070	180336
91.27884531021	252032
91.64460849762	181632
92.35287141800	128128
92.72688150406	183040
93.64653253555	105087
94.02023839951	185610
94.03615450859	2171204
94.64824962616	187110
95.28034067154	474688
95.84891963005	1094639
96.20257949829	1221734
96.75730562210	131165
97.42277956009	318208
97.57389450073	132352
98.25131440163	923722
99.25619339943	543488
100.38599061966	134814
100.75912570953	592774
100.92041778564	140824
101.78742575645	142208
102.66537380219	143616
103.22568583488	536451
103.88085985184	145148
104.37931084633	316792
104.84575581551	145892
105.46346879005	147777
106.38246774673	149248
106.86641979218	522902
108.01270675659	302720
108.33601880074	434920
108.96894979477	153472
109.05249285698	263320
109.58992385864	220805
110.29992985725	196055
110.97642087936	157700
111.95333886147	159104
112.48485279083	556497
113.68730473518	163811
114.37425088882	162047
115.38711690903	163328
116.40775084496	164736
116.86197280884	1049652
117.24288773537	166144
117.65675592422	231872
118.27422976494	168960
118.80000472069	2824282
119.17521882057	196926
119.51006889343	122596
120.30673503876	123904
120.87722325325	125312
