1	199157
2	198654
3	199252
4	569881
5	564118
6	510310
7	198682
8	827316
9	569488
10	199076
11	953478
12	583149
13	524323
14	754921
15	374707
16	198928
17	347862
18	748951
19	655688
20	198794
21	741826
22	593888
23	382933
24	321094
25	418089
26	199169
27	559900
28	926941
29	586127
30	593965
31	198828
32	714976
33	554079
34	837459
35	799768
36	974882
37	892925
38	750470
39	841124
40	198796
41	1032910
42	908802
43	930809
44	198546
45	926069
46	995021
47	823975
48	199560
49	652307
50	728808
51	728156
52	563655
53	717037
54	440325
55	198551
56	700891
57	709047
58	505689
59	199411
60	508990
61	622809
62	311833
63	572579
64	645946
65	458103
66	428362
67	384977
68	198713
69	428973
70	561627
71	671532
72	790973
73	730795
74	1138085
75	780155
76	799937
77	658351
78	836719
79	425180
80	740758
