1.00000000000	39358
2.00000000000	39360
3.00000000000	198542
4.00000000000	199216
5.00000000000	653899
6.00000000000	84592
7.00000000000	39358
8.00000000000	39357
9.00000000000	39359
10.00000000000	198791
11.00000000000	39359
12.00000000000	112163
13.00000000000	198720
14.00000000000	199249
15.00000000000	23123
16.00000000000	199755
17.00000000000	39359
18.00000000000	79481
19.00000000000	198730
20.00000000000	29152
21.00000000000	39358
22.00000000000	85864
23.00000000000	53403
24.00000000000	177338
25.00000000000	65948
26.00000000000	117936
27.00000000000	37025
28.00000000000	199168
29.00000000000	56724
30.00000000000	58094
31.00000000000	69359
32.00000000000	47720
33.00000000000	105929
34.00000000000	61904
35.00000000000	198827
36.00000000000	133694
37.00000000000	64035
38.00000000000	106536
39.00000000000	83322
40.00000000000	198708
41.00000000000	37740
42.00000000000	46424
43.00000000000	59067
44.00000000000	33509
45.00000000000	48941
46.00000000000	56180
47.00000000000	58210
48.00000000000	19862
49.00000000000	74393
50.00000000000	43402
51.00000000000	49418
52.00000000000	61891
53.00000000000	15882
54.00000000000	199019
55.00000000000	47622
56.00000000000	54768
57.00000000000	166012
58.00000000000	14735
59.00000000000	21152
60.00000000000	174267
61.00000000000	198817
62.00000000000	123971
63.00000000000	198542
64.00000000000	39359
65.00000000000	19331
66.00000000000	199216
67.00000000000	2504526
68.00000000000	198791
69.00000000000	187062
70.00000000000	127242
71.00000000000	199302
72.00000000000	3546037
73.00000000000	1161053
74.00000000000	8124948
75.00000000000	7048497
76.00000000000	1064028
77.00000000000	642416
78.00000000000	314133
79.00000000000	1768483
80.00000000000	435821
81.00000000000	37182
82.00000000000	198714
83.00000000000	1476655
84.00000000000	185048
85.00000000000	49852
86.00000000000	989461
87.00000000000	749979
88.00000000000	300953
89.00000000000	489132
90.00000000000	310260
91.00000000000	366506
92.00000000000	11834
93.00000000000	1833665
94.00000000000	175593
95.00000000000	283866
96.00000000000	359496
97.00000000000	464699
98.00000000000	348250
99.00000000000	1203803
100.00000000000	761014
101.00000000000	1139002
102.00000000000	551095
103.00000000000	37179
104.00000000000	470201
105.00000000000	21693
106.00000000000	833395
107.00000000000	198576
108.00000000000	1745677
109.00000000000	582034
110.00000000000	346625
111.00000000000	231036
112.00000000000	48847
113.00000000000	1205927
114.00000000000	765266
115.00000000000	82717
116.00000000000	363389
117.00000000000	122496
118.00000000000	353898
119.00000000000	254546
120.00000000000	88349
121.00000000000	272220
122.00000000000	376330
123.00000000000	90112
124.00000000000	84493
125.00000000000	85054
126.00000000000	45056
127.00000000000	2923872
128.00000000000	265735
129.00000000000	16061
130.00000000000	33792
131.00000000000	1212587
132.00000000000	841850
133.00000000000	103840
134.00000000000	105600
135.00000000000	68502
136.00000000000	47036
137.00000000000	49280
138.00000000000	50688
