0.08762907982	197239
0.33179712296	299856
0.35029029846	348178
0.49554944038	196459
0.49774646759	195991
0.92042851448	818108
0.92051768303	196165
2.30045676231	3163875
2.30219793320	196026
3.08530998230	1421188
3.08536100388	196134
3.08746600151	103196
3.58118295670	795971
3.58430004120	196562
3.58477711678	196095
6.16552591324	5214456
9.03428006172	6818987
9.03445196152	794213
9.04042506218	195896
12.68484616280	5523431
12.68526697159	3064298
14.22515702248	3551495
14.22794485092	195789
14.22850704193	196181
14.23120522499	195991
14.23177218437	3253835
15.07658910751	4002249
15.07711029053	196459
15.91580533981	1847518
15.91897821426	196165
15.91952228546	489751
21.04785418510	7507784
21.05289220810	4589436
22.77226710320	2232996
25.54332304001	4753996
26.77309584618	5380326
26.77327895164	380324
27.04576611519	1648785
27.59898614883	195963
27.83182811737	689067
28.52586221695	647796
28.80437922478	2560103
29.10763931274	563490
31.28091216087	1632458
32.53544306755	513525
32.83602213860	6424058
32.83635020256	1070968
33.27160716057	196550
33.81767106056	1399530
34.21002388000	462698
36.01299691200	1837402
36.26012682915	2639977
36.26147198677	1806558
38.91825294495	3486483
40.22529888153	1581265
40.57239389420	2613784
41.07741594315	195791
42.38299202919	3654242
42.45844006538	2750988
43.93278908730	1819614
44.40584707260	195917
46.93629717827	1697129
47.46175336838	354447
47.67123246193	3354286
48.78225040436	824166
49.65975427628	514944
49.79345440865	1446609
50.00841641426	8743654
50.30696344376	308138
50.87688446045	508114
51.34707355499	1069163
51.57814168930	1445550
51.86908769608	196192
52.00117778778	1246564
52.68192791939	767510
53.30558991432	657070
53.31735801697	1296052
53.59871816635	1055084
53.69186902046	666581
53.73608613014	352271
54.33544898033	792212
54.62080192566	240606
54.77175283432	878808
54.99854493141	820738
55.09569978714	491735
55.10312986374	196017
56.19682192802	1142581
56.33861708641	1019853
57.19322204590	1520936
58.08031702042	2019927
58.15121293068	608575
59.12160897255	594900
59.39236998558	2195027
59.75938105583	196019
60.65930724144	2847648
61.03538823128	749453
61.46685528755	1632687
62.41967129707	977209
64.40916347504	1211138
65.70002555847	5515000
65.87708067894	2991622
66.50652265549	1396635
66.76364183426	196182
66.90387177467	1272162
68.28555488586	1132783
