0.67759895325	137169
0.70044302940	198899
0.70144200325	198773
0.70540904999	199200
2.28015398979	198945
2.28078007698	199235
2.39099717140	224103
2.39106798172	199069
3.73778009415	163453
3.83000612259	252883
5.35062503815	205013
6.72197103500	241606
7.04074406624	188619
7.31853199005	134105
7.67930984497	142534
8.08020997047	185355
9.23944997787	313438
10.37130093575	186797
14.68681788445	337848
14.68747305870	114137
14.89673709869	362752
15.49996924400	135742
16.42931437492	130588
17.23270726204	109444
18.10633540154	198871
18.50039553642	123924
18.81007146835	139034
19.67456364632	153078
20.59870171547	217211
21.40125775337	224959
22.09078574181	180659
22.24197363853	333701
23.18708872795	160973
23.33975291252	139191
23.59949684143	212129
23.88966202736	219736
24.56496906281	273112
24.56767821312	166405
24.99747204781	417780
26.16750216484	380505
26.68967509270	150660
27.50914025307	107255
27.82564115524	191757
27.90559506416	217914
