1.01540684700	284743
1.62813878059	352086
1.62852764130	196391
1.63786268234	314740
2.08417654037	318416
2.08663749695	196059
3.16391539574	473298
3.16928839684	196364
3.89481043816	184563
4.34393954277	313637
4.35589861870	234512
4.41963076591	458974
5.03091073036	434397
5.03153085709	730436
9.70154094696	1440761
10.84224486351	1362837
14.14406466484	1395847
14.14553785324	196071
16.35636782646	1362231
19.15739178658	1433189
21.08726763725	1273670
23.48528170586	1290857
26.72682166100	1420232
27.72183871269	1249335
31.50225281715	1114889
31.64120197296	1393334
31.64136099815	390706
35.62680387497	1147136
36.85845875740	1331810
40.86821174622	1543643
41.08755373955	1216845
44.43591070175	947383
44.50097775459	861428
44.96612763405	721933
45.05482149124	804940
45.73992538452	390642
46.50345635414	897399
47.88059425354	107219
48.03475117683	940228
48.62741136551	911703
48.63680219650	205568
51.91327118874	196391
52.98039317131	194910
53.94898414612	509533
53.95174026489	1024110
54.76962614059	106174
55.21736025810	468601
55.21743035316	1983511
55.25656628609	825464
57.67399525642	196059
58.96298718452	1214392
60.71248912811	2260663
60.96060323715	740299
63.09210634232	1051763
66.59887623787	1311093
68.04075026512	994139
69.26681828499	800352
69.99306130409	1032076
74.51234436035	1167927
75.38843250275	390550
76.00006532669	384877
77.16073632240	524242
78.37304544449	196248
81.65444159508	1292899
81.86289954185	1524310
82.64089155197	2356428
85.47447752953	1063832
87.56010866165	900589
88.64686870575	196494
90.98348879814	903749
90.99842190742	947935
91.42742586136	2222815
91.80021595955	819119
95.08271884918	2054725
97.58010578156	390425
97.85703277588	1022966
99.37148785591	1226193
101.45806288719	980701
103.76904988289	2221208
104.99832296371	196410
106.64927911758	862605
107.59987711906	903470
