0.06101393700	195940
0.66154789925	200838
1.50612592697	649767
1.50682783127	134246
1.51036691666	160914
1.51115894318	196108
1.59563708305	241720
2.11477231979	281821
2.21768236160	369126
2.64868426323	162797
2.64891433716	196384
3.54559612274	509426
3.54571318626	292216
3.54593324661	196157
4.78675436974	196108
6.75339436531	988871
7.08581638336	317366
7.09275531769	777843
8.11972951889	403820
9.33891367912	418040
9.34430956841	397646
9.77583861351	157391
10.44232773781	195975
10.59886169434	944604
11.33001470566	529785
11.39178681374	215572
11.39187288284	370308
11.56450700760	649727
12.90272712708	414848
13.39809322357	536500
16.38196420670	1861275
16.38248825073	1243711
21.43636822701	3744130
21.43703436852	196194
22.57638049126	604167
23.54741954803	464109
23.62766647339	494627
24.51938366890	463524
26.01689076424	692946
26.90036559105	195949
26.90312862396	196121
27.83603262901	376538
29.67541646957	734760
30.62482047081	1119632
31.90836644173	1998121
32.36881041527	196157
33.53378653526	1712791
35.82117557526	878394
36.85520148277	1110306
36.90421938896	682428
42.48089647293	2664164
42.56112456322	1300853
43.78129959106	1095366
44.00277853012	631247
44.56077551842	196120
45.21654343605	606744
50.84154248238	1525234
53.39132761955	3803124
54.93653059006	704043
54.93715953827	195940
57.81290149689	140773
58.78639245033	744374
65.47794747353	6061499
65.48124551773	4277280
68.39619541168	2279811
69.61604952812	597806
69.61880850792	329262
73.02780556679	4241374
73.03062248230	480551
74.58875656128	779734
75.18852758408	256465
82.73499155045	2850385
90.38162040710	6989022
90.96211838722	230426
91.58352017403	582885
93.12975931168	2717673
93.13456630707	1617392
93.26814436913	860936
95.78552246094	1111187
98.56180953979	333524
99.77178859711	1295284
99.77991962433	1064594
100.52864575386	1726452
102.85986089706	495284
104.71531081200	2246125
104.73554968834	196076
105.59096050262	2718943
106.57480645180	1175620
106.64317250252	359197
106.65063953400	754435
107.43346762657	3205449
107.44629073143	1532530
107.57627058029	1373054
108.17833662033	962463
109.08945965767	762403
110.15299367905	633217
112.06554555893	1190784
112.19621872902	1152187
113.30211186409	709291
113.51657080650	393235
118.00667095184	368896
118.09197306633	1291469
118.56958103180	2349556
119.67579388618	1359455
121.17774677277	707584
