0.00339508057	212404
0.33461809158	242178
0.40417909622	198573
0.40521907806	283697
0.66746687889	238772
0.76364302635	198515
1.52450203896	510640
1.52477502823	199299
1.81878089905	466663
2.01739072800	381493
2.01837086678	198671
2.41979384422	198697
2.42028784752	199428
2.42222690582	387008
3.25804400444	1450339
3.44178605080	351691
3.44449305534	199203
3.84540104866	295831
4.00848913193	198822
4.46967315674	667767
4.71829509735	456138
4.71838712692	199428
5.02639722824	392939
5.02976226807	568770
5.03813719749	198573
5.32467126846	926923
5.32523226738	198515
5.67791032791	510640
5.67817234993	199299
6.19263029099	466663
6.19542622566	198671
6.19560003281	381493
6.97800612450	651195
7.12448096275	965210
7.12456607819	384755
7.80609226227	456791
7.80639815331	198800
8.19682312012	233706
9.54382634163	2455801
9.54643726349	199161
9.58816218376	1156034
10.32590317726	602632
10.42882227898	589350
10.61286425591	573776
10.86610031128	138583
10.90442037582	408811
11.07090234756	835512
11.20057439804	198710
11.49164843559	378016
11.62693142891	712199
11.73822641373	526797
11.94865036011	199241
12.86214232445	794792
12.86473035812	198784
12.87910628319	1006286
13.53479623795	410574
13.63708329201	576497
13.85532426834	198634
13.89026236534	167462
18.31357526779	1024988
21.29475831985	198881
25.44802927971	783632
29.16872620583	972036
31.15753030777	173845
31.15780043602	1135967
35.14226937294	870524
