1	251955
2	199252
3	175578
4	426347
5	198731
6	458733
7	144083
8	199249
9	156269
10	296518
11	2785262
12	729049
13	198879
14	189064
15	198867
16	214217
17	187491
18	284277
19	197249
20	148574
21	198925
22	171401
23	637304
24	241557
25	198953
26	3861441
27	272979
28	4026307
29	2049465
30	199051
31	3824833
32	198807
33	180037
34	5960022
35	552855
36	3603916
37	2236047
38	187278
39	1109615
40	453574
41	463556
42	198584
43	1384353
44	4155952
45	199004
46	311464
47	1468358
48	359598
49	252824
50	403323
51	199164
52	392566
53	557123
54	414803
55	992715
56	1964578
57	476429
58	405413
59	878629
60	1751805
61	385586
62	3122556
63	537625
64	706168
65	787102
66	245934
67	780753
68	1013019
69	256249
70	198842
71	748270
72	213310
73	336261
74	3748190
75	3456861
76	387876
77	198957
78	4557131
79	2834893
80	611742
81	199412
82	2011230
83	3221643
84	3182003
85	245934
86	402675
87	760789
88	511706
89	688007
