0.16013312340	199104
1.32158303261	499280
1.32394790649	120991
1.32476997375	237325
1.32494091988	125028
1.33820986748	244300
1.33866095543	198825
2.92153310776	555270
2.92493414879	199051
3.94558119774	473040
5.04452013969	743633
5.66215610504	198835
5.66280698776	199157
6.70714783669	199149
9.58460593224	308065
9.58470392227	1444114
19.20688486099	2935530
19.20996904373	707733
19.21004700661	198724
24.51756000519	946005
24.52008199692	1435374
25.73534297943	2270259
25.73825287819	262442
26.74820995331	243073
27.81538987160	213689
27.88814496994	198783
32.24044394493	1509434
32.24144792557	1158199
32.24758696556	279249
32.98980808258	161858
33.57752203941	263867
34.95087313652	427602
39.57534003258	2208019
39.58076405525	425716
39.58085393906	180882
45.12466883659	2415892
52.78160166740	3841318
52.78202772141	389781
52.78458285332	163522
57.39151072502	199191
57.39495086670	335740
58.65326881409	198783
62.28813266754	813206
62.51294779778	1024442
65.81134676933	636305
68.05799174309	1909357
68.60530591011	519151
69.29621577263	1292008
71.36087775230	538843
71.45321273804	303798
71.47161865234	540264
72.86309552193	199104
77.25626754761	1336532
80.10204362869	744387
82.22229671478	560469
83.03982663155	167055
84.82480454445	3071454
84.82488155365	198825
86.63544654846	198927
87.40989065170	101376
87.67143464088	288762
88.19837760925	102784
89.55552554131	122186
90.15576553345	105246
90.97509551048	107008
91.80117058754	108416
93.07796669006	1630134
93.53977274895	174740
94.17701387405	112286
95.03185391426	114048
95.72894883156	2945689
96.19587063789	564345
96.77983045578	150781
97.67662549019	152064
98.58212757111	153472
99.47557663918	154880
100.32653164864	694207
100.33051466942	156288
100.86378860474	994344
100.86588859558	122622
101.47188162804	159229
102.39483070374	160512
103.33583664894	161920
104.27696847916	163328
104.80438947678	801616
105.89049363136	733527
105.89363265038	332288
106.25188064575	199034
106.85438370705	186462
107.44716668129	340790
107.83193969727	188672
108.43159174919	171776
108.81786370277	190080
109.42402362823	173184
109.43198466301	523385
109.74590659142	1295321
110.17188858986	138109
110.68112063408	125552
111.42037558556	139519
111.92897057533	780742
112.44375872612	140800
112.56336760521	527197
112.73960876465	2507182
112.95385861397	197120
113.46792364120	142208
113.58832478523	178816
113.80986857414	198528
114.32790875435	143616
115.02170991898	179421
115.38067388535	400984
116.07951903343	180828
117.05297899246	546097
117.05894589424	183040
117.82460594177	124029
118.54346704483	642674
118.89012503624	236148
119.46644496918	186461
123.06172084808	723997
123.17464375496	826647
124.16970086098	799363
124.36878180504	199068
126.16485786438	268928
126.24321389198	620341
126.31976795197	733322
126.92499899864	118397
127.75344395638	119680
128.59171891212	121088
129.00722384453	618304
131.29087471962	476239
131.61289358139	497788
132.23696446419	128253
133.94223666191	1066538
134.23061776161	217885
134.99731063843	111232
135.78088164330	1195392
147.00548958778	7015885
148.02526950836	220168
149.09373950958	2336906
149.09381341934	205885
149.60068440437	188054
149.64171147346	150782
