0.36304092407	196415
1.23290205002	276191
1.58137392998	221811
1.58145308495	196226
1.58394312859	246775
2.13281702995	201110
2.24997806549	205815
2.25010108948	196023
3.08626604080	197983
3.17465615273	371158
3.55079722404	411087
4.44953536987	681648
5.99961519241	650462
6.69662237167	642686
8.31264638901	675755
8.76974344254	717332
10.35451340675	572417
11.14412760735	714445
13.41119265556	962569
14.65126061440	1204930
14.65181756020	196638
17.63796854019	925360
18.58654046059	1564845
20.05700135231	834737
22.96149826050	1400764
22.96159243584	196212
24.53952836990	1432691
25.75324440002	857582
29.18329048157	1025272
29.18354535103	195927
30.37564539909	1936008
34.61733341217	1744715
34.86255550385	1407497
39.08004641533	1402239
42.16308951378	2418131
42.16318440437	196622
44.89705061913	1969644
45.14193058014	907718
46.14784550667	142781
46.60000443459	1049378
48.85772442818	1524470
48.87277054787	679886
49.32426166534	1050719
52.07599067688	765799
52.20655274391	1838873
53.24106073380	138922
54.87277770042	1058972
54.96784353256	1272045
59.02505445480	1275080
59.15883851051	1284230
59.16204237938	196288
59.58892631531	196050
60.14017724991	1364216
60.14047122002	1204234
60.52819108963	196415
63.33989214897	1050560
64.28548121452	187770
65.45819425583	1426690
66.62719416618	537856
67.49240827560	1049746
67.92572617531	1047926
68.17088913918	302640
69.60563206673	551341
70.16101622581	298330
70.16305112839	196226
72.75974607468	1312602
73.72609305382	1183405
74.54161119461	1266192
76.57604217529	1050945
77.92778110504	1191029
78.40243029594	823224
78.87396740913	196023
79.15938043594	1048000
79.98341751099	153309
80.12934231758	1854878
80.73787140846	165259
81.60890626907	167552
82.47044825554	168960
82.91064429283	1049538
83.76260948181	154145
84.12968134880	699076
84.88631939888	109469
85.49631834030	700405
86.07490515709	100585
86.13125634193	112912
86.73873925209	176695
87.01490926743	114048
87.58243632317	1506698
87.58474636078	178816
88.77056741714	232320
89.69519639015	118272
90.62709832191	119680
91.23088526726	1198670
91.27852225304	598412
91.75021123886	196508
92.98376536369	373650
93.93998241425	125312
94.90078639984	126720
96.16363239288	1318190
97.31541848183	1263145
98.02293157578	193892
98.32498764992	397012
99.11226773262	981237
99.12256479263	132475
100.30571866035	791296
100.64217376709	823184
101.32139468193	201086
101.65728759766	330880
102.49847960472	105362
103.22220659256	202543
103.54223275185	665246
104.26322674751	204160
104.89559674263	315702
105.27704167366	205568
106.50689268112	415360
107.56368565559	209534
108.62220454216	211200
109.70026850700	212608
111.37975764275	2065176
111.63342165947	1932196
112.49695563316	152190
113.49666666985	649138
113.72705459595	811830
113.93922162056	220009
114.13162255287	829461
118.84322643280	1339615
119.01828241348	2449099
120.62805342674	971362
123.23568439484	1168111
124.06960058212	199936
124.90518856049	201344
126.74442648888	400504
127.67480158806	143663
128.38731765747	2548211
129.06382846832	2596339
129.06907224655	114048
131.12310743332	1048483
131.89627742767	213088
132.79949045181	215424
136.13386845589	1964962
136.54618144035	825689
136.88263344765	196214
137.42167854309	266243
137.98168849945	445607
138.36912345886	267520
138.92708253860	225280
139.80322360992	1441185
140.33075356483	513589
140.54396271706	377493
140.56220650673	133149
141.52233767509	133760
141.90970563889	544448
142.49346852303	135168
143.47055363655	136576
144.44695758820	919128
144.45302152634	137984
