1	115427
2	111532
3	196446
4	132321
5	103616
6	196123
7	102833
8	325866
9	196229
10	473620
11	758199
12	405649
13	819142
14	987891
15	1313559
16	1054290
17	196602
18	1516494
19	1119617
20	196441
21	696659
22	1424270
23	1488841
24	1289207
25	1082752
26	1908331
27	945244
28	2363487
29	2986762
30	4391794
31	4443500
32	3873314
33	3653003
34	2852363
35	372851
36	3396965
37	3395116
38	3410596
39	4763424
40	195891
41	2704267
42	4015035
43	2209635
44	1327804
45	196140
46	2113316
47	2554088
48	3414916
49	2778911
50	4501403
51	196526
52	4247541
53	2665786
54	2033026
55	1971079
56	195898
57	3155169
58	2948341
59	3054760
60	196265
61	3144701
62	4937123
63	4661575
64	3669735
65	1821980
66	196638
67	4208467
68	4052450
69	195883
70	2557485
71	4028927
72	3745455
73	2091152
74	196924
75	903976
76	196578
77	1721021
78	3484943
79	3057822
80	195742
81	4746701
82	5254682
83	2994323
84	196055
85	3214588
86	3222077
87	3120741
88	5076245
89	196606
90	1727743
91	699448
92	826584
93	1161775
