0.01227378845	133243
0.37464284897	225121
1.15918087959	128555
1.16179680824	103577
1.42838788033	127820
2.94121289253	125082
3.11397886276	109477
3.11426687241	122913
3.12665367126	136018
3.55855584145	130590
3.80118989944	196824
4.42761087418	120899
5.94585585594	198716
6.53730773926	198719
6.62179756165	175071
6.88978862762	104766
6.88987183571	113819
8.83860182762	203643
8.83868193626	381866
9.28417897224	286309
11.83549499512	236883
12.28424501419	370002
13.18428301811	345998
13.76890802383	331757
14.12415814400	187434
14.98995828629	281944
15.38568139076	254494
16.27173256874	217005
16.29126167297	119680
16.54388666153	129112
19.09875059128	198903
19.15718865395	152702
19.53238368034	147485
19.68241667747	198174
20.05448961258	266841
20.54494857788	162492
20.98847460747	106577
21.51024556160	198730
21.99061870575	147428
22.35920572281	281408
22.67914080620	217059
23.08074283600	327355
23.59933590889	362037
23.64828491211	173796
24.21216988564	413512
24.87180781364	296623
25.13603878021	108416
25.30373883247	250624
25.68940496445	211453
26.15168499947	241586
26.46369314194	111232
26.51302719116	102265
27.23789906502	206130
27.79844999313	125140
27.97391796112	206622
28.48317909241	255558
30.98941111565	403688
31.31812930107	502431
32.09975743294	198332
