0.27383899689	206093
1.24982190132	214109
1.25339102745	281600
1.25546717644	199174
1.25551819801	193876
2.81691718102	274178
2.81765007973	199048
3.34688687325	251021
3.82719898224	122629
3.91029310226	206091
3.91048312187	199164
4.20741510391	198684
6.92860293388	300663
7.85639190674	314248
8.89271283150	251976
8.89342188835	199368
10.30998086929	249400
10.31007695198	369511
11.40353083611	362440
11.63203287125	181463
12.83494472504	263357
13.25938177109	182567
13.84046673775	230339
14.25282192230	311129
14.86062407494	418244
15.32960009575	248082
15.76973915100	252501
15.94618606567	164736
17.01152110100	106541
17.57606506348	258718
17.57615327835	101125
18.16142725945	181632
19.02737522125	192896
19.25651001930	141854
19.83021497726	365169
20.04505491257	102429
20.36076211929	109824
20.58091211319	102784
20.81027603149	104192
21.04560494423	105600
21.77922701836	105689
22.16894602776	109468
22.61560702324	111232
23.03085994720	112640
23.65696191788	436759
24.25004100800	456129
24.64860796928	413635
25.27228808403	347506
25.86960101128	749854
26.72111201286	555828
27.79251003265	583282
29.33866786957	742292
30.65301203728	212608
32.54115104675	459806
33.59538102150	166144
36.40129208565	174625
36.70083403587	388531
36.99688887596	995869
37.84906196594	495045
38.36110186577	304256
38.99692487717	444427
40.71629786491	353871
42.11668491364	373114
42.69760179520	217332
42.71051478386	171680
43.51225185394	2363043
48.10629272461	448630
49.90009379387	810213
51.33469986916	646257
54.62159585953	198735
54.92226386070	720594
56.03904485703	116864
56.32889580727	122130
56.85192990303	957835
57.94997286797	128128
58.22212076187	158750
63.66159081459	496831
64.24244594574	577367
64.96418309212	567417
65.20452809334	190080
66.23998212814	474816
67.01578116417	266112
67.34445095062	198057
67.77203083038	199456
68.25675487518	277376
68.68485879898	802127
68.97834277153	101020
68.98017477989	453451
68.98935389519	275161
68.99391007423	106653
69.56274986267	206976
70.03439807892	108416
70.62052893639	105600
71.09839892387	109824
71.69424104691	107008
72.17356300354	111232
72.78627991676	108416
74.51751399040	147431
74.67327594757	804864
74.81163191795	256078
75.04404687881	387556
75.35003590584	112285
76.04026293755	170116
76.30724096298	512430
