0.04986596107	117168
0.41406488419	174132
0.41533994675	195849
0.41546297073	196834
0.85225892067	535530
1.45725870132	229678
1.45891189575	182898
1.47532701492	465618
1.83954596519	128195
2.18887996674	390835
3.51994991302	507363
3.52049708366	196086
3.71643710136	196770
4.54085803032	265295
5.01005721092	232475
5.01294898987	196083
8.98644804955	1253427
10.33975315094	681902
12.01779699326	673151
12.01825714111	724965
14.28933620453	949102
16.27681827545	1000387
16.27876639366	196227
18.18219637871	636660
18.20912647247	378949
21.11404037476	942826
23.02192449570	670826
23.02485036850	196834
23.72572851181	202435
24.19262242317	135876
24.67040729523	142777
25.21265435219	1198150
25.97644829750	442881
27.51105833054	441624
29.26528930664	556851
30.96745514870	195849
31.07962608337	1027831
31.33619904518	658403
32.45475792885	104765
33.21538496017	537447
39.92709183693	1330232
45.94903683662	3984666
45.95116281509	196557
48.11175990105	412975
48.11828184128	1621515
52.05085182190	749803
54.01947283745	350281
54.31870484352	1246256
54.87810993195	103838
55.48854589462	106653
55.54696798325	1972454
56.09591197968	218240
57.90374684334	479327
59.00401592255	366878
59.48296904564	1208345
60.03808307648	132477
60.87637209892	133760
62.11344599724	414801
62.73555397987	121511
63.35508799553	124233
64.23135089874	125312
64.73670887947	1640505
64.96271204948	811115
65.59130001068	143889
65.93596601486	171961
66.58554291725	128935
67.17301392555	291456
67.48755693436	129536
67.98348379135	662984
67.99607491493	147840
68.28366279602	130944
68.55378985405	181639
69.20392274857	132352
69.47205591202	183040
70.13247370720	133760
71.90449380875	550787
72.41961884499	498208
72.44863176346	155198
73.00979685783	186210
73.39861583710	156288
73.97084069252	188672
74.36762285233	157696
74.74432468414	600524
74.99205875397	131172
75.30863070488	141310
75.61493086815	191188
76.17441987991	142208
76.17632079124	260821
76.81395888329	192262
77.50258684158	295680
77.80992269516	194304
78.39007282257	435329
78.40436077118	146432
79.11503577232	166139
79.70597076416	392832
80.13121461868	166144
80.72351264954	293753
80.72971367836	198528
81.12061262131	168960
81.47462058067	151108
82.15313553810	170368
82.51065373421	152064
83.20259356499	171776
83.55486869812	153472
84.24952960014	173184
84.61312675476	154880
85.50531268120	101065
85.51942157745	808389
85.53595852852	156288
86.52381348610	196186
87.13848638535	204140
87.73621439934	160454
88.16198539734	160512
88.71362137794	869635
89.06449437141	837909
89.29104042053	217312
89.51758837700	219648
90.51439023018	221056
91.50405144691	222464
92.07095956802	223896
92.70996451378	1976916
93.13895058632	179646
93.56128048897	1721193
93.96642661095	549249
94.54914855957	229624
95.36549258232	335104
95.59839963913	230912
96.41899251938	114048
96.65234756470	232320
97.48397755623	115456
98.04258751869	161777
98.28554654121	872216
98.99462151527	188020
99.58762168884	468428
100.06788849831	1736938
100.58760142326	1295482
100.84412932396	2233246
101.58403420448	143313
102.61593222618	143616
102.62866115570	145024
103.43449425697	145024
103.43959236145	1913120
104.00508713722	1320580
104.75923728943	119807
105.03918242455	243584
108.89503264427	965987
