0.06909513474	194181
0.78096008301	251158
0.78203916550	198515
1.84262704849	333066
1.84285926819	320896
2.37363028526	277816
3.00421333313	625257
3.00528430939	199653
3.22942829132	109566
3.86357522011	316136
4.42342734337	282708
4.94008040428	263604
5.29328060150	199046
5.29382753372	164759
5.29442548752	199164
5.60100340843	153892
5.60110926628	198682
5.60155725479	199370
6.20991730690	382942
6.60906720161	1353499
7.61815023422	214016
8.10721111298	437507
8.10735607147	584366
8.10742902756	105090
8.18375492096	407173
9.11083197594	1146238
9.11092591286	198645
10.24080491066	907053
10.58235287666	373784
11.41504883766	216807
12.19803786278	409914
12.20115590096	199547
13.47616505623	419038
13.47658705711	178012
13.82963609695	506077
14.04096412659	1021660
14.23909115791	105243
14.28324413300	756121
15.38408803940	219929
15.53384304047	174739
15.53556704521	217884
16.35534119606	111232
17.36124420166	112640
18.09961128235	768042
18.12304949760	101376
19.21936655045	422051
19.74212050438	119806
21.22044849396	605115
21.78293251991	110877
22.57044029236	112640
23.30064344406	1209782
23.32033634186	114048
24.10481429100	115456
24.91970634460	116864
25.74272632599	118272
26.25118446350	663294
26.92028951645	1063842
27.50188064575	132476
27.94822549820	266133
28.09662246704	319691
28.69542646408	133885
29.29560852051	246525
29.55896449089	135168
30.16543340683	125312
31.04231142998	126720
31.92840433121	128128
32.53409147263	1050125
32.80193948746	129536
33.35186457634	180829
34.12734746933	779842
34.51775741577	282938
35.19780945778	133886
35.88023662567	136702
36.51378655434	797099
37.09102153778	187868
37.50215363503	277376
38.04759049416	190080
38.46054244041	140800
38.74539065361	1049024
39.01303148270	191488
39.70119762421	155006
40.38820862770	430848
40.68431544304	156288
41.23432159424	513294
41.94651055336	146556
42.54173660278	199174
43.17161345482	197725
43.56937360764	297088
44.18433666229	199936
44.58773446083	150656
44.93157553673	668896
44.94951558113	163454
45.10886454582	263172
45.17178058624	201950
45.86109256744	330880
46.21351552010	204160
46.22966575623	438769
46.75743365288	410716
46.90639567375	167552
47.24990248680	180368
47.95808768272	169086
48.30184149742	198765
48.30846261978	786320
48.86753559113	159229
49.51069045067	215070
49.74025344849	160512
50.33505344391	487058
50.87580442429	175196
51.67141342163	279818
52.25209045410	164859
52.68482851982	233403
53.26894450188	166268
53.61158967018	356830
53.99007463455	585413
54.68895649910	116989
55.07015156746	247469
55.17830061913	238172
55.75320672989	183644
56.40779852867	199004
57.01951956749	172379
57.51155853271	264956
57.69106864929	455244
58.03145551682	186460
58.41758751869	124030
58.99606561661	187264
59.39369845390	125312
59.86613750458	473877
60.22770547867	126720
60.50830841064	176606
61.24209761620	128128
61.51073145866	178816
61.96816444397	436489
62.59070253372	192094
63.13221931458	216405
63.13439846039	361856
63.76532649994	193499
63.99364256859	263422
64.51485157013	240558
65.17384171486	185052
65.76579260826	268928
66.20602059364	187264
66.80169057846	136576
67.24665451050	188672
67.80681061745	690349
67.81509971619	137984
68.43366479874	175127
68.82230067253	198866
68.82515454292	190686
69.19891762733	201949
69.61584353447	140924
70.26510453224	202752
70.68397355080	142208
71.33374953270	204160
71.75989556313	143616
72.41442561150	205568
72.84207844734	145024
73.27334260941	658304
74.34650874138	199456
74.41081070900	186469
75.02866172791	147963
75.51217484474	418782
