0.11011195183	160470
0.21462988853	173993
0.32635807991	115548
0.32647800446	196491
0.32896900177	195810
0.40240597725	122684
0.52168798447	196226
0.52269601822	192135
0.54639601707	402300
0.54675817490	126319
0.58572316170	457693
1.13009905815	471792
1.13109016418	195956
1.66402530670	754886
1.85517334938	676532
2.41173243523	196659
2.81745743752	729374
2.81795644760	106004
2.82106542587	233620
3.42266535759	576601
3.42548751831	196830
4.42455339432	1112150
4.77305340767	1303805
5.20989155769	867391
5.83334946632	690264
5.84828257561	660218
7.17441463470	1037650
7.17448759079	195873
7.41698360443	1670940
11.30406570435	3963150
11.49651265144	3400439
13.38367462158	1429190
13.38389372826	196690
15.70197081566	4411189
17.76212000847	3486628
19.71745800972	3968629
23.26930689812	4488417
23.26977610588	196181
27.60828018188	8113629
27.72768306732	4503671
27.72831130028	195882
30.55493211746	2661675
31.41840124130	2911554
36.33979725838	5876300
38.06154131889	5331413
41.83308148384	5277294
41.83342337608	196703
45.22117137909	6112666
45.24523425102	2980306
48.86209630966	3241914
50.11375713348	4538693
50.11729931831	195876
54.60497522354	5037049
55.88840532303	5093259
57.26259136200	239933
58.35787129402	3672084
58.35797739029	196130
58.42560720444	4841307
59.54113340378	3169429
61.28361129761	2523583
61.28657341003	197058
62.94471836090	2880905
64.08794140816	2677433
66.66764330864	2865852
68.80984449387	718514
69.17578959465	3973714
71.26822638512	1688822
71.48468422890	4094212
72.95736813545	2095013
76.39923214912	2418929
76.40233898163	196491
77.56408405304	6104852
80.58029294014	3329738
81.98400092125	3702445
83.77032876015	2684272
84.20408368111	196226
84.89365267754	2171918
86.32091379166	1791107
86.38591766357	1049430
87.38602662086	592617
90.54140567780	3553629
90.99668288231	195956
91.91624093056	3495761
93.15647792816	1524638
93.85764694214	5356602
94.32849192619	196659
95.26572394371	936016
95.88240289688	140182
96.37925291061	2937222
96.50064992905	140800
97.12992286682	142208
98.83620381355	1846506
99.14419388771	3619732
99.39986276627	477172
102.88105583191	2949602
103.09729671478	2987572
103.39903378487	168452
104.04146170616	1740485
104.62449765205	161553
105.83820772171	325372
106.05950284004	1131892
106.44089388847	3553898
107.38846278191	671616
108.05602073669	171078
108.72606682777	173184
108.82911372185	4014082
109.32728981972	196143
109.35863494873	2171392
111.94208788872	2106461
112.92969489098	3006638
112.94876384735	1494148
113.57386684418	185680
114.25133967400	187264
114.95251083374	188672
115.46679782867	2849549
115.98633480072	196492
117.52939581871	3788187
118.38905787468	2142672
119.21281075478	457191
119.99418878555	1549907
120.10856175423	2136666
120.59542775154	201564
121.31393694878	202752
121.50073790550	919128
121.93427586555	204160
122.65610885620	205568
122.80292081833	919128
123.91228580475	414581
124.05678677559	919128
125.31620478630	919128
125.93060684204	186253
126.79067087173	5726174
127.32921576500	196158
128.25779867172	2163908
129.61819076538	919128
131.01637077332	927349
131.68252968788	112515
133.34067177773	4959705
134.48382067680	2192732
135.64349770546	1373616
136.00292062759	4007880
136.76481366158	196758
