1.00000000000	32442
2.00000000000	32442
3.00000000000	51974
4.00000000000	344315
5.00000000000	196215
6.00000000000	186298
7.00000000000	174800
8.00000000000	176265
9.00000000000	196599
10.00000000000	11837
11.00000000000	32443
12.00000000000	187820
13.00000000000	32442
14.00000000000	507154
15.00000000000	32443
16.00000000000	604994
17.00000000000	480183
18.00000000000	196066
19.00000000000	181857
20.00000000000	445002
21.00000000000	196613
22.00000000000	261001
23.00000000000	32440
24.00000000000	352094
25.00000000000	32442
26.00000000000	32439
27.00000000000	46149
28.00000000000	144631
29.00000000000	32443
30.00000000000	709121
31.00000000000	1220433
32.00000000000	1554559
33.00000000000	1258735
34.00000000000	1283912
35.00000000000	196487
36.00000000000	1144436
37.00000000000	1280550
38.00000000000	1309721
39.00000000000	895334
40.00000000000	884294
41.00000000000	1201485
42.00000000000	944819
43.00000000000	214761
44.00000000000	246317
45.00000000000	38016
46.00000000000	1080076
47.00000000000	1209116
48.00000000000	642468
49.00000000000	1094732
50.00000000000	580602
51.00000000000	87585
52.00000000000	541987
53.00000000000	85052
54.00000000000	45056
55.00000000000	550552
56.00000000000	491806
57.00000000000	740372
58.00000000000	65878
59.00000000000	770218
60.00000000000	24510
61.00000000000	1049430
62.00000000000	1159007
63.00000000000	602042
64.00000000000	13246
65.00000000000	26752
66.00000000000	50688
67.00000000000	699866
68.00000000000	680163
69.00000000000	622707
70.00000000000	619003
71.00000000000	1006191
72.00000000000	12672
73.00000000000	368304
74.00000000000	781690
75.00000000000	705020
76.00000000000	512763
77.00000000000	32442
78.00000000000	196416
79.00000000000	196067
80.00000000000	1870998
81.00000000000	13246
82.00000000000	678402
83.00000000000	989880
84.00000000000	2155709
85.00000000000	196884
86.00000000000	604382
87.00000000000	78493
88.00000000000	782253
89.00000000000	1035993
90.00000000000	195963
91.00000000000	693570
92.00000000000	1542347
93.00000000000	196149
94.00000000000	1408529
95.00000000000	23102
96.00000000000	724496
97.00000000000	1429192
98.00000000000	702842
99.00000000000	21694
100.00000000000	1040456
101.00000000000	1176379
102.00000000000	1365481
103.00000000000	370965
104.00000000000	1265615
105.00000000000	28732
106.00000000000	1035087
107.00000000000	2186841
108.00000000000	1388929
109.00000000000	1049030
110.00000000000	685192
111.00000000000	1621681
112.00000000000	390611
113.00000000000	1109399
114.00000000000	790933
