0.34963798523	146026
0.35579895973	196836
0.35616397858	195766
0.36006879807	182899
0.36017370224	117168
1.38338375092	174132
2.04777693748	196095
3.37737679482	677673
3.37761092186	182025
3.38345980644	196721
5.51857972145	989534
5.51917982101	196088
5.94613671303	301235
7.53741955757	148414
8.78012967110	2063579
9.69091153145	599089
10.71000266075	656520
11.65183782578	730393
11.65465664864	390871
13.56763982773	345413
13.93083572388	214350
14.87237167358	352523
14.87279176712	372334
15.91810774803	409544
16.62773561478	410975
16.62785482407	196426
16.63037061691	138925
17.32456469536	238661
17.75576567650	195766
19.09643673897	421294
19.48280572891	573409
19.48602771759	196836
21.44281888008	351474
21.49506187439	670826
21.98652887344	452958
22.66411781311	273283
22.90399360657	289956
24.53754258156	442493
25.22441959381	556849
25.86501049995	510753
27.07011938095	441625
27.12555646896	195848
29.24698853493	1027833
37.11833143234	188110
39.85614752769	3984667
39.86181354523	537449
41.44435048103	412977
42.28730845451	454080
46.15428662300	749803
46.17073869705	3054530
50.09915971756	805421
50.33844566345	1972453
51.16241765022	196375
53.65941858292	691768
53.72544240952	479327
55.40436744690	1558626
55.87684535980	414802
56.44058227539	156413
56.96567320824	157820
57.76613712311	159104
58.75465512276	104582
59.29146718979	162046
59.89059829712	1640505
60.44906830788	179417
61.11913132668	1077351
61.73435425758	133887
62.28020524979	500939
62.84115219116	167677
63.13531827927	271744
63.69852709770	170368
65.14435219765	873256
65.72085523605	269162
66.31973624229	560384
66.56335139275	524845
66.57410931587	190080
67.14586830139	175198
67.78044033051	288544
68.03239536285	177408
68.03342843056	352054
68.08114337921	415863
68.28054451942	153448
68.28884649277	178014
68.84784531593	196489
69.45677947998	194909
69.89814233780	257317
70.51470732689	182239
71.08301043510	395648
71.43771433830	184448
72.03578543663	199936
72.39473628998	185856
72.90226626396	1019383
73.60414123535	156413
74.19614529610	375936
74.55258631706	157696
75.51405334473	189158
75.52184820175	159104
76.16175127029	190686
77.04611325264	995824
77.05338621140	192896
78.02854514122	196186
78.65530014038	208990
79.30535006523	498740
80.05428910255	164861
80.36125707626	423808
81.04705905914	167552
81.73036098480	339328
82.19756507874	1259691
82.20459198952	171776
82.91253995895	201949
83.34392499924	204160
83.60456585884	205568
84.32062697411	161467
85.12726402283	196224
86.07676506042	1454364
86.67222714424	183644
87.16981720924	2628768
87.58784818649	185856
88.40925407410	188735
88.41824126244	187264
88.65101718903	465726
89.22523021698	297867
89.84973335266	190682
90.36069536209	471680
90.98293924332	192094
91.49768424034	477349
91.94241142273	194304
92.91241526604	195712
93.89473533630	197120
95.52448725700	790613
96.11032128334	244671
97.10488343239	246400
99.67798924446	1064282
100.34582209587	204767
101.00423121452	804412
101.68481516838	3025147
101.97695899010	251709
102.20606017113	843264
102.81206035614	139518
103.36504936218	272549
104.22595620155	283008
105.07534813881	143616
105.95083332062	145024
106.82153320312	146432
107.40556335449	1049998
107.64219927788	147840
108.13290333748	220128
108.52993416786	150199
