1.00000000000	39203
2.00000000000	39200
3.00000000000	168633
4.00000000000	72936
5.00000000000	160469
6.00000000000	196491
7.00000000000	115549
8.00000000000	173991
9.00000000000	39204
10.00000000000	195811
11.00000000000	126322
12.00000000000	39203
13.00000000000	170266
14.00000000000	192135
15.00000000000	299978
16.00000000000	39200
17.00000000000	196224
18.00000000000	260874
19.00000000000	39201
20.00000000000	39204
21.00000000000	145304
22.00000000000	196398
23.00000000000	27222
24.00000000000	167902
25.00000000000	310461
26.00000000000	39204
27.00000000000	308435
28.00000000000	39201
29.00000000000	479222
30.00000000000	39202
31.00000000000	196831
32.00000000000	435685
33.00000000000	432790
34.00000000000	619745
35.00000000000	195871
36.00000000000	1235771
37.00000000000	60825
38.00000000000	2023614
39.00000000000	1611225
40.00000000000	415244
41.00000000000	196693
42.00000000000	2101594
43.00000000000	1452566
44.00000000000	1223496
45.00000000000	2161610
46.00000000000	1795390
47.00000000000	1640296
48.00000000000	1393245
49.00000000000	390083
50.00000000000	464037
51.00000000000	682679
52.00000000000	1697086
53.00000000000	1816113
54.00000000000	1938283
55.00000000000	196706
56.00000000000	1846686
57.00000000000	93499
58.00000000000	35200
59.00000000000	927144
60.00000000000	1028743
61.00000000000	1717191
62.00000000000	67176
63.00000000000	1931939
64.00000000000	196126
65.00000000000	44221
66.00000000000	46464
67.00000000000	47872
68.00000000000	1984076
69.00000000000	1393260
70.00000000000	197058
71.00000000000	1081410
72.00000000000	1387248
73.00000000000	1279501
74.00000000000	1008184
75.00000000000	1151481
76.00000000000	240241
77.00000000000	1062404
78.00000000000	1853054
79.00000000000	195811
80.00000000000	1566379
81.00000000000	865958
82.00000000000	1244545
83.00000000000	196491
84.00000000000	39508
85.00000000000	1969440
86.00000000000	1048875
87.00000000000	2316530
88.00000000000	118399
89.00000000000	1022887
90.00000000000	240768
91.00000000000	122496
92.00000000000	123904
93.00000000000	1050421
94.00000000000	252032
95.00000000000	560233
96.00000000000	3663480
97.00000000000	170770
98.00000000000	25454
99.00000000000	173770
100.00000000000	1330609
101.00000000000	874517
102.00000000000	1157136
103.00000000000	1061268
104.00000000000	125135
105.00000000000	182847
106.00000000000	13109
107.00000000000	183901
108.00000000000	185856
109.00000000000	2060053
110.00000000000	699142
111.00000000000	192189
112.00000000000	194304
113.00000000000	1929147
114.00000000000	1968169
115.00000000000	157838
116.00000000000	38822
117.00000000000	161776
118.00000000000	689768
119.00000000000	1582966
120.00000000000	206528
121.00000000000	208384
122.00000000000	209792
123.00000000000	1967075
124.00000000000	107250
125.00000000000	166467
126.00000000000	423398
127.00000000000	214016
128.00000000000	1047937
129.00000000000	215424
130.00000000000	195861
131.00000000000	217312
132.00000000000	2261256
133.00000000000	919128
134.00000000000	158120
135.00000000000	196098
136.00000000000	548834
137.00000000000	718019
138.00000000000	185856
139.00000000000	223673
140.00000000000	1049581
141.00000000000	225280
142.00000000000	226688
143.00000000000	228096
144.00000000000	919128
145.00000000000	146622
146.00000000000	231392
147.00000000000	456116
148.00000000000	448724
149.00000000000	196142
150.00000000000	1665549
151.00000000000	1047948
152.00000000000	198620
153.00000000000	374402
154.00000000000	474743
155.00000000000	199936
156.00000000000	236447
157.00000000000	239360
158.00000000000	201344
159.00000000000	202752
160.00000000000	204160
161.00000000000	1047914
162.00000000000	204789
163.00000000000	380034
164.00000000000	206976
165.00000000000	381568
166.00000000000	208384
167.00000000000	157526
168.00000000000	384738
169.00000000000	1653772
170.00000000000	249089
171.00000000000	411123
172.00000000000	196492
173.00000000000	1069784
174.00000000000	386382
175.00000000000	189304
176.00000000000	217312
177.00000000000	662515
178.00000000000	219648
179.00000000000	391298
180.00000000000	1366406
181.00000000000	221056
182.00000000000	259482
183.00000000000	457360
184.00000000000	571953
185.00000000000	226986
186.00000000000	1047453
187.00000000000	457600
188.00000000000	230912
189.00000000000	135358
190.00000000000	232800
191.00000000000	1838256
192.00000000000	468864
193.00000000000	217464
194.00000000000	476864
195.00000000000	1481474
196.00000000000	442264
197.00000000000	243136
198.00000000000	1050809
199.00000000000	491392
200.00000000000	184600
201.00000000000	69972
202.00000000000	1390549
203.00000000000	196158
204.00000000000	250682
205.00000000000	252032
206.00000000000	1047396
207.00000000000	3545533
208.00000000000	163328
209.00000000000	164736
210.00000000000	163784
211.00000000000	167931
212.00000000000	1838256
