0.75229001045	172624
0.75241994858	199546
1.47995591164	221521
1.48345804214	122096
2.04817605019	186789
2.04886603355	193875
2.95315718651	255830
2.95354413986	198657
2.95578002930	365844
3.76924991608	316135
3.76968502998	199047
3.77210497856	109566
4.96361494064	282711
5.03716778755	263605
5.08681583405	164762
5.08730864525	199165
5.54403281212	106244
5.63260889053	198684
5.79346799850	103969
7.88548803329	199369
9.42447304726	604993
9.85252499580	865130
11.08399009705	437505
12.25085210800	407173
12.25095105171	198592
13.19620418549	1404534
14.05498528481	536288
15.95977425575	641494
15.96013927460	198645
16.52176022530	736654
17.32201313972	373784
18.55363130569	389188
18.56402325630	409912
18.56677412987	199546
20.63118505478	419035
20.66996598244	579184
23.94183301926	627311
25.02172398567	198657
25.15767908096	736250
25.19820404053	1270479
28.64296197891	904665
29.35490894318	863807
29.52610683441	198512
31.62750577927	768043
34.07824087143	1183647
34.41151785851	1082719
35.66177582741	199654
37.80309486389	929424
39.36300301552	1007849
39.51974105835	1126907
39.77364802361	1039160
40.64499306679	288766
41.40677309036	146432
42.17203903198	147840
42.95005106926	149248
44.26870107651	118399
44.50223112106	245643
44.84526324272	762018
45.24621629715	1144669
46.23264932632	460542
47.04773712158	156288
47.86525130272	157696
48.69105625153	159104
49.34089732170	980188
49.79193830490	199172
49.88498735428	162044
50.73552846909	163328
51.95456433296	1082732
52.61001348495	121214
52.85644340515	660831
52.86707448959	334603
54.16810345650	336637
55.05448651314	170368
55.10313034058	786317
55.21563625336	579409
55.92245125771	129661
56.03054928780	198766
56.64390134811	173788
57.44196033478	656141
57.54382014275	176000
58.47563624382	177408
59.28397822380	408600
59.42266941071	499146
59.59662032127	516782
59.82605719566	199030
59.85302209854	178013
60.26109218597	670821
60.97214937210	138109
61.55833721161	413739
61.84398508072	139392
62.48569417000	199003
62.51613998413	416988
63.06753897667	183645
64.03387808800	185856
64.21263194084	448600
64.43384099007	294732
65.16311097145	143741
65.51852011681	462908
65.96218109131	276757
66.62408614159	187869
67.39325213432	347305
68.36644411087	198736
68.88720297813	576853
68.92365598679	237629
69.64164686203	150782
70.64485383034	769966
70.64879488945	152064
71.33705902100	194908
72.23493385315	654015
72.24024486542	197120
73.23131585121	198865
73.38679385185	470272
73.85375285149	244667
74.48707389832	344087
74.66248679161	110733
75.09332180023	200540
75.43941974640	157821
76.14730787277	202752
76.50085473061	159104
76.97042679787	604320
77.63479185104	248893
78.41411685944	322432
78.70796084404	249216
79.02652788162	428673
79.34753179550	118885
80.01060295105	199455
80.08975601196	238771
80.09770703316	164860
80.75685620308	253118
