1	312142
2	108966
3	195896
4	235087
5	195815
6	197284
7	196190
8	120482
9	236074
10	196224
11	291496
12	119332
13	305881
14	196081
15	165038
16	192994
17	275817
18	349553
19	196741
20	245475
21	239036
22	197241
23	407880
24	524146
25	407008
26	452960
27	936103
28	331650
29	553508
30	412321
31	196291
32	300132
33	851846
34	723589
35	196055
36	714443
37	291109
38	486789
39	266510
40	873504
41	171734
42	839287
43	740416
44	793237
45	124495
46	405094
47	435256
48	359535
49	822599
50	195968
51	1296911
52	1106031
53	1274160
54	128253
55	685315
56	858955
57	525598
58	507336
59	124957
60	147843
61	872037
62	142208
63	327715
64	738442
65	590531
66	196406
67	584785
68	245705
69	397936
70	531003
71	741560
72	1359506
73	785100
74	821061
75	195896
76	265529
77	550391
78	603657
79	322738
80	484296
81	196546
82	137985
83	1159154
