0.64526200294	236173
1.03180289268	348007
1.03190493584	277029
1.03439903259	196567
1.79685211182	261072
1.79728221893	196273
1.98327612877	321017
1.98346614838	249983
2.01796007156	196363
2.91806721687	481699
2.91844010353	196096
2.92078423500	390233
2.93899941444	323141
2.95525240898	196783
3.08319139481	119337
3.28951144218	117718
3.50415062904	111910
3.50424075127	196130
3.73313975334	192404
3.94655370712	225961
4.81524157524	280838
4.81547856331	196619
4.93482255936	771384
7.31351947784	1358830
7.41952848434	1134111
10.68256449699	1286686
10.70444345474	1055692
13.44277143478	1123995
13.44305539131	196051
13.55015039444	1529875
18.34853553772	1885601
18.38325452805	2006096
18.38334345818	196073
23.02051663399	1922147
23.07764053345	1853488
27.18467259407	1875735
27.79397439957	1885544
31.53739643097	1912210
31.53748536110	196666
32.39364051819	1909114
37.01231956482	2265883
38.94505763054	2628305
42.87533378601	1577119
42.87548661232	196137
42.90759968758	2520798
43.47879958153	225772
43.94562458992	839961
45.43092966080	1205008
46.04843878746	222752
46.59158873558	1425094
47.17916059494	196567
48.73129248619	1769756
50.24186348915	1131879
51.08487939835	1050008
52.62325859070	543005
52.80728459358	1049659
53.51284050941	124496
54.05147552490	273363
54.90756654739	1048472
56.23211646080	344350
56.81794357300	196273
57.73891139030	910976
57.75239443779	1493560
59.38416147232	1047859
60.42411041260	1050706
61.19643449783	985107
62.29406166077	1087781
63.40234565735	632978
63.40524578094	196363
66.14982867241	2120913
66.25169968605	1049601
69.50229358673	1035042
69.68519878387	1359785
72.26651167870	1048982
73.11331367493	180619
73.87248754501	196081
74.06699252129	1720404
78.58360457420	1633812
78.63078546524	1812199
79.37189745903	102431
79.66355848312	2102228
80.02691936493	104013
80.41552543640	196296
80.74514031410	105600
81.65876436234	107008
81.84851336479	668277
82.56305432320	108416
83.46996736526	109824
83.66476345062	674581
84.35722541809	111232
84.36577844620	2200014
84.79184031487	269517
88.94431233406	1617969
89.74932146072	196720
89.90729737282	1810088
90.93893337250	663709
91.89069533348	333696
92.62903022766	1047183
93.46632432938	117066
93.72049641609	489298
94.29527735710	338368
94.74338531494	1469490
95.56782221794	129406
95.99278616905	1048860
96.12980532646	680064
96.52971625328	130944
96.68097233772	356098
97.51612520218	132352
97.94852638245	133760
98.33251142502	195746
98.45096039772	951380
98.60601854324	135168
99.18672752380	347170
99.59497642517	136576
100.21520256996	137984
100.54392862320	571958
101.43865752220	298417
101.44294357300	280821
101.93380355835	1049975
102.26559066772	856137
102.88912749290	2514112
103.37661361694	1048370
103.99963068962	197178
104.84765768051	198528
105.13945269585	919128
105.30380082130	1668603
105.97906899452	158778
106.64917182922	577730
107.58109974861	811637
108.77037167549	159539
109.01024270058	1049059
109.33822369576	206332
110.21806359291	208384
111.10777664185	209792
111.47367167473	839634
111.93745946884	1178263
112.15158152580	196595
113.04473137856	637045
113.30326652527	341661
113.95800137520	215424
114.21460938454	173184
114.61174750328	1049261
114.77280139923	216832
115.02856636047	174592
115.69078850746	218240
115.94883441925	176000
116.16087055206	387926
117.84066247940	544158
118.68825650215	1048799
118.80398249626	181632
119.70299148560	336475
119.74307441711	1051042
120.34897732735	182025
120.57222032547	227168
120.77395319939	180192
120.94791936874	1049869
121.09101319313	185697
121.31324219704	227614
121.87366437912	241468
121.87606739998	187264
122.08185124397	229504
123.04754543304	230912
124.00927925110	232320
124.47090935707	1051145
