1	343070
2	337232
3	198715
4	267458
5	198738
6	308796
7	299071
8	333438
9	447845
10	436806
11	198789
12	484684
13	390085
14	198725
15	534680
16	472315
17	636369
18	1103356
19	836606
20	859602
21	198642
22	845539
23	925510
24	788184
25	620717
26	838263
27	697879
28	853712
29	905102
30	371522
31	2398016
32	2895081
33	1712287
34	704748
35	198699
36	1160968
37	1218128
38	549253
39	2144282
40	198805
41	2477833
42	2328462
43	834220
44	2721415
45	1602155
46	192994
47	3978318
48	940228
49	198817
50	332068
51	980772
52	1714748
53	1298132
54	1330637
55	1796176
56	1972394
57	1169092
58	381589
59	1265909
60	1419639
61	749933
62	2261716
63	1926720
64	1269120
65	656641
66	922943
67	376954
68	1609504
69	448026
70	2779715
71	2750098
72	108055
73	101949
74	2194878
75	2517943
76	2242410
77	2345369
78	1048186
79	1966799
80	154662
81	782829
82	1047809
83	931955
84	2374137
85	249380
86	1048626
87	1049281
88	986531
89	504146
90	1047471
91	1336273
92	321826
93	332361
94	338346
