0.85062503815	233574
0.94786000252	195988
1.40772390366	306636
1.41073393822	220118
1.94955706596	344313
1.95019102097	196214
2.25453495979	205267
2.25569796562	186301
3.36767697334	342075
3.38583207130	249130
3.38595795631	196068
3.82887506485	100830
4.10833215714	234822
4.19617509842	156046
4.78204107285	352095
4.78324198723	196614
4.84452581406	512761
4.92350983620	144633
5.03204679489	196419
7.96229386330	1258732
8.79368996620	1144435
8.79436588287	196489
12.37863588333	1280552
13.05622696877	2491100
15.63295912743	1309724
16.43320226669	895332
16.43392515182	196457
18.94207715988	1201484
19.78603816032	884293
21.44408822060	944820
21.44465327263	195629
24.35744833946	1209116
24.51475524902	1080077
26.28854608536	642468
27.97621297836	580602
29.26856589317	541989
29.89537477493	1563437
30.73247098923	550553
31.01004004478	740372
31.01886701584	375093
32.79528999329	770218
32.88442397118	1049431
35.00018906593	619000
36.73795199394	196214
37.04388499260	1159008
37.91476392746	1296556
38.40051388741	699867
40.02952289581	680161
40.02964282036	1006191
40.78789901733	196601
42.19010901451	853941
42.31943082809	705019
43.27374982834	132478
44.71628475189	196066
45.50167775154	1030300
46.69052672386	678404
48.15495467186	989878
48.15509653091	782252
48.42107248306	196884
48.71049141884	604381
49.30603647232	709120
49.54965853691	1035991
49.58723354340	670906
49.59675335884	1506701
51.79867744446	1057363
52.30562233925	195965
53.01566028595	693571
53.05783629417	1949332
55.23045945168	934698
55.30203843117	196149
55.78254842758	780265
57.76041340828	724496
57.97021150589	828622
58.22286939621	702841
58.23958444595	196683
58.47162938118	1176375
60.85799956322	1040455
61.43422555923	1035086
64.49446439743	195977
65.43038845062	1265615
66.76171445847	1971684
68.04070758820	1388928
69.35295844078	196206
71.29807329178	1049028
71.34938406944	2163838
71.39351105690	860940
73.54692602158	754267
74.64156699181	685192
76.93033099174	196386
78.03958797455	1102350
78.52665996552	1109399
