0.06016111374	196131
0.29845523834	349400
0.45920610428	380960
0.45936703682	197056
0.46183800697	273324
0.64801812172	305712
0.64810228348	195810
0.82207131386	222159
0.87309741974	317828
0.87355947495	270814
1.02302742004	167018
1.02309250832	196492
1.38293957710	565729
2.47230076790	1633752
2.47297072411	246552
3.13534379005	1782502
4.26241779327	1571366
4.27388978004	1844367
5.19855570793	1285537
5.19865179062	196832
5.32777690887	1127456
6.04363775253	1103271
6.04374575615	4242589
9.94303083420	5734458
10.96967601776	5345174
12.45004892349	1611474
12.45013809204	196694
14.76644206047	6111998
16.95280909538	4986445
18.99468612671	5431765
22.13935995102	4818955
23.36091184616	5399131
27.08712887764	6606562
28.09442377090	6017240
28.09643077850	196181
29.36372280121	2661646
30.58135080338	2911554
34.46489882469	5876331
34.81998777390	5331472
38.88306474686	5277323
38.88315081596	390609
40.00718283653	2903370
41.49911189079	2980305
42.68490195274	6451152
45.20080304146	3997109
45.20089602470	195878
46.90913391113	1050214
49.67395997047	4383415
49.80725884438	7658890
49.80754590034	196131
50.94735479355	6092677
50.95030593872	3169430
52.86111497879	239934
53.13813400269	2880877
54.24094295502	2677431
54.92723584175	2418930
57.28860092163	2523585
57.95449471474	197056
58.31594562531	4496420
58.86800956726	2865848
59.45981049538	195872
59.52168750763	1688820
61.26466560364	2396111
61.40028071404	195810
62.81192874908	2095041
63.60795378685	6104850
65.78436684608	4094270
66.31853365898	3329737
67.43284964561	3495762
68.63309669495	196492
69.63193964958	2171918
69.69060969353	2684302
71.11933064461	1642047
71.97607970238	1791106
72.41184663773	196225
73.77032470703	3553602
74.58465766907	3702416
75.00864768028	1524637
78.12341547012	195955
78.83818149567	5260901
79.70489454269	5356632
81.13185954094	3619704
82.98080754280	3099690
83.14172840118	1199266
85.35356235504	196659
85.50691413879	5377903
85.95966911316	2835399
87.40544605255	196100
87.68805193901	3084748
88.34005284309	2171425
89.29457592964	3122308
91.42599177361	3083709
91.49431586266	2111493
93.25008487701	5841776
94.86061501503	4955982
97.85634684563	5999460
