2.60814905167	199247
4.27338695526	198692
4.31640982628	527114
4.32053995132	257326
4.52344107628	105600
5.30568814278	102565
6.15323805809	140685
6.15472316742	185760
6.21284914017	191631
7.11395597458	160563
7.88958716393	106174
8.61932516098	178492
8.61940217018	199470
9.51201796532	167804
10.44417095184	186041
10.44435811043	198621
11.01660728455	120007
11.46472120285	253813
11.46479725838	225809
11.94032120705	181325
13.36734127998	310906
13.36796808243	111289
13.87524318695	280874
14.45057106018	363744
17.25999093056	394004
18.77135992050	385750
19.21750473976	366257
19.96723175049	231365
20.40752077103	330457
21.33233380318	142208
22.10508084297	219741
22.55229568481	285077
22.72715568542	117374
23.12032055855	266479
23.64024853706	280007
24.41855144501	209931
24.86493659019	417639
27.32951450348	438728
27.62087750435	429836
27.84574651718	415265
28.17176866531	223624
28.94925951958	291144
29.86033940315	211200
30.63255143166	259409
31.24392247200	642851
31.84684228897	109469
32.91581249237	111232
34.00141739845	112640
35.13479638100	114048
35.18472146988	471847
35.64131140709	162825
36.01158332825	145024
38.49463033676	529505
38.57619237900	360893
39.08189535141	270026
39.09178733826	246102
39.17296242714	115601
39.51629853249	316680
40.05032849312	429419
41.35476040840	120678
41.35757541656	360792
42.09099340439	206995
42.45849943161	263477
42.67489647865	212253
43.29527044296	102879
43.51219844818	262042
43.96639561653	220702
44.34476566315	202444
44.47156476974	351471
45.05253672600	342635
45.45549178123	122104
46.15095472336	334057
46.80359172821	119832
47.47579383850	204160
47.84462571144	442670
48.40320563316	404096
48.97596573830	311584
49.09341382980	281051
49.69161701202	155935
50.43889904022	260480
51.96435689926	1058642
52.36244797707	194304
53.32576894760	401222
53.71589398384	277376
53.72890496254	108896
54.44600892067	114494
54.98211193085	139392
55.56546497345	1947264
56.39530205727	225480
56.64578390121	327405
56.65012192726	120292
56.66896700859	193949
57.46048307419	283704
57.88086104393	161497
58.24697208405	104350
