1.00000000000	11822
2.00000000000	11821
3.00000000000	48828
4.00000000000	90373
5.00000000000	292709
6.00000000000	10772
7.00000000000	284300
8.00000000000	196403
9.00000000000	196222
10.00000000000	12616
11.00000000000	76891
12.00000000000	100395
13.00000000000	11822
14.00000000000	281490
15.00000000000	11822
16.00000000000	182626
17.00000000000	13244
18.00000000000	246676
19.00000000000	386671
20.00000000000	11821
21.00000000000	1333206
22.00000000000	11822
23.00000000000	299848
24.00000000000	304611
25.00000000000	18231
26.00000000000	17195
27.00000000000	11819
28.00000000000	272601
29.00000000000	723542
30.00000000000	1020464
31.00000000000	617745
32.00000000000	196629
33.00000000000	196329
34.00000000000	196150
35.00000000000	967919
36.00000000000	3336115
37.00000000000	2280442
38.00000000000	3022137
39.00000000000	196281
40.00000000000	196358
41.00000000000	1233593
42.00000000000	475133
43.00000000000	1577447
44.00000000000	13245
45.00000000000	737949
46.00000000000	951419
47.00000000000	196295
48.00000000000	20425
49.00000000000	196222
50.00000000000	1298981
51.00000000000	575231
52.00000000000	3841649
53.00000000000	24508
54.00000000000	371657
55.00000000000	941894
56.00000000000	21090
57.00000000000	797921
58.00000000000	1160230
59.00000000000	1458541
60.00000000000	196403
61.00000000000	25076
62.00000000000	394177
63.00000000000	870110
64.00000000000	1873263
65.00000000000	719396
66.00000000000	195904
67.00000000000	893992
68.00000000000	1508565
69.00000000000	18232
70.00000000000	196487
71.00000000000	299848
72.00000000000	408222
73.00000000000	820373
74.00000000000	1438851
75.00000000000	196050
76.00000000000	5257599
77.00000000000	2931986
78.00000000000	2989695
79.00000000000	196604
80.00000000000	158782
81.00000000000	860902
82.00000000000	2213713
83.00000000000	196167
84.00000000000	1598753
85.00000000000	629691
86.00000000000	195996
87.00000000000	899564
88.00000000000	829644
89.00000000000	712931
90.00000000000	1656261
91.00000000000	564774
92.00000000000	196615
93.00000000000	1031474
94.00000000000	1130939
95.00000000000	607329
96.00000000000	559188
97.00000000000	3737247
98.00000000000	780027
99.00000000000	196070
100.00000000000	1050344
101.00000000000	459741
102.00000000000	1737628
103.00000000000	2240773
104.00000000000	1777074
105.00000000000	196566
106.00000000000	1071782
107.00000000000	556861
