1.00000000000	47673
2.00000000000	47675
3.00000000000	199245
4.00000000000	257326
5.00000000000	229948
6.00000000000	299143
7.00000000000	198691
8.00000000000	268984
9.00000000000	216014
10.00000000000	47676
11.00000000000	47672
12.00000000000	199148
13.00000000000	208375
14.00000000000	342637
15.00000000000	47676
16.00000000000	315133
17.00000000000	47674
18.00000000000	47676
19.00000000000	198708
20.00000000000	41679
21.00000000000	55485
22.00000000000	105600
23.00000000000	3290509
24.00000000000	107008
25.00000000000	1411547
26.00000000000	360989
27.00000000000	108416
28.00000000000	231104
29.00000000000	1711077
30.00000000000	122496
31.00000000000	14080
32.00000000000	52230
33.00000000000	75908
34.00000000000	257579
35.00000000000	308946
36.00000000000	47675
37.00000000000	151309
38.00000000000	341865
39.00000000000	335767
40.00000000000	435387
41.00000000000	198622
42.00000000000	914457
43.00000000000	1631718
44.00000000000	1243362
45.00000000000	1417327
46.00000000000	1047069
47.00000000000	199156
48.00000000000	832487
49.00000000000	1003253
50.00000000000	1446922
51.00000000000	1183526
52.00000000000	198787
53.00000000000	912790
54.00000000000	1319809
55.00000000000	1219913
56.00000000000	198623
57.00000000000	2575803
58.00000000000	2600034
59.00000000000	944070
60.00000000000	2551793
61.00000000000	1521335
62.00000000000	199169
63.00000000000	1832878
64.00000000000	2051269
65.00000000000	47676
66.00000000000	2912689
67.00000000000	2694967
68.00000000000	198995
69.00000000000	2590705
70.00000000000	3039380
71.00000000000	3486738
72.00000000000	2791773
73.00000000000	198508
74.00000000000	3196881
75.00000000000	259103
76.00000000000	2846620
77.00000000000	1118737
78.00000000000	6436510
79.00000000000	199245
80.00000000000	149937
81.00000000000	3483959
82.00000000000	2798459
83.00000000000	1956874
84.00000000000	198691
85.00000000000	1975842
86.00000000000	2192698
87.00000000000	1723667
88.00000000000	2033458
89.00000000000	3980536
90.00000000000	1855995
91.00000000000	2027766
92.00000000000	2498565
93.00000000000	201964
94.00000000000	2201691
95.00000000000	3485369
96.00000000000	28733
97.00000000000	385724
98.00000000000	5289824
99.00000000000	23103
100.00000000000	8594979
101.00000000000	10430
102.00000000000	8182764
103.00000000000	199476
104.00000000000	5129017
105.00000000000	11564265
106.00000000000	4796953
107.00000000000	198727
108.00000000000	2640964
109.00000000000	4732859
110.00000000000	5024190
111.00000000000	2898948
112.00000000000	1875052
113.00000000000	3206753
114.00000000000	1624734
115.00000000000	1431176
116.00000000000	388756
117.00000000000	6023501
118.00000000000	14654
119.00000000000	3443841
120.00000000000	198731
121.00000000000	2223102
