1.16489696503	307615
1.16549611092	196048
1.17165231705	875038
1.22072529793	196606
1.22578620911	238584
1.23518633842	196488
2.26499152184	157926
2.26523637772	249959
2.26871943474	193563
3.04539227486	180669
3.85416722298	293273
4.51016020775	221898
6.36535429955	749675
7.43198943138	371223
7.43213033676	196628
7.74808931351	861134
7.74877238274	1675227
13.36215138435	3022107
13.36417841911	490812
16.65679740906	743580
16.65728259087	196279
20.69464254379	1577448
20.69771957397	1233594
20.69970941544	744143
20.69992542267	196356
24.58397436142	1275749
24.72057437897	769472
26.01626539230	1298981
27.03025841713	557729
27.91485857964	371658
28.97249650955	408673
29.17626953125	797921
33.37764859200	1458543
33.38041758537	196404
33.44536662102	1160232
37.18385148048	870110
40.09767055511	1873259
40.10158443451	558530
42.87892961502	1508564
42.95476055145	719397
48.38784050941	893992
48.39131164551	196488
48.82131671906	195997
49.00234866142	116029
49.35644173622	196150
49.35685968399	183819
54.45143771172	5257627
54.45164465904	408222
57.34429264069	1438852
57.34689760208	196048
57.35262155533	820371
65.20994758606	475132
65.63769054413	2989695
71.50988960266	2213683
71.51554560661	196606
71.91273379326	158782
72.21568560600	951419
74.98680162430	1336235
75.51513957977	2887855
75.51557564735	196167
78.62299060822	1475938
80.55670380592	3253030
80.55976462364	195997
83.38849568367	899565
83.62370872498	829644
85.17164683342	564773
85.22681975365	907563
92.10028862953	1542125
94.32287359238	3737246
94.32480263710	196139
96.69098162651	559190
96.69666361809	1031475
99.86342358589	780029
106.39658045769	2240772
106.39698243141	196072
107.27143645287	2827419
113.72492527962	1782047
113.72995734215	196566
114.06108546257	2715632
114.27263927460	556862
115.93435835838	502189
117.00855350494	196105
117.54354643822	1374485
117.86656141281	1083809
118.50891852379	1046205
119.17006349564	600925
