0.08232307434	199245
0.38588905334	299145
0.41114187241	289316
0.41120004654	198692
0.82052612305	414412
0.84898400307	216014
0.84997701645	199149
0.85591506958	164089
1.49205207825	192711
1.90004992485	236650
1.90013194084	199004
1.90016293526	145914
2.76223778725	540387
2.79706168175	319937
3.48326158524	257578
3.48380565643	199469
3.90440368652	341866
3.90455985069	751464
5.13194394112	968608
5.13260078430	198622
8.03533577919	2076515
8.03541588783	1631717
10.44345688820	1417326
10.58597898483	1047070
12.36688899994	832488
13.35240697861	1003254
15.73791503906	1446923
16.28070402145	1183527
16.28109598160	386108
18.92488503456	912789
18.92702198029	1319810
21.43526792526	1081224
21.43560099602	198622
21.63224983215	1219914
24.09348988533	1030305
24.13967800140	936750
25.18151998520	472860
25.83611607552	722860
27.11502623558	847026
28.36658930779	909431
30.40017318726	1243945
31.84839820862	1117847
33.36212825775	1048676
33.83756923676	394778
33.98429727554	338784
34.41622829437	1554866
36.35096120834	1576225
39.55001115799	1091459
40.11424398422	134941
40.88554310799	136576
41.57757711411	137984
42.31579518318	139392
43.05892801285	140800
43.80895113945	142208
44.05157518387	2088682
45.02937412262	3763250
49.88124513626	2671796
51.30832624435	259102
52.13044619560	829755
52.46230816841	2682282
52.94014811516	2014721
53.57338023186	162045
54.39314031601	163328
55.00696420670	1047857
55.16524720192	164736
55.66833829880	276770
56.00094223022	166144
56.50531220436	278784
56.83605217934	167552
57.34282422066	280192
57.67859220505	168960
58.52442121506	171510
58.77918815613	1969466
59.26005411148	171776
59.58046126366	388733
59.66542530060	646218
60.14682722092	620821
62.18916320801	103381
62.47571229935	120678
64.92508530617	2000161
65.54270124435	2192670
66.11200332642	195717
67.09540534019	1047406
68.00057721138	595584
68.08027315140	676261
69.09817123413	2269154
69.88085508347	152064
70.67344808578	153472
70.88611721992	1047626
71.76584410667	1191058
72.34950208664	208735
72.95050024986	919128
73.14879703522	211200
73.61740708351	170416
76.00596809387	1421301
76.99040317535	1436057
76.99388718605	336183
81.28059220314	1058592
81.38070321083	198707
83.02018332481	1371953
87.34284329414	2088004
87.44377231598	198851
89.19330739975	1764312
89.75973343849	1544242
89.99520039558	3442623
92.98032140732	1969320
93.00901341438	4018092
94.72210550308	1476064
97.46368050575	1048209
102.60921645164	1842381
103.96251153946	3479967
104.76433062553	833380
105.55469250679	4266637
105.71288752556	2224120
108.91435551643	993641
114.33676433563	380736
116.51136946678	2075967
117.25398540497	2909055
117.32848238945	2980523
