0.04619216919	136259
0.04653000832	401053
0.63458299637	222567
1.82022094727	138307
2.21369695663	191099
2.51148104668	120252
3.14870905876	195842
3.44283008575	155451
3.93374419212	128658
4.12211322784	138848
4.59210920334	196211
4.95380115509	226981
5.62147617340	176000
6.45126724243	118296
6.93686342239	109084
7.60374832153	199761
8.04943132401	511370
8.31517124176	124958
8.61261940002	130944
8.62248134613	282583
9.29552030563	144668
9.61993622780	364672
10.17315816879	222728
10.49108719826	652763
11.16915535927	102595
11.17924737930	632828
11.75510835648	199936
12.49092435837	147002
13.01078319550	127819
13.38155627251	275496
14.39919543266	224435
14.70742154121	356224
