0.66183590889	198687
0.67919993401	447666
0.67957901955	198827
0.68425393105	261878
0.71420979500	210867
0.87120985985	341508
0.87495279312	160469
0.87789773941	198723
0.87801980972	198692
1.40482068062	409838
1.40552973747	198983
2.28643083572	498607
2.28691673279	198623
2.70723676682	183653
3.12234163284	117145
3.12338161469	198721
3.52599573135	301037
3.68455290794	198729
4.56553483009	388918
5.94070196152	781631
5.94093990326	198977
7.73954892159	1181453
9.71726298332	1541242
9.71735692024	198617
12.34625887871	1853238
12.34924483299	198579
15.50107789040	1774867
15.50118470192	489811
18.04642176628	1258385
18.88916563988	413903
18.88932561874	198740
19.40489053726	1505000
19.47839355469	1331118
20.90425062180	872109
21.59415984154	1025123
25.88554191589	2209804
29.38347196579	1694868
29.38631296158	198827
30.05357193947	146116
34.61042499542	1873935
34.77908492088	3919933
35.35083889961	198723
37.03222584724	2595397
37.03626894951	198692
44.46088099480	2231262
44.50037288666	2214118
45.30277776718	2234932
46.40112781525	198730
53.38693475723	1995342
53.77016282082	2836528
54.46789693832	198638
55.53405690193	2384373
59.11909508705	3117007
60.78828310966	3279221
60.78852105141	198713
79.38631725311	8422260
79.39008307457	198740
81.09058403969	7051515
81.98354220390	1047993
82.01283311844	1624625
83.00863718987	1926486
83.79118418694	198749
84.70578622818	1048418
87.63653326035	1366338
88.12269926071	2212116
88.89767432213	198735
90.00306344032	1365615
90.56181740761	257341
91.13477349281	742071
92.10908651352	519552
93.25163054466	190019
94.08975744247	198954
94.18519949913	964360
95.22517633438	530495
96.14698553085	267520
97.38685846329	251689
98.25340461731	198533
98.87765765190	270015
99.82963156700	271744
101.87015056610	507366
102.63975954056	275520
103.59807658195	277376
104.34796452522	3494383
104.52810168266	278784
108.61863350868	1618828
108.62119770050	198608
109.81393361092	578843
110.32775664330	418661
