0.49209785461	431180
0.49344205856	428977
1.42005610466	410519
1.42580699921	198763
1.44384384155	221473
1.44559788704	198825
1.50553488731	326760
1.50600695610	397765
1.60362601280	199044
2.97081398964	305126
2.97155904770	199406
3.01249098778	319546
3.21932482719	623968
4.37896585464	353619
4.86789584160	162021
4.88570785522	485673
6.24725580215	396517
6.35036683083	422778
7.32726287842	359497
7.32768082619	220349
7.43467187881	351059
8.58457493782	376887
8.58471274376	524728
11.16349482536	1137878
13.43594980240	1411820
15.12590384483	1276495
15.12787699699	478719
15.12824583054	390024
16.35455489159	431058
17.47398877144	682892
20.41842675209	1368975
21.50667881966	1202106
24.12963676453	1317072
24.12973880768	199087
25.75078368187	1240138
28.15742754936	1366826
29.24652147293	1282680
31.13448762894	1167253
34.16386079788	925314
34.23514175415	1419683
34.55147576332	198763
36.74424457550	663481
38.27846646309	1136741
41.33839058876	1274225
42.51374745369	1286693
42.59103655815	1336391
42.59430551529	199119
43.65582251549	127774
45.54223060608	1047519
46.94261646271	242106
47.10135960579	1223447
50.39566755295	722304
50.59904956818	1334697
50.67982745171	1110836
51.09792256355	198856
51.82991456985	183235
52.29924941063	334065
52.93557453156	1048000
53.64952158928	155871
53.95994353294	1383512
54.28753566742	199164
54.55788660049	1048411
54.71360063553	1468960
54.77517247200	227168
56.40184068680	924151
57.15143275261	103838
57.40969872475	657713
57.42334866524	1031740
58.29497170448	198795
58.78404569626	482210
61.05544972420	496661
61.57135558128	788907
61.58063268661	110875
62.01611256599	975190
62.37468266487	198595
62.96362948418	240446
64.68489956856	734483
65.15371942520	475621
65.15628147125	434832
66.09417557716	199270
66.69698047638	246079
67.42437958717	359165
67.66000437737	247808
67.86092448235	867570
68.42682242393	274239
69.03737545013	246400
69.41592550278	275968
69.90856528282	553989
70.02888536453	125312
70.95045733452	152370
71.08392238617	500272
71.66100335121	128253
71.85908722878	278336
72.28132224083	507965
72.68500232697	129536
73.57802248001	198751
73.85672736168	261888
73.86277031898	455811
74.49573230743	257343
75.06800532341	564283
75.52102541924	259072
75.92845845222	185639
76.83614659309	198839
77.17784357071	271867
77.44346642494	285979
77.91802144051	561628
77.92372250557	137984
78.57606863976	262972
79.47938656807	491070
80.10154652596	290206
80.63980865479	428032
80.89026165009	463941
81.34466075897	200580
81.66036987305	198952
82.71122384071	288766
83.38335585594	646930
84.02117586136	294272
84.27025175095	139392
84.51610779762	1050863
85.61767578125	299904
86.12150382996	342280
86.48445081711	374978
86.98717498779	186119
87.67236399651	153596
88.14746904373	631792
88.83510088921	156413
89.76285195351	157696
90.69757294655	159104
91.16229987144	1047882
92.29997587204	303905
92.55552291870	1053667
93.27931976318	153593
94.01129984856	156414
