1.00000000000	45684
2.00000000000	85542
3.00000000000	45684
4.00000000000	51261
5.00000000000	100542
6.00000000000	92094
7.00000000000	52096
8.00000000000	52096
9.00000000000	47872
10.00000000000	53504
11.00000000000	49280
12.00000000000	46086
13.00000000000	54912
14.00000000000	18875
15.00000000000	56320
16.00000000000	14080
17.00000000000	57728
18.00000000000	30215
19.00000000000	45683
20.00000000000	134811
21.00000000000	146300
22.00000000000	363951
23.00000000000	152263
24.00000000000	171941
25.00000000000	219848
26.00000000000	45684
27.00000000000	147484
28.00000000000	29236
29.00000000000	76032
30.00000000000	13245
31.00000000000	15648
32.00000000000	58458
33.00000000000	45683
34.00000000000	168762
35.00000000000	204099
36.00000000000	15617
37.00000000000	23946
38.00000000000	19179
39.00000000000	198623
40.00000000000	21364
41.00000000000	198984
42.00000000000	56085
43.00000000000	89387
44.00000000000	198723
45.00000000000	38931
46.00000000000	11264
47.00000000000	32497
48.00000000000	198730
49.00000000000	160711
50.00000000000	198978
51.00000000000	178201
52.00000000000	339435
53.00000000000	198619
54.00000000000	23101
55.00000000000	431169
56.00000000000	183942
57.00000000000	25001
58.00000000000	123338
59.00000000000	45630
60.00000000000	340332
61.00000000000	16896
62.00000000000	42813
63.00000000000	83315
64.00000000000	39424
65.00000000000	91520
66.00000000000	144669
67.00000000000	21120
68.00000000000	44652
69.00000000000	21120
70.00000000000	48444
71.00000000000	54553
72.00000000000	63536
73.00000000000	56893
74.00000000000	30976
75.00000000000	19712
76.00000000000	314810
77.00000000000	25344
78.00000000000	32384
79.00000000000	163925
80.00000000000	33792
81.00000000000	45056
82.00000000000	30562
83.00000000000	46464
84.00000000000	35772
85.00000000000	261878
86.00000000000	44936
87.00000000000	77440
88.00000000000	65821
89.00000000000	40832
90.00000000000	199936
91.00000000000	67584
92.00000000000	42240
93.00000000000	53504
94.00000000000	68992
95.00000000000	17655
96.00000000000	70046
97.00000000000	110398
98.00000000000	50073
99.00000000000	58781
100.00000000000	60544
101.00000000000	271463
102.00000000000	75677
103.00000000000	125312
104.00000000000	77440
105.00000000000	64768
106.00000000000	197313
107.00000000000	46631
108.00000000000	124218
109.00000000000	11838
110.00000000000	197284
111.00000000000	723035
112.00000000000	401967
113.00000000000	47872
114.00000000000	198729
115.00000000000	99968
116.00000000000	52096
117.00000000000	45682
118.00000000000	53504
119.00000000000	19198
120.00000000000	54075
121.00000000000	547877
122.00000000000	56320
123.00000000000	103838
124.00000000000	57728
125.00000000000	49280
126.00000000000	30514
127.00000000000	58782
128.00000000000	111232
129.00000000000	60544
130.00000000000	57728
131.00000000000	61952
132.00000000000	59136
133.00000000000	1254070
134.00000000000	17436
135.00000000000	1398109
136.00000000000	130589
137.00000000000	170013
138.00000000000	64768
139.00000000000	87296
140.00000000000	66176
141.00000000000	3170729
142.00000000000	129659
143.00000000000	2711808
144.00000000000	130944
145.00000000000	109824
146.00000000000	132352
147.00000000000	111232
148.00000000000	133760
149.00000000000	112640
150.00000000000	110500
151.00000000000	68151
152.00000000000	135292
153.00000000000	115580
154.00000000000	150656
155.00000000000	116864
156.00000000000	25097
157.00000000000	138109
158.00000000000	218149
159.00000000000	139392
160.00000000000	235357
161.00000000000	130742
162.00000000000	61598
163.00000000000	42004
164.00000000000	40832
165.00000000000	42240
166.00000000000	45056
167.00000000000	372363
168.00000000000	45056
169.00000000000	67584
170.00000000000	46464
171.00000000000	65333
172.00000000000	760550
173.00000000000	13336
174.00000000000	70044
175.00000000000	15488
