1.00000000000	34589
2.00000000000	34284
3.00000000000	199117
4.00000000000	286891
5.00000000000	291541
6.00000000000	59708
7.00000000000	198859
8.00000000000	250523
9.00000000000	516281
10.00000000000	34283
11.00000000000	199161
12.00000000000	16562
13.00000000000	14976
14.00000000000	34282
15.00000000000	199043
16.00000000000	48328
17.00000000000	61504
18.00000000000	123717
19.00000000000	199407
20.00000000000	34283
21.00000000000	34283
22.00000000000	76280
23.00000000000	198482
24.00000000000	55821
25.00000000000	174355
26.00000000000	183470
27.00000000000	288755
28.00000000000	271947
29.00000000000	34284
30.00000000000	293065
31.00000000000	321700
32.00000000000	199310
33.00000000000	11835
34.00000000000	1743380
35.00000000000	1608543
36.00000000000	198931
37.00000000000	431059
38.00000000000	682894
39.00000000000	1368974
40.00000000000	1202104
41.00000000000	1317071
42.00000000000	199089
43.00000000000	1240137
44.00000000000	1366825
45.00000000000	1282677
46.00000000000	1167253
47.00000000000	261887
48.00000000000	35200
49.00000000000	36608
50.00000000000	38016
51.00000000000	1140957
52.00000000000	23895
53.00000000000	39996
54.00000000000	1419683
55.00000000000	925342
56.00000000000	1136739
57.00000000000	1274225
58.00000000000	1286691
59.00000000000	623484
60.00000000000	199117
61.00000000000	183234
62.00000000000	96317
63.00000000000	1289622
64.00000000000	143439
65.00000000000	166395
66.00000000000	1334695
67.00000000000	34282
68.00000000000	14653
69.00000000000	1308408
70.00000000000	99246
71.00000000000	102431
72.00000000000	1110835
73.00000000000	450280
74.00000000000	942142
75.00000000000	209792
76.00000000000	107008
77.00000000000	1168081
78.00000000000	1051103
79.00000000000	10430
80.00000000000	332410
81.00000000000	199161
82.00000000000	784640
83.00000000000	116991
84.00000000000	118272
85.00000000000	119680
86.00000000000	1047817
87.00000000000	421142
88.00000000000	492800
89.00000000000	126720
90.00000000000	1274556
91.00000000000	97152
92.00000000000	1031741
93.00000000000	310229
94.00000000000	132478
95.00000000000	66318
96.00000000000	600499
97.00000000000	465174
98.00000000000	269052
99.00000000000	103836
100.00000000000	105600
101.00000000000	213158
102.00000000000	788908
103.00000000000	198594
104.00000000000	280317
105.00000000000	142208
106.00000000000	123184
107.00000000000	734480
108.00000000000	143739
109.00000000000	145024
110.00000000000	765752
111.00000000000	146432
112.00000000000	147840
113.00000000000	116987
114.00000000000	867571
115.00000000000	82283
116.00000000000	133029
117.00000000000	119807
118.00000000000	150781
119.00000000000	121088
120.00000000000	122496
121.00000000000	123904
122.00000000000	75676
123.00000000000	849935
124.00000000000	133760
125.00000000000	135168
126.00000000000	136576
127.00000000000	712951
128.00000000000	1265026
129.00000000000	198754
130.00000000000	425795
131.00000000000	164859
132.00000000000	142333
133.00000000000	143616
134.00000000000	705315
135.00000000000	145024
136.00000000000	408671
137.00000000000	170492
138.00000000000	28345
139.00000000000	172381
140.00000000000	174592
141.00000000000	647068
142.00000000000	152189
143.00000000000	920193
144.00000000000	430078
145.00000000000	178013
146.00000000000	300029
147.00000000000	180224
148.00000000000	574725
149.00000000000	163831
150.00000000000	190756
151.00000000000	153597
152.00000000000	198953
153.00000000000	160638
154.00000000000	311168
155.00000000000	161920
156.00000000000	157696
157.00000000000	163328
158.00000000000	159104
159.00000000000	1069061
160.00000000000	166594
161.00000000000	166268
