1.00000000000	34284
2.00000000000	34283
3.00000000000	199161
4.00000000000	176386
5.00000000000	64413
6.00000000000	151108
7.00000000000	210061
8.00000000000	198795
9.00000000000	80154
10.00000000000	125386
11.00000000000	34283
12.00000000000	23099
13.00000000000	91835
14.00000000000	114830
15.00000000000	198595
16.00000000000	174465
17.00000000000	14283
18.00000000000	13905
19.00000000000	39117
20.00000000000	199045
21.00000000000	48692
22.00000000000	123716
23.00000000000	143439
24.00000000000	34284
25.00000000000	34281
26.00000000000	199406
27.00000000000	34284
28.00000000000	76278
29.00000000000	198481
30.00000000000	55818
31.00000000000	281337
32.00000000000	288754
33.00000000000	271948
34.00000000000	199310
35.00000000000	293064
36.00000000000	321701
37.00000000000	450280
38.00000000000	21691
39.00000000000	1020838
40.00000000000	356195
41.00000000000	1814489
42.00000000000	390025
43.00000000000	324454
44.00000000000	682893
45.00000000000	1368974
46.00000000000	1202105
47.00000000000	1317073
48.00000000000	200497
49.00000000000	1240138
50.00000000000	1366825
51.00000000000	1282679
52.00000000000	1167252
53.00000000000	249511
54.00000000000	1140958
55.00000000000	32384
56.00000000000	925311
57.00000000000	1419685
58.00000000000	106670
59.00000000000	663480
60.00000000000	183235
61.00000000000	1136738
62.00000000000	220237
63.00000000000	30656
64.00000000000	717275
65.00000000000	1274223
66.00000000000	32384
67.00000000000	166393
68.00000000000	121525
69.00000000000	332019
70.00000000000	34283
71.00000000000	237395
72.00000000000	187264
73.00000000000	40832
74.00000000000	42240
75.00000000000	1264399
76.00000000000	88704
77.00000000000	46464
78.00000000000	1223449
79.00000000000	1334696
80.00000000000	1110836
81.00000000000	198860
82.00000000000	792346
83.00000000000	32955
84.00000000000	1047997
85.00000000000	136223
86.00000000000	155871
87.00000000000	579803
88.00000000000	107008
89.00000000000	108416
90.00000000000	1047815
91.00000000000	421142
92.00000000000	560576
93.00000000000	116991
94.00000000000	118272
95.00000000000	119680
96.00000000000	1048411
97.00000000000	236281
98.00000000000	1247290
99.00000000000	198795
100.00000000000	184093
101.00000000000	676799
102.00000000000	94336
103.00000000000	600499
104.00000000000	195712
105.00000000000	98560
106.00000000000	482210
107.00000000000	85014
108.00000000000	788908
109.00000000000	198595
110.00000000000	203805
111.00000000000	104192
112.00000000000	105600
113.00000000000	734482
114.00000000000	107008
115.00000000000	25104
116.00000000000	108061
117.00000000000	716066
118.00000000000	109824
119.00000000000	199272
120.00000000000	1055924
121.00000000000	649685
122.00000000000	118398
123.00000000000	793136
124.00000000000	963777
125.00000000000	146556
126.00000000000	147840
127.00000000000	1297410
128.00000000000	1117527
129.00000000000	101022
130.00000000000	198753
131.00000000000	102784
132.00000000000	410919
133.00000000000	153598
134.00000000000	209792
135.00000000000	154880
136.00000000000	156288
137.00000000000	159935
138.00000000000	109467
139.00000000000	89369
140.00000000000	455428
141.00000000000	110877
142.00000000000	162043
143.00000000000	1078041
144.00000000000	112640
145.00000000000	146558
146.00000000000	328064
147.00000000000	147840
148.00000000000	167552
149.00000000000	149248
150.00000000000	69253
151.00000000000	47140
152.00000000000	152190
153.00000000000	553534
154.00000000000	338043
155.00000000000	46763
156.00000000000	121214
157.00000000000	153599
158.00000000000	184023
159.00000000000	122496
160.00000000000	172379
161.00000000000	311168
162.00000000000	174592
163.00000000000	157696
164.00000000000	176000
165.00000000000	159104
166.00000000000	129506
167.00000000000	178012
168.00000000000	322802
169.00000000000	80256
170.00000000000	91520
171.00000000000	825351
172.00000000000	288776
