1.00000000000	40175
2.00000000000	40175
3.00000000000	198808
4.00000000000	259648
5.00000000000	163535
6.00000000000	140804
7.00000000000	470680
8.00000000000	40175
9.00000000000	199443
10.00000000000	336013
11.00000000000	77196
12.00000000000	41249
13.00000000000	54439
14.00000000000	104686
15.00000000000	40175
16.00000000000	213339
17.00000000000	198552
18.00000000000	277920
19.00000000000	40174
20.00000000000	40176
21.00000000000	199743
22.00000000000	40175
23.00000000000	35234
24.00000000000	141003
25.00000000000	199432
26.00000000000	32693
27.00000000000	199059
28.00000000000	107455
29.00000000000	131166
30.00000000000	42132
31.00000000000	232235
32.00000000000	551653
33.00000000000	198510
34.00000000000	1395057
35.00000000000	199217
36.00000000000	2192134
37.00000000000	2152084
38.00000000000	198763
39.00000000000	2660349
40.00000000000	5989987
41.00000000000	198603
42.00000000000	73389
43.00000000000	1178140
44.00000000000	4328869
45.00000000000	199269
46.00000000000	593391
47.00000000000	1556001
48.00000000000	198571
49.00000000000	344691
50.00000000000	674147
51.00000000000	1505787
52.00000000000	1332219
53.00000000000	1294086
54.00000000000	4460461
55.00000000000	1525922
56.00000000000	198808
57.00000000000	598399
58.00000000000	199443
59.00000000000	960742
60.00000000000	436064
61.00000000000	957807
62.00000000000	453968
63.00000000000	1179926
64.00000000000	718324
65.00000000000	267597
66.00000000000	675340
67.00000000000	522781
68.00000000000	2165895
69.00000000000	181277
70.00000000000	125099
71.00000000000	17275
72.00000000000	186911
73.00000000000	291456
74.00000000000	99968
75.00000000000	2886640
76.00000000000	204160
77.00000000000	40175
78.00000000000	104192
79.00000000000	768083
80.00000000000	1545456
81.00000000000	199743
82.00000000000	1968352
83.00000000000	919128
84.00000000000	266901
85.00000000000	1502264
86.00000000000	1050836
87.00000000000	239791
88.00000000000	126844
89.00000000000	2012365
90.00000000000	919128
91.00000000000	1564761
92.00000000000	71385
93.00000000000	128255
94.00000000000	129536
95.00000000000	1049603
96.00000000000	130944
97.00000000000	42287
98.00000000000	1938631
99.00000000000	3506986
100.00000000000	198758
101.00000000000	3855771
102.00000000000	21694
103.00000000000	4552907
104.00000000000	3687006
105.00000000000	376177
106.00000000000	165518
107.00000000000	4665818
108.00000000000	23936
109.00000000000	6970969
110.00000000000	433067
111.00000000000	199037
112.00000000000	683176
113.00000000000	2027087
114.00000000000	121877
115.00000000000	1111823
116.00000000000	1822493
117.00000000000	411694
