0.17813301086	183541
0.19006490707	108302
0.48059177399	104555
1.30634760857	100031
1.62200665474	198796
1.93975567818	124693
1.94280076027	116832
2.02931976318	170941
2.54388189316	199043
2.54398488998	199407
2.54687595367	198480
2.54739594460	199311
2.54753589630	151553
2.54797291756	198705
3.54727411270	155453
4.06369400024	181276
5.32090592384	100138
5.58227300644	171776
5.76344180107	225602
6.16710066795	126062
6.46362948418	119325
7.20627164841	114859
9.48637676239	292934
10.04086685181	302398
10.25832676888	240413
10.74860692024	101376
11.26947784424	202752
11.57559275627	405504
12.50197768211	212904
14.62822270393	781218
14.96030879021	553946
14.96438479424	281735
15.56143379211	114120
15.76886081696	153651
16.10750794411	167920
16.52326893806	172933
17.19105792046	286890
17.63077688217	199116
18.41723489761	428978
18.67950391769	406423
19.76680278778	122496
20.01944589615	134819
21.03168392181	529754
22.08896183968	333671
22.62070584297	470856
22.90973782539	224508
23.52240371704	242770
23.72713875771	168960
24.86200261116	111232
24.86483550072	230969
25.92606639862	184094
26.45450234413	254838
26.84137225151	133402
27.42943525314	139392
28.29069113731	123306
28.80563116074	120601
28.89135622978	229768
29.35794901848	160164
29.50007414818	752529
29.82702708244	122496
31.10048604012	483038
31.48372507095	136221
