0.00060510635	198728
1.85299611092	318265
2.79099726677	547876
2.79518413544	512531
2.79564118385	198638
4.56353425980	198714
5.33741807938	325801
6.73984003067	393982
6.74036312103	387175
7.29578924179	198723
7.39910316467	101456
7.91729402542	133905
7.97607517242	198730
9.20554113388	320857
9.20566511154	198977
10.59437012672	386780
11.55773019791	587065
11.55816602707	198616
11.55825114250	1266230
11.56116819382	198580
14.28299117088	676423
15.08291125298	603093
15.30935835838	410132
16.52404546738	589470
16.52476239204	198742
16.64353537560	252961
16.64360737801	198686
19.83987021446	594001
19.83999133110	493530
21.09248232841	144669
21.42908024788	198828
22.00681805611	133885
22.69769024849	150656
22.90305709839	135168
23.38827228546	1064448
24.78934216499	1219353
27.34199023247	998873
27.40519618988	520606
27.99345612526	147964
28.40697216988	653312
28.41497230530	108416
29.00922822952	149248
29.43220829964	109824
30.03900122643	150656
30.77238821983	323121
30.78726124763	112286
31.42474913597	225982
31.64362311363	114048
32.12510204315	153599
32.70873904228	115456
33.19814920425	154880
33.61876702309	113190
33.62899804115	116864
33.97022104263	118272
34.20860004425	118272
34.44422125816	119680
35.44380211830	121088
36.19243812561	736596
36.76200509071	163454
37.44496703148	229140
38.09209609032	125436
38.11564612389	236708
38.67143392563	333696
39.15885996819	126720
39.70712900162	168960
40.19938993454	128128
40.27484703064	169086
40.74832510948	260480
40.78392505646	171776
41.26520609856	132352
41.74046826363	173184
42.00466132164	120082
42.57759141922	1281686
43.98832535744	1498058
44.63878250122	149372
47.57528352737	634978
49.11855840683	161567
52.48886537552	436480
53.15677738190	3279222
57.59854340553	699776
58.35334825516	101376
59.11874437332	102784
70.72236728668	1531897
71.29875016212	191674
71.33855915070	124031
71.38235807419	125312
72.00995707512	5642784
72.06581115723	126720
72.11407017708	128128
73.10509133339	129536
74.02005028725	130944
74.46077632904	919128
75.68918514252	266112
77.94455313683	919128
81.51764726639	919128
83.30282735825	1801506
90.88619041443	2672590
102.40742754936	2242378
102.96283745766	187476
103.38055944443	5533467
103.73985838890	487208
108.95609426498	1926483
110.41454720497	346975
112.37303328514	281822
113.30077934265	703604
113.95113730431	181632
114.82099747658	134129
115.39131951332	183646
116.01525235176	3260505
117.02276229858	198737
117.25046420097	116864
117.57811427116	211801
117.82272934914	102784
119.55360317230	329472
120.11429333687	113694
120.71733617783	188672
120.95454120636	115456
121.80464434624	116864
122.66360735893	118272
123.53653621674	119680
124.42179322243	121088
124.76393532753	2703124
125.98405623436	273152
127.03966426849	261859
127.66677641869	125438
132.42695140839	504064
134.64548444748	3008639
