0.07206988335	199441
1.50185084343	607637
3.37291169167	1464385
3.37399172783	364186
4.74280261993	865688
4.74370956421	198551
4.76111650467	237935
6.06731152534	512267
6.06868052483	402571
6.77985358238	351794
6.78135561943	198230
7.35499262810	437141
7.39768958092	199430
8.12059760094	337984
8.64436554909	174623
9.13554859161	241554
9.13694763184	199057
10.67641448975	961394
11.95622539520	1007988
11.95659542084	198511
14.64371132851	1897160
14.64387345314	2192134
14.64422559738	379102
17.54403257370	3768547
25.25740957260	5990013
25.26002955437	422990
32.13831043243	4328867
33.13315248489	593391
33.13335227966	198603
33.69874334335	1178141
35.90909838676	1556001
35.98439049721	395860
38.31563138962	1332220
38.31871128082	344692
41.89524722099	1505787
41.89565229416	674148
43.92075943947	1525920
50.11887145042	4460461
50.12600541115	1294088
50.12614035606	198807
51.59440732002	199441
51.98355031013	598401
53.14411735535	100563
53.20459127426	1179926
54.13175630569	718322
54.24815225601	436065
55.68285536766	453969
56.59354424477	267597
57.20775723457	957807
58.06213831902	960743
58.42661333084	675341
59.11430740356	522782
60.08820247650	198551
60.74291539192	1545456
68.75817942619	2628742
70.09940838814	2165898
70.66208553314	108062
70.91629338264	3654722
71.65117454529	1048181
71.94684839249	199741
78.86721420288	1969967
79.83778929710	2765634
80.62039327621	137210
83.36064839363	1564790
83.36414027214	198230
85.92424631119	3046320
86.64341044426	1091889
94.16482162476	3506986
94.16528749466	198758
94.16556954384	199224
100.44484448433	4552879
105.91314435005	7888668
105.91352343559	198645
106.65246844292	2893570
111.07001137733	1772248
111.07299637794	198793
111.12446522713	1970516
119.03730630875	5000450
119.03741931915	433066
119.75948929787	199035
120.58164930344	683177
125.09550428391	1822496
125.09811639786	1111823
127.04601931572	1043877
127.14580917358	952541
