0.11613798141	198705
0.29004216194	136349
0.29030895233	198930
0.69233298302	265112
0.69628715515	133804
1.03168010712	391668
1.15554308891	483473
1.66048216820	450115
1.66086316109	199088
1.98850822449	640855
2.02334523201	644410
2.09424901009	199043
2.09714293480	201559
2.99959206581	816370
3.36963510513	739805
3.65015196800	701361
4.02744293213	200783
4.02754306793	198482
4.37460303307	135778
4.52048707008	492337
5.07628607750	422779
5.29286003113	396516
5.54458594322	359495
5.54467415810	199311
6.12645125389	351060
6.20293521881	376887
7.22758817673	524730
7.75824904442	1137879
7.75870108604	198705
9.83517813683	1276494
10.10781121254	1411818
10.46480035782	478724
10.46524930000	198930
11.04630041122	431057
11.60095047951	682893
13.66409134865	1368973
13.66658854485	1202106
16.11495947838	1366823
16.22472953796	1240138
18.37604141235	1282678
18.73738050461	198823
18.83007240295	1167254
19.02650427818	1507140
20.74301338196	1140959
21.12187337875	198763
21.99860930443	1419684
22.39771437645	663481
23.23738455772	925313
24.47317671776	1136740
24.64927864075	1274226
25.14810872078	199119
27.22257256508	1289623
27.84551739693	1264395
28.50563836098	1286693
29.59728622437	1223448
30.02912211418	198859
30.66981911659	1334694
32.30708408356	1203870
32.83365821838	1110836
33.74990224838	199164
33.84287524223	1383512
34.48349332809	1189598
36.75976848602	1031740
36.85482859612	1284690
38.01763749123	657714
38.23486447334	600495
38.41515064240	198793
38.70463871956	1468960
39.02411675453	788910
39.51198983192	198595
40.08124494553	1023121
40.89463996887	734481
41.17774295807	975190
41.87141990662	716066
41.98464894295	199271
42.53083682060	867571
43.74164772034	793137
45.55672764778	1415809
45.77968978882	963776
45.85946464539	1200245
46.25089359283	198752
47.06280970573	705317
47.92008972168	573532
48.79952168465	1078041
48.81710863113	198838
48.84175848961	920193
49.96389269829	490785
50.30272078514	777049
50.86117076874	198952
53.78324294090	1069061
54.13701391220	1393144
54.13726377487	726911
55.72892189026	118702
55.76713490486	243320
58.12306094170	652479
