1.54517102242	198784
1.55420994759	561877
1.56245994568	198664
1.76746606827	248255
1.77626800537	236252
10.06387996674	908480
11.12820696831	153042
11.12863802910	198287
11.13535714149	234684
13.35735106468	152776
15.75340223312	395974
15.75668907166	132934
18.32373809814	198330
19.66245508194	198601
22.37865424156	545656
23.70627927780	190469
23.70680832863	198793
26.14047837257	182147
28.83323049545	357272
28.83356237411	199011
29.79627037048	126365
30.38869047165	192541
30.80388355255	198691
31.00871467590	493224
31.54537868500	248847
32.22737860680	171776
32.23052549362	241902
32.27126860619	657088
32.28392362595	114048
33.49625468254	101665
33.71902060509	136576
34.32059359550	204031
34.89172554016	190080
35.30484461784	100414
35.73098659515	101376
37.14743161201	253562
37.63132548332	124958
37.91173744202	202752
