0.08537507057	106865
0.59204292297	286833
0.61859202385	196544
0.82078194618	171580
0.82148599625	195160
0.88185596466	269114
0.88367080688	195566
0.88448596001	201111
1.12316584587	323555
1.72199487686	434072
1.72366690636	195960
2.29216480255	101276
2.29479002953	290303
2.29507803917	196225
2.55058002472	317039
3.45285511017	727011
3.45344114304	196047
4.04343795776	895107
4.04694199562	196351
7.54668712616	2687683
10.75277233124	2877823
11.26604032516	2833748
15.11794137955	2764533
16.76779651642	2795782
18.94542956352	2577643
19.31030273438	2381060
19.31073665619	373082
22.54871749878	2043772
23.51313066483	5029173
26.13340854645	1328835
26.26362967491	2607039
26.26372551918	196681
28.13497662544	1084464
28.65489363670	1372150
31.34250164032	2061847
32.68053865433	2223174
32.68076062202	195650
35.46907854080	2668262
38.01596450806	2710825
39.39633440971	2580831
41.70922756195	2126805
41.70997452736	196094
42.71563839912	1965986
45.09156346321	1911566
45.75257349014	1905613
47.33411240578	1764183
48.12414050102	196067
49.25392246246	1245176
49.52305531502	674017
49.94070339203	2068795
51.40226650238	1354282
52.96634149551	196544
52.97720646858	856659
54.64254951477	1238789
55.24488639832	2518888
57.15380740166	773100
57.39818739891	1404726
58.85599756241	1269817
58.86958742142	195566
60.46845126152	2528165
62.83784317970	2575986
64.13545107841	1791671
65.93291401863	2014650
66.14834809303	2662230
66.39655709267	5301792
70.97365999222	2502259
71.90269017220	390119
73.42235112190	2252785
74.40550804138	2131351
78.66809606552	3041220
80.78877210617	196582
81.84248018265	5378772
81.94863820076	2033573
85.56138324738	2316163
86.03265213966	195760
88.19111728668	1790962
88.74968433380	2552310
91.29327440262	1834937
94.45668625832	2205993
94.62246632576	1848853
95.09583640099	2114718
96.67729449272	1557873
98.58444547653	381602
98.65756249428	3576831
100.04251050949	968151
100.08070158958	2830583
100.33759975433	1360241
102.13323760033	196075
102.22989654541	1013596
103.25582742691	2095485
103.65815639496	1002181
104.05516433716	1207954
106.02255916595	196225
