0.54444909096	198693
1.47670507431	239916
1.47686290741	198785
1.87179303169	255675
1.87774491310	198664
1.87788486481	174241
4.84332895279	1408236
5.45815300941	284397
5.45831394196	198285
5.95835399628	163858
6.10833692551	198757
6.11633276939	199197
6.91468095779	334836
6.91538691521	198332
6.91548275948	194410
6.91567587852	1979087
6.91575384140	198601
12.08538794518	2400538
16.33639287949	2134199
20.34993410110	1818726
24.50811910629	395826
29.06936502457	2097612
29.07221794128	198424
34.67156887054	1047433
34.67166185379	396046
38.54691481590	2701090
38.54738068581	198785
40.23132658005	1026225
42.82823872566	1117016
42.82852673531	198664
45.30592679977	2862473
46.90046477318	3476204
46.90055680275	146125
49.53352570534	136852
49.89010953903	1425192
54.12822461128	949090
55.95709156990	2867901
66.77244043350	4324190
66.77547335625	198848
67.73315024376	1823532
67.95054936409	1048010
68.94058036804	266112
69.07386326790	2087468
69.55271220207	810847
72.01545929909	2048118
72.98558735847	887040
73.93003034592	104192
74.64667820930	105243
75.24516606331	888454
75.27227592468	108062
75.98197388649	109470
76.09327888489	109824
76.70296192169	1873903
76.71002697945	111232
77.65908598900	118272
77.76333999634	223872
79.08603906631	114213
79.82169723511	115700
80.79619312286	116864
81.77469015121	118272
82.76843214035	119680
83.19795012474	1629170
84.09230303764	198882
84.29743909836	243584
85.23802399635	912397
85.24593806267	123904
86.00943398476	125312
86.03451704979	126326
87.03622508049	126720
87.69674110413	1050749
87.95810103416	128128
88.74526500702	129536
89.54193615913	130944
90.33938407898	132352
91.06911301613	1042125
93.66289305687	482643
94.57116413116	277330
95.29210114479	140800
96.06336402893	142208
96.69227504730	2103073
97.33864212036	198600
98.53055310249	841059
98.55832314491	152313
98.93078017235	1669347
100.87586116791	1899840
103.45481514931	1050979
105.85106110573	919128
106.38430619240	919128
107.10133409500	126990
107.95928597450	155005
108.46153593063	633349
109.09891772270	1814806
109.71598887444	1968366
110.43175482750	155482
110.43798995018	4296041
