1.00000000000	39875
2.00000000000	39874
3.00000000000	106863
4.00000000000	312982
5.00000000000	215753
6.00000000000	278957
7.00000000000	195959
8.00000000000	346886
9.00000000000	196140
10.00000000000	39874
11.00000000000	54133
12.00000000000	49505
13.00000000000	196226
14.00000000000	127316
15.00000000000	16670
16.00000000000	39876
17.00000000000	102360
18.00000000000	233395
19.00000000000	39876
20.00000000000	196048
21.00000000000	192955
22.00000000000	39876
23.00000000000	273985
24.00000000000	39875
25.00000000000	379313
26.00000000000	196350
27.00000000000	741453
28.00000000000	675166
29.00000000000	733847
30.00000000000	962576
31.00000000000	234015
32.00000000000	1049993
33.00000000000	980224
34.00000000000	1029574
35.00000000000	958120
36.00000000000	890037
37.00000000000	958141
38.00000000000	935017
39.00000000000	406519
40.00000000000	195840
41.00000000000	233290
42.00000000000	429709
43.00000000000	35200
44.00000000000	466943
45.00000000000	603936
46.00000000000	744407
47.00000000000	121861
48.00000000000	528750
49.00000000000	54077
50.00000000000	549628
51.00000000000	690917
52.00000000000	1085243
53.00000000000	142016
54.00000000000	70972
55.00000000000	1017874
56.00000000000	311294
57.00000000000	157696
58.00000000000	1001924
59.00000000000	577175
60.00000000000	1016525
61.00000000000	125094
62.00000000000	41405
63.00000000000	18091
64.00000000000	25344
65.00000000000	534615
66.00000000000	54912
67.00000000000	1200714
68.00000000000	56791
69.00000000000	349787
70.00000000000	31549
71.00000000000	988397
72.00000000000	33792
73.00000000000	539264
74.00000000000	106415
75.00000000000	39875
76.00000000000	182235
77.00000000000	152064
78.00000000000	647354
79.00000000000	195567
80.00000000000	367488
81.00000000000	200540
82.00000000000	39876
83.00000000000	201344
84.00000000000	340640
85.00000000000	597001
86.00000000000	190685
87.00000000000	410334
88.00000000000	191488
89.00000000000	206976
90.00000000000	192896
91.00000000000	208384
92.00000000000	431624
93.00000000000	209792
94.00000000000	52669
95.00000000000	54795
96.00000000000	14707
97.00000000000	56320
98.00000000000	385785
99.00000000000	801986
100.00000000000	58208
101.00000000000	116864
102.00000000000	246647
103.00000000000	111232
104.00000000000	112640
105.00000000000	114048
106.00000000000	1055507
107.00000000000	387200
108.00000000000	549849
109.00000000000	1047898
110.00000000000	121215
111.00000000000	122496
112.00000000000	350715
113.00000000000	123904
114.00000000000	196140
115.00000000000	125312
116.00000000000	515328
117.00000000000	78848
118.00000000000	76597
119.00000000000	81308
120.00000000000	83072
121.00000000000	1049042
122.00000000000	84480
123.00000000000	225760
124.00000000000	785667
125.00000000000	85888
126.00000000000	168521
127.00000000000	87296
128.00000000000	211512
129.00000000000	88704
130.00000000000	453982
131.00000000000	277502
132.00000000000	118272
133.00000000000	140800
134.00000000000	119680
135.00000000000	142208
136.00000000000	121088
137.00000000000	143616
138.00000000000	122496
139.00000000000	123904
140.00000000000	125312
141.00000000000	573157
142.00000000000	837977
143.00000000000	204352
144.00000000000	101023
145.00000000000	129663
146.00000000000	196581
147.00000000000	152190
148.00000000000	263296
149.00000000000	153472
150.00000000000	133760
151.00000000000	1098970
152.00000000000	975711
153.00000000000	164863
154.00000000000	1192831
155.00000000000	145150
156.00000000000	118397
157.00000000000	50611
158.00000000000	146558
159.00000000000	240768
160.00000000000	147840
161.00000000000	122496
162.00000000000	149248
163.00000000000	123904
164.00000000000	150656
165.00000000000	961609
166.00000000000	305536
167.00000000000	39424
168.00000000000	359119
169.00000000000	129663
170.00000000000	303801
171.00000000000	130944
172.00000000000	75169
173.00000000000	157821
174.00000000000	266112
175.00000000000	38087
176.00000000000	160638
177.00000000000	271744
178.00000000000	161920
179.00000000000	137984
180.00000000000	140277
181.00000000000	140800
182.00000000000	494208
183.00000000000	142208
184.00000000000	168960
185.00000000000	14016
186.00000000000	143742
187.00000000000	210586
188.00000000000	170493
189.00000000000	291456
190.00000000000	173184
191.00000000000	1601248
192.00000000000	174592
193.00000000000	109824
194.00000000000	176000
195.00000000000	111232
196.00000000000	177408
197.00000000000	112640
198.00000000000	177383
199.00000000000	114048
200.00000000000	637023
201.00000000000	153596
202.00000000000	277551
203.00000000000	42526
204.00000000000	155004
205.00000000000	363866
206.00000000000	156288
207.00000000000	184448
208.00000000000	157696
209.00000000000	185856
210.00000000000	642219
211.00000000000	159104
212.00000000000	145244
213.00000000000	187870
214.00000000000	18304
215.00000000000	337451
216.00000000000	163452
217.00000000000	543628
218.00000000000	32622
219.00000000000	164862
220.00000000000	389214
221.00000000000	166144
222.00000000000	105397
223.00000000000	146112
224.00000000000	169085
225.00000000000	47872
226.00000000000	724434
227.00000000000	76032
228.00000000000	1088567
229.00000000000	1207954
