1	246384
2	198556
3	345020
4	159849
5	146849
6	199354
7	110030
8	198776
9	978254
10	136473
11	828821
12	163147
13	135254
14	134560
15	299109
16	146326
17	198822
18	356593
19	147910
20	250648
21	101424
22	351046
23	198686
24	198654
25	169516
26	242713
27	237008
28	152677
29	356600
30	741305
31	140719
32	250706
33	274503
34	336865
35	247550
36	199418
37	332083
38	109830
39	187791
40	223620
41	483648
42	395956
43	113604
44	1112479
45	737074
46	198541
47	359837
48	198734
49	628335
50	714892
51	140948
52	400817
53	503536
54	183070
55	213137
56	442181
57	126162
58	107779
59	268777
60	423606
61	198799
62	310802
63	154114
64	147235
65	198758
66	406798
67	234194
68	118014
69	179503
70	171867
71	269047
72	199686
73	197495
74	184709
75	199497
76	114969
77	357799
78	114085
79	198251
80	202910
81	185878
82	116032
83	166854
84	148849
85	160909
86	182468
87	199218
88	563167
89	161556
90	198712
91	448149
92	181041
93	253430
94	193770
95	101983
96	213805
97	238981
98	276096
99	340610
100	108878
101	119723
102	198836
103	165488
104	107033
105	364291
106	330524
107	473747
108	661381
109	409665
