1.78932595253	334726
1.79092597961	196755
2.44369983673	140727
2.44852304459	205744
2.44860720634	135061
2.44869732857	195755
3.22694325447	480031
3.22984123230	219615
3.31374621391	127762
4.07543802261	196668
4.82556819916	347295
4.82858800888	138864
6.04575920105	205545
6.04886007309	206075
6.54158306122	196062
6.90042805672	106490
6.90051722527	671181
6.90351819992	104106
7.21638417244	279022
8.89773821831	183966
9.15539622307	499538
9.97326612473	158532
10.13489103317	326242
11.10045814514	196514
13.51887011528	391719
15.36472511292	1250180
15.36754918098	280478
18.10457515717	625795
18.89271616936	803073
19.39509201050	450164
21.90421104431	1180312
23.29481601715	305598
23.29520416260	371860
25.14538621902	568441
26.93853211403	429762
28.08111810684	277866
29.00078010559	173290
29.00139427185	117147
30.93328928947	2677308
33.25232934952	2001971
33.25538039207	226939
33.26538443565	381421
34.42593932152	284958
35.80916023254	293702
37.78501915932	375722
39.34389710426	319466
39.74678611755	344488
39.84974908829	1361269
39.85343909264	309065
40.37480306625	135292
41.21828603745	136576
42.08565711975	137984
43.34796309471	383104
45.01548218727	362900
45.05971217155	563520
46.26157712936	707465
46.71976900101	333607
47.79670906067	105600
48.33681321144	386103
48.50419616699	782748
48.72154617310	253712
49.13093519211	1120701
49.91560506821	133760
50.06523108482	643148
50.82673597336	247331
51.15953087807	1091863
51.69959592819	165789
51.84579682350	185333
52.61364984512	544091
54.15982389450	176000
57.20233297348	368896
60.58685803413	383312
61.15170598030	101022
61.29191708565	215764
62.02094197273	102784
62.72225403786	104192
63.45699000359	105600
63.86272907257	5277229
64.42756795883	643343
64.61996293068	392867
64.68006587029	110878
65.55064678192	112640
66.41384792328	114048
67.29950881004	115456
68.16170287132	116864
68.91612577438	1444513
69.15213584900	243584
69.56627368927	285740
70.31024265289	121213
70.66578364372	542814
70.66997480392	122496
71.94784784317	123473
72.64408397675	125438
73.45869874954	436802
73.79377889633	863975
74.92347192764	305661
75.70782589912	429847
76.63404893875	201487
76.63641595840	208409
77.13165688515	433074
78.01524209976	188474
78.01989412308	266237
79.25292921066	160512
79.83419132233	1050964
80.62475824356	114048
81.32499623299	480087
81.34453821182	447015
81.58898329735	902831
82.75665330887	139392
82.78165245056	208510
83.51952338219	458414
83.56364750862	122408
83.96460056305	1050317
84.20819664001	971907
85.24552178383	164381
85.52318382263	325455
86.60399079323	170368
87.16187286377	735620
88.18189978600	539090
88.69683074951	775464
89.34899973869	111232
89.93989372253	200989
90.54337072372	102784
91.30909371376	104192
91.44344854355	173908
91.44850254059	106654
91.82283139229	195971
92.89313340187	380120
92.99863743782	399067
93.36712861061	1798919
94.93372273445	682840
95.21020674706	416777
98.12782263756	501009
99.08177185059	1075359
99.80456376076	196278
102.46718788147	1123050
102.69661188126	689566
103.08770394325	125598
103.82630705833	274059
105.92569398880	441207
