1.38327097893	239899
1.38475584984	196754
1.38767099380	150598
1.48216104507	135061
1.48280811310	195753
3.77537512779	480033
4.13781332970	196667
4.98811030388	136791
5.09440612793	196059
8.08899617195	558445
8.09196424484	161286
8.70352506638	221990
8.70359921455	127888
8.94275617599	411403
9.99473118782	127336
10.52313208580	239105
10.70463013649	196514
11.11601901054	559786
11.72114801407	262021
11.96879506111	228722
13.77124595642	257074
14.75230383873	194423
16.71276187897	377142
18.18140578270	178200
18.18147587776	378899
21.79717278481	368365
23.81721472740	256079
25.31541776657	175079
25.34207963943	1080217
25.34256768227	196569
26.21005678177	112331
26.81213784218	136956
27.29560399055	184319
34.76745700836	1264470
34.77042293549	875735
34.77222585678	150306
35.50938677788	146075
36.14926576614	214274
36.46455073357	209547
37.31071591377	286060
38.04651594162	254899
38.15575790405	119680
38.81232810020	493993
39.02923512459	159178
39.64286422729	130588
40.21643519402	181641
42.00282216072	249486
44.18774032593	282491
44.96251225471	366572
45.66014623642	353154
46.12954521179	323486
46.48522329330	529374
46.73560428619	244685
47.13797330856	173184
47.77906632423	229939
48.24063539505	160512
49.64858841896	458597
49.98691344261	325821
51.66739249229	1271413
52.43316650391	251767
55.90484237671	367048
56.15936541557	615573
56.65664434433	175644
57.05907130241	201344
57.11617827415	378840
57.46416139603	138044
57.94130253792	100339
58.46817350388	103836
58.95864343643	212608
59.31085443497	281459
59.46810340881	312277
60.17842960358	597466
61.03285264969	427010
61.15713763237	195753
61.50272464752	211636
64.50724172592	927924
65.57450675964	347776
66.03418278694	110397
66.38775181770	196697
66.67143797874	150656
66.98742699623	130590
67.60789418221	352322
67.86812114716	170368
72.23156404495	605734
72.40253710747	1108108
72.96528530121	286336
73.75678610802	145649
74.61245512962	524829
74.82563018799	839168
75.39543414116	125239
75.67158222198	110876
76.58299422264	317874
77.18745827675	114759
77.72512221336	254762
78.47979521751	165070
79.02986121178	222017
79.55951714516	167310
79.94691705704	196279
80.53679299355	130944
81.47011613846	327257
81.86559891701	192896
82.30996680260	105600
