0.10626697540	165511
1.27240610123	156989
1.27265310287	196204
2.51752996445	149744
4.36981582642	497080
4.37252593040	196477
5.79512596130	177270
5.79522895813	196214
6.92990899086	199377
6.93256402016	196759
8.14726305008	101027
8.17764306068	111675
10.36976909637	228505
10.70961213112	196643
11.17640209198	350853
20.24304223061	1926896
20.24642205238	196125
20.86710691452	309370
22.28205204010	199049
25.61013722420	440455
25.61368823051	376474
25.61410808563	196131
26.17402195930	100541
26.91883802414	331038
27.54001212120	659821
28.39887905121	125312
28.82753205299	390005
28.82762122154	196706
29.54948711395	1036526
30.27087807655	794991
30.27096700668	104247
30.51539897919	197120
30.87018895149	291582
31.22272396088	147840
31.59509706497	157188
31.87636804581	136576
32.00949311256	163328
33.32054400444	176992
36.34658288956	1187085
36.72917389870	1092608
36.85077786446	695552
37.35509967804	104651
37.75348472595	103956
37.99089765549	119680
42.05716657639	341309
42.53963565826	467293
43.05157566071	114732
43.05251479149	400968
43.58885979652	130587
43.91695666313	207144
44.44363665581	124587
44.94874572754	863734
45.60751485825	156288
45.64656972885	151549
46.28112363815	181277
46.80685663223	386663
47.57942652702	153117
48.05094957352	196135
48.22571349144	159104
48.69177556038	201344
48.97793865204	105403
49.74637675285	196568
50.14481592178	105246
50.52621579170	108060
50.90132594109	109824
51.38060784340	556483
52.03793597221	651849
52.73662996292	198528
52.94811487198	207302
53.35565686226	128221
53.92113590240	102429
54.84723281860	127503
54.85496592522	104192
55.22034287453	106653
55.53775405884	108416
56.00010800362	520536
56.48117089272	109824
56.70747280121	118904
57.40047383308	942419
57.58419895172	270415
58.43952488899	774694
58.96914291382	121213
59.27558779716	211154
59.64778685570	122621
60.38300299644	249723
61.59185290337	105600
62.13353896141	372540
62.35791778564	482712
62.66002798080	420625
63.09398484230	122496
63.43896579742	128128
68.49790191650	566821
69.87470793724	750713
