1.00000000000	35111
2.00000000000	35108
3.00000000000	165510
4.00000000000	49348
5.00000000000	98560
6.00000000000	278128
7.00000000000	128128
8.00000000000	140800
9.00000000000	195068
10.00000000000	108518
11.00000000000	12672
12.00000000000	18876
13.00000000000	426961
14.00000000000	423037
15.00000000000	23100
16.00000000000	181961
17.00000000000	141240
18.00000000000	56000
19.00000000000	29461
20.00000000000	41999
21.00000000000	191566
22.00000000000	31838
23.00000000000	35110
24.00000000000	379178
25.00000000000	186908
26.00000000000	11548
27.00000000000	13244
28.00000000000	21867
29.00000000000	196213
30.00000000000	32767
31.00000000000	177268
32.00000000000	199377
33.00000000000	97741
34.00000000000	196759
35.00000000000	90062
36.00000000000	111674
37.00000000000	43508
38.00000000000	268977
39.00000000000	60782
40.00000000000	70045
41.00000000000	82718
42.00000000000	71808
43.00000000000	83072
44.00000000000	20850
45.00000000000	38890
46.00000000000	67047
47.00000000000	11264
48.00000000000	85534
49.00000000000	74270
50.00000000000	14080
51.00000000000	10603
52.00000000000	85888
53.00000000000	76032
54.00000000000	35112
55.00000000000	87296
56.00000000000	31550
57.00000000000	63360
58.00000000000	67584
59.00000000000	1382134
60.00000000000	33633
61.00000000000	32571
62.00000000000	266096
63.00000000000	35110
64.00000000000	76603
65.00000000000	130885
66.00000000000	83072
67.00000000000	11264
68.00000000000	97190
69.00000000000	248226
70.00000000000	93499
71.00000000000	23936
72.00000000000	49280
73.00000000000	30976
74.00000000000	467054
75.00000000000	32384
76.00000000000	65820
77.00000000000	102784
78.00000000000	33792
79.00000000000	67584
80.00000000000	68992
81.00000000000	62978
82.00000000000	118664
83.00000000000	21541
84.00000000000	55486
85.00000000000	35774
86.00000000000	57728
87.00000000000	38016
88.00000000000	329365
89.00000000000	122094
90.00000000000	13244
91.00000000000	277304
92.00000000000	146692
93.00000000000	74268
94.00000000000	144668
95.00000000000	33792
96.00000000000	32334
97.00000000000	24250
98.00000000000	75678
99.00000000000	88334
100.00000000000	42813
101.00000000000	275354
102.00000000000	45056
103.00000000000	35200
104.00000000000	46464
105.00000000000	36608
106.00000000000	47872
107.00000000000	38016
108.00000000000	339528
109.00000000000	80256
110.00000000000	348979
111.00000000000	14117
112.00000000000	63818
113.00000000000	27324
114.00000000000	29568
115.00000000000	809542
116.00000000000	196205
117.00000000000	46342
118.00000000000	127772
119.00000000000	107766
120.00000000000	108179
121.00000000000	247427
122.00000000000	39994
123.00000000000	228859
124.00000000000	141852
125.00000000000	42240
126.00000000000	36608
127.00000000000	73216
128.00000000000	34638
129.00000000000	38016
130.00000000000	42812
131.00000000000	39424
132.00000000000	150656
133.00000000000	45056
134.00000000000	40832
135.00000000000	46464
136.00000000000	42240
137.00000000000	47872
138.00000000000	43648
139.00000000000	49280
140.00000000000	45056
141.00000000000	278141
142.00000000000	50688
143.00000000000	54912
144.00000000000	94336
145.00000000000	53504
146.00000000000	49280
147.00000000000	54912
148.00000000000	22216
149.00000000000	10540
150.00000000000	49854
151.00000000000	52096
152.00000000000	55485
153.00000000000	53504
154.00000000000	25344
155.00000000000	54912
156.00000000000	32384
157.00000000000	56320
158.00000000000	33792
159.00000000000	35200
160.00000000000	36608
161.00000000000	71048
162.00000000000	58781
163.00000000000	1031410
164.00000000000	77440
165.00000000000	26752
166.00000000000	98560
167.00000000000	40832
168.00000000000	33792
169.00000000000	29550
170.00000000000	41014
171.00000000000	99614
172.00000000000	71808
173.00000000000	42811
174.00000000000	101376
175.00000000000	35071
176.00000000000	12672
177.00000000000	210487
178.00000000000	42151
179.00000000000	62730
180.00000000000	103075
181.00000000000	196138
182.00000000000	26752
183.00000000000	28160
184.00000000000	245948
185.00000000000	21694
186.00000000000	71808
187.00000000000	294201
188.00000000000	38016
189.00000000000	159224
190.00000000000	61952
191.00000000000	39424
192.00000000000	34365
193.00000000000	63360
194.00000000000	40832
195.00000000000	36608
196.00000000000	64768
197.00000000000	42240
198.00000000000	38016
199.00000000000	50853
200.00000000000	17302
201.00000000000	42813
202.00000000000	38590
203.00000000000	119118
204.00000000000	45056
205.00000000000	40832
206.00000000000	68637
207.00000000000	46464
208.00000000000	42240
209.00000000000	70400
210.00000000000	47872
211.00000000000	43648
212.00000000000	71808
213.00000000000	14081
214.00000000000	45056
215.00000000000	29426
216.00000000000	11264
217.00000000000	276191
218.00000000000	258658
219.00000000000	167195
220.00000000000	28943
221.00000000000	85532
222.00000000000	382380
223.00000000000	43198
224.00000000000	355876
225.00000000000	40832
226.00000000000	88350
227.00000000000	39424
228.00000000000	17824
229.00000000000	82022
230.00000000000	40832
231.00000000000	42813
232.00000000000	89757
233.00000000000	42240
234.00000000000	45056
235.00000000000	91520
236.00000000000	43648
237.00000000000	46464
238.00000000000	92928
239.00000000000	45056
240.00000000000	47872
241.00000000000	94336
242.00000000000	46464
243.00000000000	49280
244.00000000000	22167
245.00000000000	96797
246.00000000000	99968
247.00000000000	102784
248.00000000000	45056
249.00000000000	53504
250.00000000000	50688
251.00000000000	54912
252.00000000000	103776
253.00000000000	51762
254.00000000000	52670
255.00000000000	104764
256.00000000000	54912
257.00000000000	54912
258.00000000000	52615
259.00000000000	56320
260.00000000000	56893
261.00000000000	57728
262.00000000000	28541
263.00000000000	229025
264.00000000000	58781
265.00000000000	14080
266.00000000000	60544
267.00000000000	61952
268.00000000000	63360
269.00000000000	64768
270.00000000000	209023
271.00000000000	118625
272.00000000000	12672
273.00000000000	522639
