0.60967803001	144791
0.62090301514	191714
1.95824503899	133812
2.71074914932	237267
3.43480610847	100045
4.39863610268	141792
4.39864921570	196302
5.32734608650	120487
5.89250516891	185009
6.28490328789	184428
6.74463033676	211596
7.92302846909	148478
9.32277345657	119913
9.32370138168	159231
9.83747148514	398159
10.55949354172	124396
11.73843741417	118327
11.74812746048	226004
12.76666164398	263305
13.68898868561	122496
15.44249367714	113247
17.36251354218	123741
17.56761646271	233945
17.56994628906	384486
18.34267044067	190014
18.50254750252	227235
19.32818150520	231271
19.43946433067	197090
19.90561747551	541456
20.13209056854	381193
20.98541975021	302229
21.57845067978	107008
21.93883085251	191974
22.59058880806	110398
25.67048168182	584601
25.68002772331	386233
25.68536782265	180795
26.25753688812	174060
26.25951170921	148382
26.84671473503	654858
27.52098774910	440704
28.03820061684	135623
29.08889269829	114642
29.65270256996	133371
30.15442466736	195946
30.57435059547	104011
30.58479666710	216014
30.89484071732	324354
31.51370453835	195267
