0.0014920	3363
0.0641580	38987
0.2751858	1463518
0.2752688	140617
0.6125479	2002878
0.6403229	38987
0.6408188	38984
1.3529639	2853219
1.3937759	38987
1.3947861	38987
1.4269202	38984
2.5016513	566590
2.5052402	1033442
2.5066590	4817288
2.6550362	15551961
3.2537601	10901937
3.9905541	4422897
4.9015162	5423785
6.9669843	785824
6.9728904	2675168
6.9788244	38988
6.9907944	12186332
6.9919415	6004551
6.9923556	327231
10.0923257	11156004
10.4341807	17126102
12.3215027	11372095
14.2616446	11446893
14.2665377	1394974
14.2684216	2373449
15.8126247	4817259
17.9326437	8672134
18.6074638	31961822
19.3316717	4422926
20.2529547	5423756
21.7528048	10623476
21.7559056	3391098
22.2349317	2630149
22.7298458	7614
22.7584488	7166312
23.2167439	12184350
23.2198470	1070076
24.2939510	3895885
25.7241390	3520537
26.0009902	253087
26.0336280	2880358
28.1712651	5946843
28.4936934	4911398
30.3573704	593010
31.7467394	23370737
33.6810534	1396383
33.6848245	11840
35.9052343	17142212
35.9090345	13742182
37.8551457	2365117
39.1247728	25654226
39.7266307	3993519
40.4382546	4422926
41.3742695	4884800
41.8329344	11162432
41.8358324	5634018
42.2555013	7581619
42.8337762	2630149
44.5979161	5082623
45.9898331	3895885
46.0071602	5221571
46.5567000	1070076
47.8478708	3520508
49.5679169	10991183
50.1608040	6699730
50.1764791	5378039
50.2391121	2142461
50.7492542	6485657
51.7861371	5852843
51.8098662	3795490
52.6804111	2977166
52.6833012	357910
54.6926172	663990
54.9347920	1673388
54.9889960	143142
54.9912100	4246229
55.5837381	1685630
57.3260760	9231911
58.1168132	793594
58.6098514	9482905
58.8222184	838361
59.1040664	1214479
59.1642082	1099956
59.2158592	7168085
59.7114284	739933
61.3820584	3173957
66.3235834	1934738
67.7925973	8842914
70.7823713	3139502
72.1260533	5208913
75.3305032	3391
75.3376832	10204022
75.8437281	3810802
