1.00000000000	39383
2.00000000000	39383
3.00000000000	199254
4.00000000000	482463
5.00000000000	41924
6.00000000000	97351
7.00000000000	254979
8.00000000000	325175
9.00000000000	240151
10.00000000000	595809
11.00000000000	39384
12.00000000000	198730
13.00000000000	115956
14.00000000000	108784
15.00000000000	108387
16.00000000000	295286
17.00000000000	468204
18.00000000000	213039
19.00000000000	199038
20.00000000000	385322
21.00000000000	283385
22.00000000000	199066
23.00000000000	198644
24.00000000000	524224
25.00000000000	43280
26.00000000000	412814
27.00000000000	199064
28.00000000000	495601
29.00000000000	169543
30.00000000000	198713
31.00000000000	294301
32.00000000000	562695
33.00000000000	199254
34.00000000000	115956
35.00000000000	41924
36.00000000000	97351
37.00000000000	482463
38.00000000000	254979
39.00000000000	325175
40.00000000000	108387
41.00000000000	198730
42.00000000000	595809
43.00000000000	108784
44.00000000000	199038
45.00000000000	295286
46.00000000000	468204
47.00000000000	213039
48.00000000000	102778
49.00000000000	283385
50.00000000000	199066
51.00000000000	385322
52.00000000000	104307
53.00000000000	421898
54.00000000000	402631
55.00000000000	198644
56.00000000000	85578
57.00000000000	103946
58.00000000000	110632
59.00000000000	162216
60.00000000000	291644
61.00000000000	114310
62.00000000000	198620
63.00000000000	85957
64.00000000000	85078
65.00000000000	175087
66.00000000000	324165
67.00000000000	199232
68.00000000000	260401
69.00000000000	101341
70.00000000000	71268
71.00000000000	46100
72.00000000000	66434
73.00000000000	129330
74.00000000000	198858
75.00000000000	325441
76.00000000000	107442
77.00000000000	81060
78.00000000000	405900
79.00000000000	109865
80.00000000000	141316
81.00000000000	106554
82.00000000000	351440
83.00000000000	73608
84.00000000000	199095
85.00000000000	101599
86.00000000000	252671
87.00000000000	261444
88.00000000000	198679
89.00000000000	664141
90.00000000000	145629
91.00000000000	127662
92.00000000000	320024
93.00000000000	132866
94.00000000000	129009
95.00000000000	57290
96.00000000000	198696
97.00000000000	176189
98.00000000000	331976
99.00000000000	291398
100.00000000000	199414
101.00000000000	117480
102.00000000000	77268
103.00000000000	120707
104.00000000000	625758
105.00000000000	550438
106.00000000000	11834
107.00000000000	174248
108.00000000000	280825
109.00000000000	14654
110.00000000000	203821
111.00000000000	395865
112.00000000000	246752
