0.0049880	5055
0.0081420	3635
0.0111351	3635
0.0137591	3635
0.0170002	3635
0.0192032	3363
0.0516844	43427
0.0631263	5117
0.0713522	5199
0.0715454	5163
0.0742314	3816
0.0762305	3570
0.1687455	27162
0.3487146	37142
0.4470356	1475689
0.4481487	1126778
0.6505117	1196547
0.6842926	27162
0.6843517	27163
0.7301567	8308
0.7539005	3597
0.7905946	2645613
0.7963686	2560
0.8087175	27163
0.8091085	27163
0.9131424	5867
0.9136755	5881
0.9138114	6189
0.9482656	5901
1.2340436	3534052
1.2344117	27162
1.7163587	3080006
1.9003487	2367573
2.1455476	1538358
2.1486437	27163
2.5411656	5867
2.5423048	5881
2.5543087	5883
2.5881908	5850
2.8424308	1113206
2.8490157	3304553
2.9164689	8563
2.9169288	2282
3.2513278	403916
3.2557607	2795489
3.7909517	2216677
3.8118658	1223158
3.8286309	2564877
4.1490788	1389256
4.6890488	2241662
4.7147179	3033587
4.7357638	1145552
5.2915816	2460206
5.6289036	399446
6.2632186	3753747
6.3181877	5070
6.4803727	2293554
6.4837768	1441261
6.6278689	3584602
6.7700899	859603
7.4203598	1777550
7.8880138	2487473
8.0342050	2373412
8.1429360	2520773
8.4980478	1979948
8.7008729	368889
9.2229247	2021963
9.2861087	2149550
9.9612198	2320555
10.0229049	1890862
10.1516209	3102534
10.2479019	3725202
10.7972629	3193921
11.6183090	3893710
12.2386611	4715679
12.7426589	3080006
13.1580780	2367573
13.1653769	2716236
13.4331679	1538358
14.1066859	3304524
14.1082010	7614
14.1192219	403916
14.6162210	2216677
14.8298271	2564906
15.1716971	1223158
15.4201913	1145552
15.4236681	3901052
15.9967923	1389256
15.9984581	2062000
16.9032772	399446
16.9112141	3033587
17.1478882	1441261
18.1379232	3584602
18.6297121	2293554
18.6323771	2639868
18.8862522	859603
18.9214332	3753718
19.3492053	2373441
19.6429181	2520802
20.0954802	1777550
20.4291131	2487502
20.6104271	1979948
20.8803914	368889
21.1700704	2320555
21.3905904	2021934
21.7151403	1890862
21.8523245	2149550
21.9652395	934100
22.3524384	2839981
25.5901096	28732
25.5943315	2932126
26.6952367	1394413
27.2186947	5909613
27.8382337	5075308
28.4568477	3534110
28.5089447	3080064
28.9423409	2367573
29.1766489	1538387
29.1793399	3725202
29.9440858	1113206
29.9483280	3304524
30.4607499	403916
30.4641700	2795489
30.8604209	2216706
31.1877728	1223158
31.2014847	1885501
31.2494218	1145552
31.2535567	2564877
31.8338249	2241691
31.9097958	399446
32.4251516	2460235
32.7548566	1441290
32.7773147	3033616
33.5827775	3753718
34.2371056	2293554
34.2448256	1389256
34.5535865	859603
34.9111056	3584602
35.1676986	2373412
35.2202466	2520802
35.2460277	2487502
35.6874497	1777550
35.7446246	2021934
35.8240385	368889
36.3489394	2149550
36.3798833	1979948
36.8682861	1890862
37.1533873	934100
37.1865973	2320555
38.1392064	1885501
38.2538195	2280
39.2107425	2281
39.2114136	2282
39.2117116	3324
40.4848607	5881
40.4954827	5867
40.5060737	5883
40.6571486	5850
40.6983657	1422572
40.8873165	5064
41.1693876	3391
45.1512666	3515140
47.2624214	4302378
47.3712623	3794613
47.9043481	3157786
47.9964201	3007537
48.0063622	2839952
48.6542752	790015
48.6546190	2179593
