0.74063181877	104134
2.01261687279	183005
2.01296305656	198856
3.12946105003	103361
3.12961912155	309151
3.26274609566	125333
3.84964513779	395794
4.85354399681	248515
6.74669909477	150657
7.24833512306	144988
9.16175532341	154276
10.32864832878	116135
10.32888722420	198712
10.32898306847	376984
10.33638119698	199253
11.20636510849	237117
14.72062301636	198729
14.72348809242	199136
15.57620716095	107581
15.98395824432	108783
16.30712532997	113212
20.70808529854	468204
20.71087121964	201788
21.78097033501	102778
22.29246926308	131806
24.66864633560	236911
24.97454333305	158747
25.48523235321	240151
26.54757523537	402630
26.55012917519	277709
26.88309311867	103945
27.48480606079	115155
28.10616517067	134022
28.52894330025	391245
28.85434913635	229997
29.06853628159	172535
29.28611230850	144369
30.23711347580	141316
30.85502648354	163219
31.31500363350	106554
31.94768071175	387737
32.49842762947	386640
32.75040769577	208775
33.17534470558	762701
33.18009972572	143451
33.41935157776	144130
34.08030772209	132876
34.32654356956	141852
35.13003754616	354503
35.40552854538	380160
35.85898447037	103746
36.39575242996	152841
41.65134143829	334440
41.81772255898	640655
42.18750953674	130589
42.92095446587	102247
43.37101650238	139038
43.47111463547	271405
43.48225569725	333687
43.95383262634	119878
43.95659065247	432094
44.27479577065	255824
45.32573962212	107008
45.32865452766	154879
