0.39433312416	195908
0.41705298424	312911
0.60400605202	196139
0.83527708054	286158
0.87917995453	196847
0.91703701019	102225
1.00793004036	196023
1.24724006653	127576
1.24953603745	107421
3.39343523979	1553663
8.69467735291	4102505
8.69503426552	196896
11.75876307487	2194063
11.84128904343	196229
11.84196710587	196066
12.24268126488	196536
12.73517227173	293273
13.66469931602	355210
14.82822823524	723805
14.82882928848	561291
15.70358133316	196027
15.82197618484	336445
15.82504916191	548494
17.39839911461	569153
17.40133929253	185255
17.41981124878	499267
18.86089324951	380568
19.10799813271	556399
19.99482822418	542210
20.58781027794	488849
20.76505732536	513860
21.83473229408	390189
22.00394535065	390658
22.09127140045	378128
22.80360841751	196133
22.99902629852	303032
23.43584918976	408031
24.01203823090	304648
24.52717113495	386218
24.72948598862	374547
25.19777512550	307870
25.30899596214	196188
25.34672093391	197726
25.95905804634	196563
26.44840216637	235461
26.45846819878	346129
27.40303611755	472056
27.59843516350	294427
30.57315921783	1122038
30.57629632950	195908
30.59079933167	1267615
32.48959136009	479034
32.65033435822	558576
33.31477737427	751012
33.52169132233	247205
35.44422626495	953269
35.44697713852	196139
36.74739623070	273701
36.75010919571	344306
36.90519213676	1166953
37.55087399483	224441
37.61799502373	212203
38.86026597023	557603
39.83162403107	365908
39.83175086975	196847
41.08543586731	363301
41.58657097816	1425410
41.63160896301	199386
42.61896586418	374117
42.67539286613	325636
43.21320700645	505693
43.32673406601	150418
45.94678711891	875362
47.14704513550	925576
47.14975118637	196979
51.86446714401	1109826
51.86535811424	779712
52.86047816277	195702
53.86726999283	211675
54.47243094444	3846475
54.50900101662	596503
55.12191009521	367976
55.32793021202	340090
56.59852528572	405310
56.69179439545	437051
56.77239727974	427226
56.85204815865	201622
58.34065604210	664483
58.52463006973	694048
58.69202613831	200495
59.14313912392	385103
59.19016313553	950998
60.41435694695	196007
60.65554904938	391874
61.30791997910	169406
62.34054088593	1678244
63.45884680748	587701
64.55680274963	960836
65.08372688293	145235
65.43209385872	531397
65.95890188217	1019249
66.85149407387	443520
68.28842496872	811562
68.43000078201	270316
68.86771297455	121150
69.46302294731	196698
70.24616789818	1297712
70.25077176094	476704
71.07846283913	481698
71.16355895996	293832
71.28358602524	258812
71.84607720375	161830
72.35597419739	253139
72.61724925041	466232
73.80004930496	443216
74.36332035065	165871
74.60767555237	853757
75.38848447800	1099490
75.79972457886	384145
76.63866853714	251301
76.68600058556	563325
77.27570557594	172074
77.88649749756	322502
78.14064645767	702178
78.39870357513	195941
78.45266556740	240390
79.07233953476	174824
79.51729846001	435714
80.31786537170	163389
80.33837938309	460385
80.91566443443	179938
81.15189051628	232320
81.96386337280	178718
81.97271442413	233728
82.83537745476	181747
83.45329737663	183253
84.30162644386	185856
84.65552353859	584494
84.93421244621	2113539
85.56794142723	187373
86.08473038673	477497
86.08925437927	257233
87.21711754799	451723
87.28417754173	378572
88.00200939178	174060
88.01281738281	513293
88.56913924217	246550
89.20413041115	384957
89.20810532570	310936
89.79985547066	248488
90.37776231766	477242
90.38359141350	389427
90.62574243546	249216
91.17349052429	161581
91.37841558456	179958
92.03044271469	198792
92.34285855293	309338
92.63695144653	487793
93.29070448875	199010
93.63514542580	330262
93.73373842239	343635
93.97775650024	199976
94.54970765114	196596
94.55369067192	201874
94.99487876892	402801
95.59661579132	256274
96.06422066689	357277
96.44823360443	113163
97.05288958549	257815
97.62177157402	427650
97.70625257492	847765
98.19596052170	261279
98.67777752876	114847
99.35021948814	211482
100.04880547523	342514
100.24186539650	148971
100.42557144165	936163
100.75479841232	212041
101.37768244743	247604
102.32893943787	196289
102.35536456108	534089
102.73876762390	879358
103.39530658722	269039
104.16120362282	513589
104.33355259895	271744
104.93462157249	272546
105.31778645515	273152
105.83649444580	814319
106.03433561325	159297
106.16328549385	234805
106.61824369431	274029
