0.72876310349	154045
0.75432610512	101376
2.28214406967	181310
3.53677606583	119913
7.58901214600	341960
8.97959113121	130092
8.98064208031	807145
13.81925725937	260983
14.26804423332	124220
14.26951026917	199318
14.72294235229	148081
15.13369250298	225640
15.37866759300	199227
15.74730753899	116864
16.67694950104	103067
19.31421351433	122365
21.52965855598	205095
22.01037359238	176160
22.26540851593	187837
22.89091467857	204733
23.13257765770	192823
23.74255561829	130007
23.98625159264	101968
24.41374373436	218748
25.07881164551	188990
