1	204437
2	199209
3	256380
4	198786
5	197811
6	199316
7	442989
8	159105
9	652461
10	198816
11	172222
12	116285
13	198658
14	386927
15	202776
16	152523
17	146863
18	237547
19	247555
20	199374
21	653767
22	595635
23	262711
24	2232184
25	198493
26	204112
27	134569
28	598365
29	288424
30	537590
31	197701
32	356927
33	657735
34	185667
35	937186
36	463737
37	1279406
38	364590
39	198616
40	241082
41	3113841
42	1267662
43	198678
44	199487
45	842737
46	918592
47	471647
48	1836854
49	386485
50	709638
51	861690
52	1518888
53	1573761
54	1564510
55	1033904
56	1612691
57	198549
58	1218733
59	775925
60	281162
61	3252264
62	199209
63	1754174
64	552902
65	199366
66	1537554
67	324567
68	429545
69	1787973
70	1885545
71	369269
72	1065042
73	781472
74	393413
75	868786
76	1579495
77	1220808
78	806428
79	119246
80	109786
81	199138
