1.00000000000	39383
2.00000000000	240149
3.00000000000	39380
4.00000000000	41922
5.00000000000	115956
6.00000000000	97351
7.00000000000	254981
8.00000000000	325174
9.00000000000	595810
10.00000000000	199252
11.00000000000	198730
12.00000000000	108385
13.00000000000	108785
14.00000000000	199039
15.00000000000	39383
16.00000000000	43278
17.00000000000	412814
18.00000000000	199137
19.00000000000	495599
20.00000000000	169543
21.00000000000	198710
22.00000000000	199066
23.00000000000	562695
24.00000000000	44220
25.00000000000	270988
26.00000000000	41922
27.00000000000	32956
28.00000000000	482462
29.00000000000	325174
30.00000000000	319376
31.00000000000	108385
32.00000000000	198730
33.00000000000	108785
34.00000000000	595810
35.00000000000	213040
36.00000000000	102776
37.00000000000	295287
38.00000000000	385324
39.00000000000	659628
40.00000000000	199068
41.00000000000	283389
42.00000000000	198641
43.00000000000	402627
44.00000000000	104309
45.00000000000	421896
46.00000000000	85578
47.00000000000	103946
48.00000000000	110632
49.00000000000	162214
50.00000000000	198621
51.00000000000	114310
52.00000000000	85956
53.00000000000	291645
54.00000000000	85082
55.00000000000	175087
56.00000000000	324164
57.00000000000	101340
58.00000000000	71269
59.00000000000	199234
60.00000000000	46099
61.00000000000	66433
62.00000000000	260404
63.00000000000	129330
64.00000000000	325440
65.00000000000	198858
66.00000000000	107443
67.00000000000	81061
68.00000000000	351440
69.00000000000	405902
70.00000000000	109867
71.00000000000	141315
72.00000000000	73609
73.00000000000	106554
74.00000000000	199096
75.00000000000	252671
76.00000000000	101599
77.00000000000	664140
78.00000000000	261444
79.00000000000	198679
80.00000000000	320025
81.00000000000	145628
82.00000000000	132863
83.00000000000	127664
84.00000000000	57289
85.00000000000	129006
86.00000000000	198697
87.00000000000	176188
88.00000000000	331977
89.00000000000	291399
90.00000000000	199416
91.00000000000	117482
92.00000000000	625760
93.00000000000	77267
94.00000000000	120706
95.00000000000	198527
96.00000000000	165800
97.00000000000	550435
98.00000000000	102246
99.00000000000	724810
100.00000000000	336501
101.00000000000	18874
102.00000000000	54305
103.00000000000	149309
104.00000000000	198864
105.00000000000	440836
