0.17820096016	196133
0.84422492981	190203
1.07493185997	126493
1.08117604256	196031
1.44284009933	136065
1.44329214096	136644
1.59021234512	192096
1.65947222710	196682
2.11459016800	136866
2.20696210861	146940
2.54309606552	138216
2.54616093636	196491
2.54629278183	174812
2.90232586861	196319
4.50464677811	413594
4.50510978699	195809
6.13347887993	848792
7.12353992462	1094178
7.23819994926	845913
7.23833775520	731753
9.76703190804	1602287
9.76712369919	231660
12.28870463371	1328189
13.93441772461	1166844
18.23061370850	1546004
18.30896973610	1337058
19.11601185799	225451
19.46459388733	1437428
22.46876668930	1459509
25.79564571381	1506706
25.79606962204	1358232
27.46997165680	866746
28.23929166794	963782
30.67798280716	1019043
32.82109975815	804677
32.82130789757	196211
35.45925998688	1889594
39.64125990868	1705791
42.66241669655	1160751
43.30312871933	1720894
43.30347967148	196052
44.47162461281	116509
44.71312856674	1008753
46.66251349449	167685
46.67833757401	795389
46.87939667702	1100245
49.72869086266	1052362
49.84444594383	653673
53.12018609047	1908622
54.56146121025	1049259
56.07349014282	1800123
56.07354617119	159509
60.16745305061	1048636
64.22176790237	1758191
64.22471904755	1220010
64.40402102470	1647690
67.66125106812	650547
68.05350303650	910335
68.76931405067	196031
70.55729889870	993570
72.31743168831	1491640
73.11046075821	1683582
73.31224489212	118361
74.18537092209	765374
74.33281874657	195940
74.96054577827	112285
75.78259277344	114048
76.62514972687	115456
77.45505070686	116864
77.85594367981	1002325
77.93150258064	786116
78.46721863747	186341
79.02773666382	188290
79.53068375587	739735
80.10050368309	507024
80.76661968231	124926
81.32529783249	317069
81.54097580910	125312
81.92127180099	189953
82.36164999008	664526
82.36514902115	126720
82.92090892792	195078
83.47741699219	384384
83.82323002815	197120
84.72918796539	198528
85.64346313477	199936
86.57093310356	201344
87.50172209740	201874
91.36031293869	780565
92.19190907478	207456
92.88766407967	1855896
93.47410488129	196161
93.47415590286	211145
94.13963389397	207558
95.13346695900	209792
96.05823397636	2065279
96.10260605812	211200
96.80342888832	150153
97.11343193054	212608
97.53996896744	836501
97.76925587654	150656
98.16800785065	208533
98.39250707626	217312
98.77351689339	152064
99.03760385513	214496
99.41131496429	219648
99.79756903648	153472
100.06182384491	216832
100.45164203644	221056
100.82964491844	154880
101.09740495682	218240
101.48345398903	222464
101.86571288109	156288
102.15067505836	219648
102.53335499763	223576
102.92344188690	158325
103.15547394753	220760
103.85643196106	224888
104.82663393021	419249
104.83007383347	226688
105.88171100616	195840
108.99048709869	1165495
113.08192229271	1320628
113.61353850365	130301
114.37951946259	130944
114.72744536400	2021427
116.04934120178	196116
120.65048527718	1676192
121.24400329590	149475
122.10390734673	150656
122.62158441544	1481996
123.16583228111	197907
123.74321222305	305536
124.42627429962	3729178
125.04952025414	151699
125.93721032143	153472
126.44757127762	615798
127.35919642448	196056
127.70723056793	669566
128.38089752197	160549
128.98444151878	633600
129.29492568970	161920
130.08489966393	103347
130.73611664772	160638
131.44663262367	1048511
131.66380667686	161920
132.60295772552	163328
133.55993771553	164736
134.51782774925	166144
137.09191274643	1088763
137.71713280678	219829
138.71125173569	221056
139.46033072472	1757406
140.16186285019	178368
