0.02206206322	196783
0.55989003181	199320
0.61395788193	295250
0.67708182335	137470
0.93445467949	226685
0.93908190727	201694
1.15270280838	149423
1.16828799248	198462
1.78034806252	319458
1.78077006340	198889
1.86427116394	213949
3.13833093643	630031
3.14196014404	198959
3.14329910278	199226
3.96559596062	235903
4.29487586021	247883
4.46012687683	413953
5.28378987312	1493132
5.28650069237	198805
5.28696250916	264644
5.77174663544	217817
5.77679872513	199320
5.77687573433	805140
5.77734470367	929532
6.69343352318	484268
6.69638657570	198462
6.73899960518	545234
7.34648251534	173289
7.65149950981	189426
7.65422034264	288016
8.63247132301	198889
8.65379238129	412434
9.73618435860	424394
10.31619644165	185991
10.31889438629	488694
10.43073320389	790437
10.88988018036	167457
11.05428218842	340870
11.88248610497	241513
12.00129914284	349304
12.00653815269	480737
12.37945604324	154673
12.50539422035	250362
12.79026222229	143019
12.96518516541	321061
13.18248033524	198967
13.65765929222	243314
14.16029524803	198439
14.59578227997	455647
14.72643828392	417672
15.46314024925	198969
15.63358020782	365672
16.36258506775	123736
16.66748809814	764674
16.67025208473	199128
16.71304988861	114791
17.82727789879	155757
17.82964205742	345886
19.43296408653	914473
19.43477201462	400605
19.44325494766	337699
20.00992989540	198845
20.06700682640	232105
20.53036379814	195402
20.54993796349	163326
20.58987689018	161327
21.25553774834	223319
21.84270572662	348615
22.02691459656	199234
22.22295856476	397494
22.43018078804	152828
22.60895895958	203850
23.22990393639	193889
23.87530374527	411919
23.98460674286	494161
24.50410485268	226157
24.56164383888	199116
24.65572667122	218890
25.25340366364	182326
25.26886558533	172004
25.29854559898	171104
26.18535351753	177604
26.19118952751	225240
26.80474162102	552302
26.90630054474	226789
27.61573457718	198507
27.78971552849	279159
27.82114553452	361347
28.56010341644	156920
28.63956141472	168892
28.78264427185	447622
28.95866632462	144410
29.54713129997	156768
29.81367826462	199102
29.99877119064	367257
30.23675918579	160153
30.51338529587	207766
30.63362836838	100308
30.82342839241	324298
31.00326538086	150661
31.17826938629	198872
31.18154215813	248944
31.31975603104	120254
31.85497808456	188503
31.86627101898	132965
32.00768303871	240249
32.18433117867	146021
32.89499807358	261324
33.26665425301	256072
33.27253317833	347104
33.90716004372	198575
34.03868293762	177746
34.71214485168	198252
36.69925189018	964113
