1	357089
2	198947
3	117598
4	155648
5	198905
6	724777
7	198898
8	550438
9	198962
10	120707
11	165800
12	336502
13	263183
14	140887
15	339200
16	301773
17	198819
18	432093
19	113527
20	199471
21	102248
22	154877
23	106651
24	128262
25	198811
26	338057
27	168127
28	244415
29	156708
30	190256
31	199146
32	357089
33	186860
34	198667
35	117598
36	199215
37	488712
38	113366
39	225665
40	135564
41	255848
42	250440
43	363063
44	123856
45	190188
46	199518
47	189583
48	223928
49	295941
50	118111
51	258888
52	249655
53	108487
54	290328
55	199300
56	271389
57	156116
58	188605
