0.11186194420	165509
0.49417209625	156988
0.49467992783	196204
0.80128002167	149744
0.80407094955	196476
1.62772393227	320499
1.93115878105	426086
2.35817599297	196041
2.69176506996	307877
2.69241309166	196213
3.71702504158	672900
3.72168612480	196757
4.41579794884	578213
5.13245582581	343109
5.52251482010	347233
5.99952483177	347333
6.00278496742	195936
6.31090617180	267611
6.68500518799	253962
6.69321107864	146346
7.27943205833	278002
8.48763203621	737073
8.49035716057	196643
9.51274514198	349474
17.63950610161	6533585
17.64226007462	1030697
18.89759802818	843902
18.89763188362	196126
21.06261491776	1296271
24.03540587425	1874691
24.03829097748	1245259
24.03845787048	196131
26.31814193726	1312959
28.90247583389	1482399
30.44910168648	1583381
30.44949674606	859313
33.97285866737	2775259
33.97582173347	195883
37.25236868858	1632083
37.25253963470	196704
39.79331755638	1455434
39.79595065117	1642047
39.79630875587	196394
39.99815058708	203106
45.48841667175	3235860
49.57546758652	2446012
49.57557368279	196322
50.41952681541	2653502
50.76231384277	1343431
50.76264786720	196204
51.94684791565	196476
52.85443997383	986584
54.27267003059	500805
56.66979622841	462108
57.50644230843	1953515
57.50837230682	1505929
58.06466531754	131899
58.73850941658	130944
59.42710137367	132352
59.75089621544	1050774
61.03323221207	402470
63.54928731918	1049479
63.95779418945	1736957
64.49132633209	155579
65.00535416603	1257973
65.22470235825	157696
65.76503920555	146432
66.35294628143	1110019
66.96201205254	196041
70.61097121239	1483468
73.19317817688	1772395
73.81475234032	174400
74.59582519531	176000
75.38996529579	177408
76.17804121971	178816
76.74896621704	2510917
77.74724936485	221693
78.34443736076	181690
79.15646338463	183040
79.97491836548	184448
80.43459343910	1481251
81.52294063568	287431
81.83521962166	550408
82.51542067528	196137
83.48532962799	569961
85.09050965309	4280283
85.24319767952	341134
85.64297366142	185591
85.87638878822	194226
86.50367975235	187264
86.74470567703	195712
87.16203260422	1972496
87.29877877235	188672
88.16631364822	190080
88.39836072922	395648
89.49740767479	272414
90.18109965324	1156620
90.72844457626	196570
91.55726146698	1214957
92.02326846123	1047505
92.31366229057	110837
93.03071737289	1511743
93.55929231644	607336
93.95274925232	212608
94.37928223610	1049220
94.47854232788	205568
94.78306841850	214016
95.40518832207	206976
95.70909333229	215424
95.96884536743	722178
96.33698129654	207605
96.71595931053	198578
96.95963835716	196950
97.64921355247	209062
98.14767146111	727810
98.58642745018	211200
99.68221259117	1113912
100.09773254395	733409
100.61448955536	630046
101.22526645660	316147
101.38806748390	215904
101.91401839256	370178
102.35204744339	218240
102.50878548622	680064
102.88608360291	371712
103.32411050797	219648
103.91488862038	177238
104.31717848778	201163
104.57694768906	374402
105.04470467567	220217
105.86387252808	262895
105.87917733192	222464
106.65614151955	196141
107.98271250725	1255443
108.45714950562	607038
108.61538958549	236974
109.10398268700	1049380
109.24423456192	228576
109.51444149017	237952
110.13857150078	290597
110.14892768860	229504
110.41793584824	239360
110.75868868828	381951
111.42975068092	240768
111.76967382431	382976
112.31060481071	461048
112.44499683380	242805
112.90905880928	283763
113.07889175415	233280
113.58404374123	205003
113.59172368050	385666
114.22968769073	158161
114.23946571350	245391
115.00010967255	236707
115.57552766800	533462
116.32061266899	389890
116.78891372681	477312
117.36473655701	391424
117.83149766922	240768
118.20090055466	823700
118.26928067207	141939
119.40105247498	379506
119.40503549576	486389
119.68794965744	503607
120.23389959335	196168
120.83485174179	394510
121.56585359573	508288
121.89608073235	194304
122.72550773621	201344
123.23262262344	513662
123.57072067261	202752
124.07639861107	259072
124.42251062393	204028
124.73162174225	1448589
124.97990775108	188725
125.24679374695	234887
128.10587072372	1229004
128.10867071152	196642
128.64694380760	264995
129.21291685104	520132
129.52274370193	128128
132.31102776527	1050202
134.12386155128	958089
134.72526955605	144146
134.97699737549	3497074
135.57781839371	145151
136.34793925285	146432
136.91235542297	1838256
137.82680845261	297088
138.61234140396	150656
140.44965434074	1688501
