0.00184893608	196211
0.16462397575	312258
0.16653704643	206150
0.36646103859	307745
0.37005996704	196051
0.56501698494	253271
0.56510496140	291784
0.56616187096	225936
0.56621289253	196149
0.64935803413	267129
0.64977693558	534182
0.87923288345	378766
1.32545590401	827514
1.32677173615	195997
1.45476579666	239180
1.45958161354	238131
1.46178770065	196492
1.51009488106	196321
1.51801991463	208627
1.56648111343	100537
3.67241811752	2562164
4.65068006516	3560240
4.65078711510	195808
7.08276915550	4164060
7.66558718681	3377389
9.28797912598	2794682
11.35182404518	4236780
12.15126824379	3428978
13.89461421967	3034184
15.50689721107	4079809
16.96366715431	3526823
16.96378231049	340980
18.34693932533	3494753
20.12422633171	3635099
21.52445340157	3918158
22.32564234734	2686589
22.32574844360	195841
24.16441154480	2073977
24.70785546303	3837645
25.60410857201	1708797
26.36164045334	1988894
26.36176657677	196211
28.85423660278	3843943
28.85899066925	196051
29.20908069611	3472610
31.19178366661	1986941
31.79847359657	3228577
32.56568670273	1662115
32.83588480949	196149
33.87876272202	2212167
34.29127287865	1545339
35.94250893593	2041246
35.95970511436	2139737
36.54043006897	195997
37.82267498970	3772820
39.24289083481	3507836
41.19428372383	3317697
41.96584272385	2805083
42.24243164062	196134
42.81347465515	2414435
42.98589348793	1884574
45.18415951729	2061959
45.64488053322	3476914
45.96128344536	196032
46.74166131020	1538408
47.56631326675	1554491
48.48506927490	2014178
48.74261116982	195939
48.89440822601	3468684
49.13057708740	3665398
50.31431603432	1532470
50.77145814896	1556853
51.07324600220	196294
51.43744397163	1302577
51.91552686691	1622272
52.38083481789	1379597
55.61134290695	3658320
55.64324188232	167990
55.95465993881	196163
56.01014900208	3518400
58.71086287498	3516505
59.05864071846	3273975
59.05871868134	3752973
59.42537665367	195841
61.08905172348	2520939
62.51592087746	3017111
64.00254487991	3228776
64.23344492912	2980651
64.59323692322	196119
65.68482208252	3022735
66.91044998169	2127014
67.49242591858	1771599
68.15080809593	1062987
68.54677104950	196055
68.54914093018	2609721
68.63088107109	1405839
71.49590420723	2510480
71.53083014488	2986586
71.89103412628	196142
73.12474131584	1764824
73.72298336029	1688322
73.78365516663	2881128
