0.06681299210	196783
0.28695511818	199318
0.47158598900	295252
0.58774089813	137468
0.71825480461	226686
0.72154092789	201694
0.79953002930	149422
0.80609703064	198458
0.95044684410	377158
0.97609782219	198887
1.10837888718	246233
1.15086698532	185989
1.30899381638	167456
1.53011274338	340869
1.53339481354	161876
1.96396780014	480737
1.96680092812	241515
1.96972084045	199264
2.11814975739	154674
2.12735080719	213954
2.33947992325	630031
2.34227275848	198958
2.34791493416	199227
2.62060785294	235904
2.86193203926	247882
2.92475295067	264644
3.89916491508	1493133
3.90176081657	198804
3.90776395798	413952
4.18126392365	217816
4.27415895462	321569
4.85864591599	512308
5.03463983536	160783
5.05833292007	781996
5.30430698395	307546
5.30447006226	199318
5.69704604149	259381
5.71364307404	484265
5.71649909019	198458
5.90761423111	173260
5.90772318840	288014
5.90961813927	189428
6.18816423416	488694
6.28592729568	198887
6.74266934395	424393
6.74457025528	412431
7.01724934578	186018
7.24890637398	161876
7.24913549423	167456
7.27238941193	790437
7.68279147148	340869
7.68548536301	199264
7.96983027458	154674
8.02578926086	480737
8.02588009834	241544
8.35945820808	198439
8.42383122444	321060
8.43605422974	250362
8.57098507881	143018
8.80048108101	243313
8.80568003654	198966
8.80576205254	455648
8.87333106995	365672
8.87358689308	417672
9.09761500359	123733
9.19453907013	198969
9.28238296509	114788
9.75160002708	764675
9.75169301033	199129
10.18986392021	198846
10.26284480095	345886
10.52066659927	155755
10.55029654503	914443
10.71050572395	337699
10.99478769302	232106
11.05929660797	400604
11.27715563774	163325
11.30447077751	161326
11.57905387878	565572
11.60953783989	223323
11.88909173012	348614
11.90104079247	152831
11.90591263771	199232
12.18556475639	203849
12.19782161713	193888
12.53431940079	494161
12.64320659637	226157
12.79883861542	411920
12.88321661949	199118
12.99411869049	218891
13.07639265060	172003
13.08163881302	182326
13.29371595383	171106
13.36105489731	225237
13.67200994492	177603
13.74512004852	226790
13.86823010445	552304
14.05425095558	198509
14.15737295151	361346
14.32209396362	279161
14.39189195633	156921
14.66503000259	144413
14.68677997589	168893
14.69193792343	447623
14.76560401917	156764
15.04548192024	160155
15.10030174255	199102
15.23307466507	367254
15.34833765030	207767
15.40670156479	100306
15.45657968521	324297
15.52530264854	150661
15.52684950829	198872
15.53637170792	248943
15.53709578514	120254
15.62608075142	188503
15.71447873116	132968
16.82810854912	261324
17.81789946556	198573
19.81031656265	256072
28.22800254822	1101689
29.22003841400	367941
31.20380139351	198251
37.25949621201	804022
41.29234623909	699518
43.57019424438	184653
45.24548220634	183848
47.16061711311	319459
47.61510109901	473645
