0.28501105309	122402
1.23108410835	382837
1.23234009743	198859
1.98254299164	292368
1.98311805725	129861
1.98428893089	317915
2.37766695023	198707
2.71320080757	100097
2.71354389191	198722
3.05616092682	106438
3.05674409866	198722
3.19115829468	145883
3.27631330490	199192
3.58702707291	142688
3.58720922470	347256
3.58731627464	198612
5.74360918999	2664247
7.78643226624	1025588
7.78651428223	198682
8.43000721931	562166
11.06555533409	1177742
13.55419731140	1744402
13.55436921120	198813
19.30549931526	1754037
19.30831909180	2874883
20.24855613708	366431
20.24866199493	198735
26.10318112373	3278618
26.10546207428	1088546
26.23574399948	574083
26.25343084335	1169408
26.25501394272	395505
30.21817803383	1501797
34.15752696991	1939476
34.15771389008	198603
35.56697487831	2113478
37.35728287697	1511325
38.80785775185	198707
42.76819086075	1996893
43.39114475250	1389417
45.66601181030	1111869
45.88723969460	589239
46.47253680229	198627
46.61763167381	331971
46.64068055153	395348
47.68333935738	198603
48.70287036896	983445
48.87976527214	198765
50.10908842087	742096
50.19693946838	1368782
51.41351342201	958924
52.87984943390	2874577
52.88254857063	1625684
53.72742772102	1527539
56.59487271309	1118593
56.60973072052	2385692
60.33943367004	395325
60.33956456184	199031
60.34264445305	1040970
65.59128355980	850299
67.73905754089	7090329
73.55343461037	198620
75.51254677773	3374589
75.51520156860	1245891
76.10851860046	118398
76.88256263733	119680
77.08717060089	10202709
