0.19393301010	200413
0.19657397270	384819
0.19739508629	198611
0.20843315125	175734
0.20852804184	129860
0.23042798042	304418
1.68193483353	952196
1.68241882324	198813
2.22915482521	283921
2.22957587242	198721
2.48233985901	141976
2.72127580643	184838
2.72175383568	198721
2.95792675018	145913
3.00993561745	199193
3.49449872971	347256
3.80052876472	742094
4.39701962471	1443261
4.39720773697	198611
4.98444175720	1222963
4.98834872246	198682
5.57380676270	520955
5.60108089447	1025586
6.20894098282	562167
6.53851389885	1243732
7.35660600662	1177742
8.66173601151	2874882
8.97071123123	366433
9.09745812416	1754037
9.09927821159	384302
9.09937906265	522908
10.05796599388	1088549
10.05806016922	198627
11.27854919434	1169407
11.29344725609	2814521
11.29595041275	198861
11.82597041130	574086
12.62583637238	1939476
13.84965848923	2113510
13.85032343864	198602
13.87938141823	1501798
14.69124245644	1625684
16.27175354958	1996893
16.29826951027	1511326
16.43399834633	1572062
16.60775232315	198619
17.06517028809	1111866
17.06857728958	198708
17.36782121658	331968
17.39217519760	589240
18.35065031052	983441
18.35120820999	198766
19.59128403664	2874576
19.59149718285	198631
19.61012911797	1368783
20.52438211441	958923
21.57317018509	1671031
22.29428601265	2385721
24.62933802605	3887965
29.61703705788	367941
33.58314418793	691904
39.54391527176	5074530
