1.00000000000	53788
2.00000000000	54095
3.00000000000	408830
4.00000000000	220257
5.00000000000	141677
6.00000000000	196160
7.00000000000	65341
8.00000000000	258816
9.00000000000	333577
10.00000000000	312784
11.00000000000	196775
12.00000000000	53788
13.00000000000	196097
14.00000000000	763844
15.00000000000	196613
16.00000000000	60880
17.00000000000	53788
18.00000000000	293603
19.00000000000	249203
20.00000000000	196193
21.00000000000	83070
22.00000000000	53789
23.00000000000	196613
24.00000000000	300157
25.00000000000	53788
26.00000000000	2047117
27.00000000000	53789
28.00000000000	196102
29.00000000000	53788
30.00000000000	53788
31.00000000000	81310
32.00000000000	596387
33.00000000000	214017
34.00000000000	282089
35.00000000000	1103841
36.00000000000	53787
37.00000000000	639863
38.00000000000	134781
39.00000000000	940955
40.00000000000	214624
41.00000000000	719538
42.00000000000	758853
43.00000000000	196161
44.00000000000	329439
45.00000000000	329335
46.00000000000	241005
47.00000000000	353722
48.00000000000	316974
49.00000000000	17470
50.00000000000	314302
51.00000000000	196823
52.00000000000	361502
53.00000000000	322079
54.00000000000	757737
55.00000000000	1054569
56.00000000000	330717
57.00000000000	14654
58.00000000000	794808
59.00000000000	14652
60.00000000000	598321
61.00000000000	920596
62.00000000000	377170
63.00000000000	1401272
64.00000000000	1620891
65.00000000000	196610
66.00000000000	1272409
67.00000000000	2217938
68.00000000000	816590
69.00000000000	1191015
70.00000000000	18876
71.00000000000	934937
72.00000000000	2486791
73.00000000000	705094
74.00000000000	1513756
75.00000000000	1941743
76.00000000000	196160
77.00000000000	1465300
78.00000000000	836797
79.00000000000	3472256
80.00000000000	956993
81.00000000000	196775
82.00000000000	634702
83.00000000000	163237
84.00000000000	318277
85.00000000000	21693
86.00000000000	1536302
87.00000000000	923529
88.00000000000	86940
89.00000000000	806181
90.00000000000	361856
91.00000000000	630103
92.00000000000	287232
93.00000000000	98560
94.00000000000	507450
95.00000000000	3286828
96.00000000000	771691
97.00000000000	195921
98.00000000000	881722
99.00000000000	899448
100.00000000000	865259
101.00000000000	867990
102.00000000000	460966
103.00000000000	2984136
104.00000000000	1349001
105.00000000000	960636
106.00000000000	698354
107.00000000000	196648
108.00000000000	6477503
109.00000000000	2531056
110.00000000000	8705221
111.00000000000	565232
112.00000000000	195934
113.00000000000	399559
114.00000000000	4417066
115.00000000000	624307
116.00000000000	413723
117.00000000000	4251001
118.00000000000	196191
119.00000000000	14655
120.00000000000	1073817
121.00000000000	196513
122.00000000000	8766092
123.00000000000	188491
124.00000000000	12033040
125.00000000000	196285
126.00000000000	196673
127.00000000000	1229789
128.00000000000	198901
129.00000000000	60187
130.00000000000	200301
