0.12061882019	129860
1.86244583130	198603
3.86073589325	353198
4.50953578949	149824
4.51091098785	198705
4.51233696938	253224
6.05345392227	193466
6.45950889587	198722
6.91585397720	198720
7.93553209305	179234
8.91341710091	199193
10.61935925484	324104
11.82417631149	269036
11.82427430153	198612
11.82438421249	282231
13.80699419975	329543
13.80715823174	198683
14.24891233444	175527
14.98213028908	154358
19.04738330841	304421
20.31115412712	786057
20.31132626534	198814
23.54326534271	424220
24.84079718590	151297
26.18971800804	174139
27.10397005081	635385
29.16703391075	304257
29.16713285446	395379
29.16974592209	333333
29.61115789413	448046
30.20095801353	227021
30.50864291191	697131
30.53155398369	409029
30.55090594292	139037
31.00323891640	290126
31.68894886971	617519
32.96921277046	426508
33.44040584564	543203
34.16960883141	696562
34.86320972443	215957
35.67519474030	245173
35.98740887642	226335
36.06366300583	325677
36.30377101898	232320
36.57715296745	118272
36.80538582802	343814
37.18813681602	1139223
37.58950972557	857671
38.34975481033	754501
38.63129162788	194752
39.27503848076	727137
39.61597156525	181632
40.32586956024	446428
40.47930264473	251834
40.73496365547	678656
41.05033850670	560764
41.24386954308	109467
41.45815253258	111232
41.67420339584	112640
49.28258442879	2239485
50.33650326729	606848
50.81089115143	294845
51.62635016441	1050836
52.14579820633	149373
52.89266920090	299904
53.82168936729	206842
54.25894141197	901538
