0.04387593269	196171
0.92360973358	374394
1.18021488190	102683
1.18360781670	195946
1.18612384796	149428
1.31210088730	102096
1.31267690659	133278
1.75752902031	205915
1.75830912590	196207
1.96142697334	185529
2.50830602646	103595
2.50880408287	196483
3.58525300026	345563
4.00279498100	178385
4.00300598145	195954
4.80524778366	223439
4.89805483818	196135
6.53947067261	273542
6.54324269295	466556
8.16197156906	459421
8.91728258133	1108916
10.36247658730	503499
10.36256766319	196096
11.28788661957	1261105
11.83232665062	403496
12.59580564499	182897
13.66372275352	501392
14.28696584702	734620
17.81677985191	379044
21.43904685974	1401034
21.44184589386	418354
21.84845900536	1034554
25.00178909302	538452
26.56621098518	772209
33.09843111038	3091721
33.10121202469	1172595
33.10741114616	195952
34.58150029182	433774
35.91290616989	355886
36.58736705780	582754
38.12576508522	504474
38.87699317932	662272
40.06168818474	195942
44.24946212769	1114421
45.69150018692	2083854
45.69469904900	196180
47.04492115974	480883
48.41869926453	706793
49.44231534004	205499
50.38420033455	527429
50.55918645859	1812507
50.56191349030	196171
53.13135957718	1059891
53.13140749931	606004
54.20293545723	374886
56.90127944946	1264673
57.42331361771	181866
57.77720570564	514542
57.78823184967	894675
58.63343691826	310152
60.52433609962	285667
60.71012520790	691774
61.27522921562	342541
61.58226728439	538732
61.64731931686	254953
62.25262832642	622814
62.86323738098	239854
63.17594337463	346709
63.82667541504	196147
63.97059226036	495258
64.26400017738	156534
64.27372026443	674027
64.50407910347	710819
65.34175610542	173184
65.55213499069	555925
66.41444110870	181277
66.80616402626	1139002
67.06913208961	555160
67.38280606270	1384203
67.39057612419	195358
68.50903820992	130159
69.30992817879	301619
69.94992518425	102430
70.78299713135	104192
71.48839902878	1378732
72.38098382950	132827
72.39273285866	304128
73.04242205620	108059
73.53320717812	109824
73.85873413086	834954
74.78668117523	161920
74.78677511215	136700
74.81474709511	112284
75.04116511345	801149
75.96996712685	232446
76.89795017242	118272
77.82301712036	119680
82.06460499763	1966805
83.22755002975	742016
84.20803618431	128128
85.19330120087	129536
85.95085000992	132478
87.43265700340	1696856
87.61987709999	1622006
88.05309796333	173897
88.20594215393	108059
89.08392596245	109824
89.14805197716	111232
90.06747603416	112640
90.53426194191	1047603
91.71673488617	316221
92.43538069725	118397
92.84116578102	613663
93.40649390221	240768
93.65811371803	803700
94.39628362656	244992
94.49577164650	1048817
95.24736380577	249216
96.00781393051	126720
96.70133280754	842658
96.71240782738	128882
97.34445381165	514564
97.94325590134	494302
98.07484292984	939191
98.16475105286	626248
99.37945103645	1611673
100.10353803635	146557
100.83683609962	147966
101.86890506744	149248
102.90609312057	150656
103.95722508430	152064
104.56398415565	2307092
104.63228034973	308352
104.73091435432	156264
111.51630449295	1802627
111.65676355362	1895687
112.17915964127	175198
112.87202262878	1808099
113.71583175659	1228826
114.07589459419	173184
114.24748778343	355422
114.42212080956	180224
114.95743298531	360880
115.05481195450	737496
115.23487901688	183647
115.60395312309	188672
115.78354930878	185856
116.15398311615	190080
116.34385013580	187264
116.71888017654	191488
116.91198921204	188672
117.64146208763	176526
117.82814502716	190080
118.22050905228	193502
118.79079794884	191146
119.18819904327	195712
123.39341211319	722028
124.01489496231	200540
124.60252189636	1176792
125.03035593033	202752
125.62132596970	201344
126.05075192451	204160
126.65590500832	202752
127.08705997467	205568
127.79519510269	180856
128.69447493553	203232
129.74239206314	205568
