0.00006699562	129860
0.11852598190	198603
1.55401110649	353200
1.75847792625	345459
1.75957393646	198706
1.76043796539	253223
2.99740505219	360675
2.99751186371	198619
2.99805784225	198720
3.77754974365	121672
3.81279492378	198719
4.31456995010	110261
5.00728201866	199190
5.28872394562	179233
7.53757095337	742096
7.53767704964	198611
9.40761709213	739719
10.86824107170	498188
10.86848115921	285788
10.86856102943	198680
11.53607201576	794630
13.81629705429	317228
14.08599901199	648752
19.80691909790	1588243
22.90645408630	981836
22.90947222710	395564
23.47360730171	204699
23.47387123108	952168
26.37141227722	315046
30.03103923798	1187957
30.03151345253	1088549
31.13156652451	198859
35.44561862946	811588
35.44566059113	767915
41.71593546867	1939477
43.28285932541	1501798
43.28335642815	198603
45.33818960190	1297235
45.45651555061	1245433
45.54818367958	898186
45.56735587120	1996862
48.43601179123	1111868
48.43621492386	198619
50.48598694801	952976
50.74999213219	589239
51.48152422905	131518
51.74255704880	198709
52.10453319550	125312
58.93130803108	2874573
60.44872617722	983445
61.10792517662	395419
61.55843615532	1368783
62.44684433937	273152
62.47834634781	102660
62.70380234718	339758
63.59181547165	101376
64.47372531891	102784
64.77911734581	1967917
66.00001430511	374528
66.15781736374	209792
66.91899943352	417776
67.06046438217	107008
67.96118450165	108416
72.92772555351	863797
72.92776751518	198331
74.26483058929	170011
74.90927457809	1040970
75.55468058586	101020
76.10204267502	3060389
76.73997068405	103837
77.28098678589	288767
93.35369467735	3519584
93.81491279602	1104984
94.25995874405	5396488
95.04236984253	164736
95.36851572990	733272
95.57853794098	190560
95.75888895988	192896
95.92419219017	194304
96.36263227463	114914
96.55942344666	196319
96.76056647301	198528
97.56074643135	1523417
98.21084141731	178015
98.21627140045	401280
98.69305348396	180224
99.17129635811	919773
99.77594757080	181632
100.38498473167	183040
100.61796379089	449765
101.35667777061	153472
101.99540185928	301886
