1.00000000000	54094
2.00000000000	54094
3.00000000000	196609
4.00000000000	391745
5.00000000000	408830
6.00000000000	53788
7.00000000000	196158
8.00000000000	141680
9.00000000000	16059
10.00000000000	92294
11.00000000000	53787
12.00000000000	144940
13.00000000000	214649
14.00000000000	53787
15.00000000000	196777
16.00000000000	21692
17.00000000000	45819
18.00000000000	58796
19.00000000000	85884
20.00000000000	145063
21.00000000000	53788
22.00000000000	28733
23.00000000000	423909
24.00000000000	363976
25.00000000000	40002
26.00000000000	119658
27.00000000000	53789
28.00000000000	196195
29.00000000000	83069
30.00000000000	249206
31.00000000000	516801
32.00000000000	2047085
33.00000000000	196614
34.00000000000	81309
35.00000000000	53785
36.00000000000	163239
37.00000000000	583714
38.00000000000	78595
39.00000000000	529505
40.00000000000	276992
41.00000000000	50297
42.00000000000	678749
43.00000000000	196160
44.00000000000	337767
45.00000000000	361563
46.00000000000	79995
47.00000000000	196823
48.00000000000	163236
49.00000000000	300571
50.00000000000	166765
51.00000000000	676884
52.00000000000	128213
53.00000000000	154069
54.00000000000	156025
55.00000000000	165464
56.00000000000	49025
57.00000000000	233624
58.00000000000	196048
59.00000000000	229843
60.00000000000	1011768
61.00000000000	707110
62.00000000000	261533
63.00000000000	85532
64.00000000000	298839
65.00000000000	143805
66.00000000000	91165
67.00000000000	188677
68.00000000000	89754
69.00000000000	91520
70.00000000000	14499
71.00000000000	93978
72.00000000000	859124
73.00000000000	809184
74.00000000000	660735
75.00000000000	656476
76.00000000000	196609
77.00000000000	615899
78.00000000000	196158
79.00000000000	109469
80.00000000000	52096
81.00000000000	432606
82.00000000000	57728
83.00000000000	551304
84.00000000000	110876
85.00000000000	49124
86.00000000000	60191
87.00000000000	226688
88.00000000000	61952
89.00000000000	115456
90.00000000000	63360
91.00000000000	45541
92.00000000000	116990
93.00000000000	118272
94.00000000000	1324752
95.00000000000	312781
96.00000000000	239839
97.00000000000	122623
98.00000000000	364330
99.00000000000	249216
100.00000000000	126720
101.00000000000	448847
102.00000000000	803968
103.00000000000	80256
104.00000000000	550407
105.00000000000	765743
106.00000000000	196777
107.00000000000	303927
108.00000000000	190686
109.00000000000	228184
110.00000000000	463677
111.00000000000	139517
112.00000000000	88348
113.00000000000	56404
114.00000000000	90112
115.00000000000	140926
116.00000000000	91520
117.00000000000	142208
118.00000000000	92928
119.00000000000	35144
120.00000000000	143740
121.00000000000	190080
122.00000000000	145024
123.00000000000	81715
124.00000000000	1451634
125.00000000000	201950
126.00000000000	198171
127.00000000000	91520
128.00000000000	76147
129.00000000000	104192
130.00000000000	498249
131.00000000000	47305
132.00000000000	105243
133.00000000000	312218
134.00000000000	107008
135.00000000000	335735
136.00000000000	67040
137.00000000000	109469
138.00000000000	111232
139.00000000000	409169
140.00000000000	49852
141.00000000000	452104
142.00000000000	215210
143.00000000000	160638
144.00000000000	265441
145.00000000000	115579
146.00000000000	223204
147.00000000000	163454
148.00000000000	235136
149.00000000000	32683
150.00000000000	164860
151.00000000000	141958
152.00000000000	855102
153.00000000000	122620
154.00000000000	346576
155.00000000000	169083
156.00000000000	240739
157.00000000000	171776
158.00000000000	126845
159.00000000000	173184
160.00000000000	128128
161.00000000000	734200
162.00000000000	39485
163.00000000000	173791
164.00000000000	150495
165.00000000000	131069
166.00000000000	353408
167.00000000000	65579
168.00000000000	132479
169.00000000000	359040
170.00000000000	133760
171.00000000000	164692
172.00000000000	135168
173.00000000000	183040
174.00000000000	136576
175.00000000000	184448
176.00000000000	137984
177.00000000000	185856
178.00000000000	139392
179.00000000000	187264
180.00000000000	140800
181.00000000000	178520
182.00000000000	1013083
183.00000000000	919128
184.00000000000	160512
185.00000000000	161920
186.00000000000	163328
187.00000000000	40771
188.00000000000	1474700
189.00000000000	3250696
190.00000000000	211804
191.00000000000	347902
192.00000000000	214016
193.00000000000	138385
194.00000000000	195936
195.00000000000	146558
196.00000000000	331834
197.00000000000	147840
198.00000000000	149248
199.00000000000	2023620
200.00000000000	2854895
201.00000000000	20285
202.00000000000	177889
203.00000000000	531422
204.00000000000	138107
205.00000000000	5203643
206.00000000000	389753
207.00000000000	254724
208.00000000000	61952
