0.81860494614	266529
0.82272481918	195925
0.82279396057	143138
1.21363806725	486727
1.98974514008	179271
2.00216817856	196551
2.77660512924	243580
3.49108028412	252088
3.49174332619	196604
4.79932022095	196060
5.75100636482	1130218
6.25059938431	168415
6.96656441689	141938
7.40079522133	196294
7.88887023926	156178
10.45315623283	467627
12.01663422585	315321
12.01671314240	333222
12.35383319855	1015304
12.88477420807	161817
12.88486099243	258285
16.59854888916	764611
17.89873194695	1207227
17.90158486366	196114
19.01688003540	504376
19.15421199799	234535
20.93963408470	364747
22.84275913239	728762
22.84766221046	196433
22.84810614586	279441
25.33526611328	790393
25.33818912506	196559
25.34097623825	318783
27.58961129189	1420135
27.81188130379	650138
33.55309438705	1992927
33.55364322662	195973
33.55845642090	529141
35.39326238632	173000
39.30083131790	190088
39.30456042290	564309
39.30491924286	1077839
42.97700333595	428342
43.70467042923	511535
45.68479943275	242315
46.09990739822	390681
47.92205834389	487027
49.25220346451	618412
50.62838125229	2645349
52.40869116783	381282
52.48792409897	786193
53.23989820480	196737
53.56820130348	460449
53.61665821075	581368
53.64518523216	553300
58.55931830406	768505
61.30745625496	1219014
63.28251123428	369478
73.71864819527	3543530
73.72135114670	1110273
73.72245907784	730798
74.48483920097	1734411
74.71761417389	375435
74.85381412506	429361
75.00330018997	220703
75.15920901299	112640
75.31770396233	114048
75.46551489830	115456
76.52021694183	195937
78.94220781326	677136
80.14712786674	1056515
80.51753687859	966616
81.52695679665	732422
87.17267680168	991658
87.73955583572	207484
87.84991884232	2251552
88.56809377670	463400
89.16362977028	1026961
89.39958262444	569995
90.81549763680	1068748
91.33261656761	108062
92.12834858894	109824
92.57471346855	162320
98.97271537781	1459519
99.28232717514	2093884
100.00657510757	203336
100.17297601700	435918
101.35502409935	274912
101.61977195740	606859
103.20303201675	1125721
103.24667811394	187108
103.49659109116	190080
103.60425901413	1094673
104.61681890488	198174
105.43620991707	101376
106.26836895943	102784
106.89211082458	212604
107.07766079903	258073
107.93044066429	1165370
109.75726962090	656259
110.43365359306	850652
110.94866561890	118397
114.61642169952	139820
114.82643079758	3045579
115.07309389114	692580
115.30308294296	1902019
115.92265582085	139517
