0.83872103691	109688
1.32676005363	230098
3.20397400856	124300
4.04017400742	114547
4.04110598564	195924
5.45884299278	110891
5.45907998085	352399
5.71259403229	131518
6.01907587051	257199
6.01973795891	196549
8.41893601418	146474
9.26835393906	122116
12.87746906281	323236
12.87755799294	178297
12.90846085548	221404
13.08365583420	120039
13.13561081886	253631
13.13569760323	228624
13.64721345901	187664
14.10186457634	203717
14.54964256287	145667
15.08347749710	214737
15.47690558434	186544
15.52576160431	219573
15.97675967216	138684
16.58477377892	131476
16.58484172821	1027031
16.80879592896	196198
20.47350001335	360471
20.47650694847	443049
20.47651696205	176380
20.88992094994	119294
21.05718803406	235353
21.59664702415	111360
21.94030904770	136576
21.95800900459	155847
22.15203404427	222082
22.63891911507	340397
22.82304525375	119680
23.17852115631	343164
29.62443614006	931986
29.62692117691	154024
31.01798415184	196655
31.04360222816	123982
31.53406333923	541651
32.20464634895	214239
33.04830741882	320237
33.24442362785	114048
33.54863357544	147485
33.55572462082	203578
34.35449051857	164382
34.66968560219	167416
35.05138278008	217102
35.88231873512	576575
36.94192671776	122496
37.05223393440	229033
37.31142973900	203587
37.81556272507	181730
