0.21542191505	198665
0.73295092583	1266576
0.73344802856	1114766
0.73633503914	198711
0.74187898636	242165
0.74253988266	251772
0.86383676529	215005
0.98215389252	256957
1.73289990425	198689
1.73321485519	198992
1.98719096184	227327
1.98794603348	198996
3.42635512352	2439206
3.42914915085	199116
4.72993326187	1277382
5.47386813164	1529438
5.73674631119	1017150
7.50284934044	2870774
8.03616642952	3261965
8.03641533852	390374
10.76954221725	4597962
10.77216315269	198726
10.77788925171	587377
12.53983640671	1614105
16.71158456802	7985504
16.71435046196	922001
16.71488547325	198839
18.16388630867	1740325
19.12372136116	1247480
21.59051823616	2068846
21.59377217293	768507
22.72735118866	500141
23.72789716721	2111501
25.45369505882	5168705
25.45751023293	198665
25.92629122734	2592688
27.71257328987	1552350
27.73736715317	1037748
29.72200727463	2134803
31.13907623291	3966181
31.14298915863	198711
32.64730000496	1259613
34.25677204132	1306357
34.92817711830	537351
35.24267315865	198992
36.49403119087	1062382
36.49434924126	2360521
38.17879319191	1769868
38.18157219887	198689
38.20592331886	4969080
39.32221531868	554396
41.66224932671	2970994
42.10574340820	1858926
42.13179850578	1498110
43.87883043289	1894557
44.02464342117	943467
44.03413963318	974447
44.31270647049	199300
44.55774354935	627378
46.73935747147	1196146
47.71687531471	2465337
47.85176134109	1816555
48.29733824730	198992
48.51247429848	1003748
50.39723348618	2136086
52.18062543869	1902612
52.61956024170	198711
54.81274223328	3341508
54.83029222488	3337157
55.59037327766	1771112
56.04882025719	199378
57.43271946907	1856626
57.71625137329	1667750
58.74460029602	865740
59.27421712875	1855846
59.71832013130	890051
60.51494216919	422614
60.54125022888	1764288
60.77841329575	198550
63.02170634270	2360728
64.69891643524	2015136
64.90002250671	3042708
65.30647969246	198489
67.76240968704	1739479
68.39484262466	3096755
71.63781952858	2841067
72.07667660713	199602
72.37816548347	4284689
75.08031368256	2005555
75.29896879196	1447976
