1	302386
2	198745
3	109676
4	213557
5	194164
6	325929
7	198692
8	439613
9	198907
10	167452
11	198609
12	1554275
13	605789
14	1902415
15	198810
16	445260
17	614324
18	2109951
19	198461
20	982832
21	531555
22	198782
23	2166740
24	2169188
25	198834
26	198749
27	494567
28	833112
29	1089009
30	601330
31	672025
32	779392
33	198669
34	520398
35	838995
36	971863
37	731368
38	850414
39	793692
40	884746
41	1376696
42	893229
43	1863441
44	1414935
45	1553006
46	198756
47	1031936
48	1072714
49	1935604
50	198633
51	867728
52	1091596
53	451814
54	1047832
55	861878
56	720349
57	1061937
58	1671190
59	198802
60	1126983
61	529952
62	1193188
63	539738
64	3999229
65	1381279
66	198782
67	722737
68	2810889
69	2040642
70	198762
71	1503492
72	550754
73	1165059
74	1722299
75	471093
76	1227076
77	2473244
78	482925
79	1195701
80	427455
