0.08103299141	159793
0.46941304207	510313
0.46977996826	198663
0.94893598557	910925
0.95235896111	454913
0.99798893929	163068
1.28388810158	198517
1.55661416054	199544
1.77205514908	401304
1.77301621437	953639
2.01232814789	127173
2.26410508156	149500
2.29803013802	199034
2.29811191559	7386715
2.29852485657	199356
3.71365284920	5918921
3.91029477119	2319302
3.91036677361	2455956
4.25518774986	2494328
5.14551782608	871061
5.14559483528	198737
5.17027688026	1810493
6.24664187431	1861586
6.48951482773	1806459
6.48996591568	199165
8.42442798615	3170947
9.62591195107	2486016
9.62879896164	1474202
10.73168802261	1358589
10.98704314232	1298838
11.46719622612	1250907
11.46842718124	198517
12.10394215584	453652
12.43330311775	2463692
13.99804711342	3646926
13.99813508987	389957
14.00062203407	218993
14.74664306641	1084137
14.76253914833	730148
15.45476603508	317699
16.38885807991	149500
16.39158201218	2266069
16.46823096275	1727783
16.83413100243	571774
18.28951621056	1709397
19.21565628052	730198
19.43468213081	2856432
19.69378900528	198514
20.40966796875	332739
20.74718689919	2943404
21.47496700287	741652
21.91693210602	489242
22.26668310165	2569768
23.73364019394	2007734
23.73629617691	198774
24.10408306122	1353794
26.31857991219	2389567
26.35125994682	2443439
26.82889389992	2700520
27.38525104523	199174
28.86820507050	2460115
29.69600415230	3677500
30.51961302757	1542380
32.46026611328	2107505
33.36386609077	3943284
33.36792588234	199151
33.84709191322	459944
35.26405596733	859276
35.71378993988	4989113
35.88602089882	199145
36.63682579994	888660
38.93581461906	6593083
38.93791079521	198697
39.37259769440	520689
40.47178173065	1271299
40.52283167839	1101084
40.56276488304	3158646
41.04776287079	839608
41.28007388115	198690
41.93121385574	837855
42.41421771049	487135
42.45552086830	1212653
42.94292902946	706273
42.95602107048	199039
43.17436003685	1656256
43.73173093796	349563
43.81654691696	1132075
43.96783685684	723293
44.20567584038	362605
44.58034586906	198866
45.97788405418	734497
45.98998785019	2820726
46.10012197495	1209575
46.46676898003	198987
47.28827905655	896665
47.83396005630	744123
48.09494400024	2748281
48.61002182961	782820
48.97926378250	198909
49.18505382538	715588
49.38851690292	1705406
50.27989482880	767207
51.00620269775	125387
51.28665471077	1399145
