0.62401199341	199173
1.59891700745	458678
1.76487088203	884839
1.76603889465	199152
1.76976895332	296384
1.77599287033	160097
2.80629706383	199035
3.79128813744	1526768
3.79208803177	1024466
3.79476904869	199357
4.96648311615	578777
6.53120207787	600448
6.53453016281	446810
6.89842224121	615297
6.89864110947	199166
6.90177989006	534839
7.96539282799	256514
7.98806571960	510313
9.47577071190	379709
9.47868275642	822620
13.89109277725	2278339
13.89146471024	252649
15.38572883606	199546
16.58667969704	953639
16.58680582047	175886
17.30739784241	467458
17.48408985138	1037601
18.58220291138	313898
21.13067698479	1329732
21.13089799881	403179
21.32795000076	848684
23.37714123726	982393
23.38030505180	353410
28.73622393608	1553265
28.85321688652	1512125
29.97191882133	280033
31.25715470314	404450
36.56819677353	2697925
36.57194185257	1568748
36.57380604744	198775
37.35183691978	271667
38.05586194992	1338324
39.78675389290	1347739
40.31845784187	122619
40.41987180710	2055435
40.52599477768	2186719
41.07394886017	121213
41.61868071556	252155
41.93183183670	123403
42.43846678734	128128
42.73531174660	123904
43.23887181282	129536
43.54612684250	125312
44.05162072182	130944
44.35097074509	126720
44.87031984329	132352
45.17591285706	128128
48.37726187706	1063405
49.30619883537	660194
50.12329483032	769264
50.13214492798	136576
50.76120090485	140925
52.03432273865	2094499
52.61392378807	1108601
52.61408758163	940248
52.61963272095	2397803
53.90542769432	3458386
66.71976971626	6593022
66.72269964218	859276
66.72291564941	199145
74.10446858406	3158646
74.10583662987	888660
76.38965559006	520688
78.89124274254	1101084
79.73184680939	839610
83.00796365738	1212654
83.01648473740	1455342
83.01713275909	198691
87.52690076828	837855
87.69231677055	1656256
88.57065463066	378335
89.26693558693	108416
89.96636176109	109824
90.56579375267	487136
91.10937285423	113694
91.50469565392	1049284
92.01836466789	275779
93.46670365334	362603
94.39052462578	349562
94.75666356087	609600
95.31547451019	122623
95.64504957199	198867
96.20562148094	121212
96.75827741623	249216
101.02417349815	837737
102.26027035713	2820726
104.58944034576	734498
105.42238044739	896695
108.29068231583	782819
108.40549015999	744122
108.93606495857	149374
109.71227312088	150656
110.50744295120	152064
110.88031411171	715591
111.64060115814	198908
112.53373622894	464640
113.35066914558	132279
114.13162326813	159104
114.60214519501	767207
115.52159214020	322432
116.37326717377	163328
116.94632720947	164860
118.85928606987	2748281
119.60529422760	106654
120.18071222305	677372
120.52192616463	108416
121.11522603035	173184
121.46177911758	109824
121.85732603073	4087295
122.06282210350	124117
