0.45617580414	202013
0.45620489120	198992
0.72263789177	189928
0.72295999527	199300
0.72341084480	189983
2.02583885193	414498
2.02593088150	199115
3.46471405029	151529
4.04486608505	317227
4.04507112503	198848
8.82027411461	199138
8.82317829132	157405
8.82639122009	198728
8.83188319206	228655
10.67712402344	349837
10.67983102798	198838
10.78607702255	767186
10.78634715080	1052977
16.47537016869	1256343
19.38741421700	638404
19.42577838898	1034581
19.42885828018	199381
20.42740511894	225921
21.34591603279	126571
21.56499791145	549993
23.02710986137	1048839
25.64985370636	1026546
25.65294289589	376122
26.53755378723	200990
27.33178472519	102784
30.00624179840	296508
30.60150265694	108059
33.93579864502	1071645
42.25760173798	878911
42.26086258888	564910
42.26106977463	2663807
46.05834174156	766313
47.39462661743	690743
47.39747548103	198994
51.02237749100	1626703
51.02547550201	537349
56.86729240417	1769868
59.35600352287	376139
62.53889155388	923880
63.91118454933	130588
64.17397356033	198688
66.24652338028	2361895
66.24912357330	931418
66.76425957680	292093
67.76821160316	684896
67.83833265305	701965
69.35481762886	254549
69.92024946213	199300
70.27348446846	815502
70.99430632591	124957
71.73142838478	437286
72.71143031120	548518
76.58570933342	844558
76.58849525452	483260
80.10947108269	959663
82.77324008942	531754
82.77601122856	602592
83.86616206169	2232926
86.26402091980	644236
86.41045999527	570848
88.70970892906	1997818
89.20195293427	579990
90.20368003845	204160
90.99579691887	104192
91.81399106979	105600
92.08925008774	735966
94.43068504333	355275
94.56734418869	324410
96.00191903114	376487
96.60761594772	110877
96.98167395592	2360698
97.87564587593	128128
101.22841000557	233150
101.51190996170	2015136
103.41984391212	1187816
107.17515707016	1739484
109.89532709122	198488
110.64884305000	1393431
111.03385806084	1928569
111.42718315125	553142
112.02118921280	2953260
112.86987328529	121088
113.72757029533	122496
114.53603529930	1923029
115.90972423553	803475
119.50256633759	170368
123.85096025467	2856698
