1	325931
2	198672
3	439612
4	198781
5	349487
6	167453
7	198608
8	1554273
9	605788
10	935272
11	445263
12	198809
13	198783
14	989771
15	317922
16	275587
17	198461
18	269559
19	288124
20	1291954
21	1635790
22	198836
23	198749
24	284149
25	259940
26	840303
27	395153
28	475800
29	198669
30	382001
31	230128
32	442093
33	109468
34	175110
35	117601
36	387747
37	188870
38	112286
39	240768
40	215069
41	114048
42	386145
43	254959
44	510730
45	275002
46	1470716
47	313353
48	872405
49	198752
50	523584
51	555707
52	924341
53	464252
54	665541
55	294817
56	198587
57	390623
58	183242
59	1047830
60	861878
61	1061937
62	540569
63	1126982
64	198800
65	118768
66	167955
67	256570
68	2193528
69	944976
70	1749500
71	135122
72	2261537
73	2040641
74	1381282
75	2810863
76	198763
77	1503493
78	276221
79	2752109
80	1085637
81	550754
82	471093
83	395536
84	198763
85	229147
