1	171381
2	147861
3	199490
4	389096
5	538835
6	198369
7	198764
8	223105
9	127196
10	182546
11	198807
12	161336
13	210557
14	234609
15	344370
16	2267003
17	509969
18	199169
19	861343
20	832193
21	1567954
22	198883
23	2635652
24	1434867
25	2081664
26	830319
27	198898
28	303625
29	727552
30	735744
31	490036
32	198853
33	1265106
34	1887030
35	1289902
36	923598
37	1644521
38	198915
39	1396241
40	1597641
41	1415965
42	1450852
43	198997
44	798440
45	3620684
46	2248822
47	198698
48	10981419
49	2668375
50	198721
51	969286
52	1856754
53	836862
54	1685598
55	1236934
56	855850
57	199528
58	507894
59	1482059
60	852626
61	1309589
62	495156
63	633208
64	1269284
65	334510
66	198349
67	588351
68	442805
69	162009
70	1362350
71	198691
72	177740
73	1182804
74	199343
75	2674524
76	1474093
77	199015
78	1181674
79	480532
80	5135430
81	253141
82	328865
83	198495
84	131069
85	2339153
86	199180
87	1596696
88	286377
89	280496
