0.80132079124	224795
1.07994794846	145683
1.08088493347	199297
1.99333691597	250203
1.99524188042	198990
1.99627089500	102957
3.20159196854	257186
3.20171785355	160841
3.20372891426	198711
3.66525387764	199115
3.66532373428	1240104
3.66798353195	198997
3.97173953056	163700
5.03598642349	349859
5.86510944366	393782
5.86554241180	198848
9.95074725151	1089771
9.95418524742	933443
9.95426940918	199140
13.36997961998	1215330
13.37277460098	198727
13.37859749794	297053
13.37865734100	481043
17.75110435486	1880859
17.75172138214	198840
22.66653156281	1378702
25.57017064095	836260
27.24095964432	485497
28.67541360855	2797430
30.04178166389	212923
30.25390481949	854838
35.25743579865	1702493
37.15217185020	656136
39.01267480850	209237
39.01543188095	198665
44.14961290359	2134803
45.22226881981	2131053
48.56074976921	4969053
48.56082463264	198710
49.59272551537	4883157
51.89042448997	766313
51.89304947853	198994
52.87701940536	690742
53.51625728607	134489
54.10385847092	539368
54.50379443169	135579
54.89761042595	537350
55.22764754295	170327
55.44336557388	156413
55.84034967422	183465
56.52570462227	159228
56.85796976089	373120
57.48843455315	160512
57.83685564995	188672
58.46951556206	161920
59.45767664909	163328
60.45273160934	163328
63.57448577881	1499797
63.57728672028	115564
63.86513471603	1561805
64.37543869019	305662
64.95882749557	155849
65.84506154060	156288
66.74383854866	157696
68.31620168686	900137
68.42114067078	215063
69.03316974640	161781
69.65885376930	276122
69.99393677711	162812
70.37523674965	199297
70.69044089317	1019193
71.64889979362	101376
72.15281891823	784707
72.43245196342	815502
73.23812508583	103835
73.83895802498	343604
73.87929916382	483259
75.17516207695	212254
76.13106513023	616059
76.13714599609	198711
76.73045396805	220564
77.35932803154	361605
77.75668597221	222464
78.38742399216	183040
78.79933404922	223872
80.12979102135	632305
81.20194888115	467606
81.20818495750	235574
81.46002292633	199375
81.87600207329	570848
81.96500086784	296180
82.65678286552	122201
83.56868171692	123904
84.29990673065	644236
84.36117553711	125312
85.28149175644	126720
86.20786166191	128128
87.14642167091	129536
87.50193071365	678386
88.18924689293	109940
88.20200371742	105245
88.93777775764	132478
89.89366388321	133760
90.86825776100	135168
91.48014068604	1764287
92.49760174751	274560
93.31542968750	422616
93.34866786003	139392
94.22186183929	198550
94.25250577927	140800
94.70810365677	784807
95.20027256012	143280
95.54368972778	116989
96.23232769966	143616
96.57198476791	118272
97.25824666023	145024
97.59825372696	119680
98.29573559761	146432
98.63455772400	121088
99.33678364754	147840
99.67911577225	122496
100.38533759117	149248
100.72743463516	123904
101.53116369247	137688
101.77545261383	125312
102.10380458832	1969138
102.37363457680	152064
102.67372870445	126720
103.23355770111	260427
103.83796167374	256256
103.92589950562	239348
104.69903969765	130944
105.19294881821	525184
105.72346878052	132352
106.34885191917	262965
106.59542798996	133760
109.20371484756	1838256
110.35055685043	209923
112.18483495712	1414905
112.18817400932	198488
112.74301195145	1050988
113.37715697289	1790080
113.71527504921	1739482
113.94478511810	166082
114.65161108971	4392826
114.65639305115	1871445
115.27397298813	153598
116.15404605865	154880
