1	120842
2	375163
3	198661
4	164416
5	274995
6	198797
7	331471
8	198722
9	758653
10	198867
11	125658
12	577928
13	198531
14	118346
15	225734
16	196434
17	408378
18	254942
19	198700
20	285326
21	200627
22	309072
23	158206
24	198615
25	370572
26	537568
27	580157
28	353281
29	560173
30	198995
31	385869
32	217641
33	396105
34	663676
35	341606
36	242178
37	491412
38	198416
39	467637
40	470574
41	541709
42	217417
43	198751
44	341011
45	169206
46	1065080
47	878117
48	282005
49	199078
50	436209
51	1059882
52	198390
53	607047
54	259147
55	477107
56	198657
57	1490218
58	406805
59	198922
60	306897
61	1014849
62	491678
63	2222834
64	1804796
65	415630
66	163156
67	199009
68	2186479
69	198717
70	1630034
71	198821
72	205741
73	3026441
74	399477
75	1646527
76	765178
77	198453
78	596418
