1.00000000000	160099
2.00000000000	26082
3.00000000000	199545
4.00000000000	196698
5.00000000000	118126
6.00000000000	26082
7.00000000000	198515
8.00000000000	255229
9.00000000000	26083
10.00000000000	188063
11.00000000000	26082
12.00000000000	26081
13.00000000000	199035
14.00000000000	199356
15.00000000000	26083
16.00000000000	723273
17.00000000000	10431
18.00000000000	2405090
19.00000000000	198737
20.00000000000	2609370
21.00000000000	871064
22.00000000000	1861585
23.00000000000	1806460
24.00000000000	199166
25.00000000000	3170949
26.00000000000	1474202
27.00000000000	2486049
28.00000000000	198664
29.00000000000	67230
30.00000000000	1358589
31.00000000000	1298837
32.00000000000	198516
33.00000000000	16059
34.00000000000	389954
35.00000000000	3646926
36.00000000000	656582
37.00000000000	3470401
38.00000000000	199545
39.00000000000	1084138
40.00000000000	16061
41.00000000000	841261
42.00000000000	149501
43.00000000000	1727784
44.00000000000	571772
45.00000000000	730196
46.00000000000	2266070
47.00000000000	2856429
48.00000000000	1709399
49.00000000000	332737
50.00000000000	198515
51.00000000000	2569795
52.00000000000	2943404
53.00000000000	741652
54.00000000000	489239
55.00000000000	2700521
56.00000000000	198774
57.00000000000	2932437
58.00000000000	429091
59.00000000000	199175
60.00000000000	2389570
61.00000000000	2443440
62.00000000000	2107503
63.00000000000	1542382
64.00000000000	3677499
65.00000000000	2460114
66.00000000000	3943254
67.00000000000	199150
68.00000000000	459944
69.00000000000	4989146
70.00000000000	199144
71.00000000000	859275
72.00000000000	888660
73.00000000000	6593141
74.00000000000	198698
75.00000000000	520688
76.00000000000	1101083
77.00000000000	1271300
78.00000000000	839610
79.00000000000	1212654
80.00000000000	1656256
81.00000000000	198690
82.00000000000	28733
83.00000000000	199036
84.00000000000	1296256
85.00000000000	3158648
86.00000000000	706271
87.00000000000	349562
88.00000000000	1132077
89.00000000000	4715305
90.00000000000	362604
91.00000000000	198867
92.00000000000	723294
93.00000000000	2398187
94.00000000000	2749713
95.00000000000	1209574
96.00000000000	734499
97.00000000000	1978972
98.00000000000	1040772
99.00000000000	896663
100.00000000000	744124
101.00000000000	782818
102.00000000000	715592
103.00000000000	198908
104.00000000000	767208
105.00000000000	1705404
