0.11154508591	198773
0.64058923721	656413
0.88430714607	215517
0.88832402229	199173
0.88897919655	368256
1.71567130089	296386
2.45823407173	884840
2.45941901207	458677
2.46072816849	199152
2.87611103058	199034
2.87723994255	1866736
2.87751078606	1147415
3.88545298576	459398
5.32772016525	898578
6.64418101311	816646
7.50043892860	201718
7.50060582161	199358
9.30106282234	1005943
10.07721066475	969883
13.32585763931	1868109
13.32895565033	1333702
15.00291657448	408389
15.69127535820	1450530
15.69498348236	339047
17.33198833466	748874
18.10879039764	770532
18.10997629166	198517
18.79242134094	252650
18.98736643791	224968
22.44637942314	2098510
22.44692730904	1405287
22.44984745979	188558
23.95525145531	1084134
23.95899152756	730149
24.49751567841	127173
25.15558457375	149501
27.81290864944	730198
28.40719747543	1727784
29.78009033203	571772
33.42490530014	2455188
36.03414511681	1709396
36.26832199097	2856430
37.09536695480	198512
37.12489581108	332738
44.81504487991	2569764
46.29114699364	2943373
46.60177397728	2700520
50.73496985435	2932438
50.73781895638	489243
50.73896598816	915917
51.47120594978	159793
52.01103496552	429090
54.57183408737	2443409
56.33188199997	874095
56.69454503059	2460114
56.99501609802	2389567
59.96274113655	661671
59.96305608749	199173
60.04159903526	2107532
61.18779587746	409425
61.83392691612	112640
71.92350792885	4655746
71.92701601982	3943255
71.92716097832	5191148
80.48542499542	6783175
80.48608589172	859274
80.48618793488	459945
82.33849191666	888661
83.36515808105	520688
85.52517604828	1101085
88.86479306221	3158646
88.86493301392	1271299
88.86737394333	198698
91.66725587845	1212653
91.66739606857	839609
93.62966203690	837854
94.57448101044	1800867
94.70294809341	487137
96.40823221207	723293
97.26368713379	349561
98.14770913124	362604
99.29282116890	890658
99.29335331917	1299394
102.90582728386	2820725
102.91174721718	198990
104.62697029114	734500
106.10772013664	896665
106.26893997192	1209576
108.76557707787	744124
111.22569012642	782818
111.30632805824	2748283
111.37294888496	715592
111.70814180374	198907
135.09426474571	511229
135.12190079689	395293
