1	109771
2	199444
3	127283
4	237815
5	397836
6	198608
7	101758
8	118396
9	198630
10	198930
11	2466178
12	1748661
13	444657
14	198472
15	269429
16	527113
17	436850
18	466823
19	199293
20	544309
21	200506
22	247416
23	364042
24	407191
25	205544
26	340510
27	311098
28	198840
29	510890
30	129215
31	353287
32	318756
33	325717
34	358216
35	607633
36	361196
37	199215
38	578199
39	582673
40	804836
41	376026
42	204783
43	198712
44	372818
45	512719
46	952011
47	2648246
48	708667
49	679602
50	1277399
51	1376371
52	234134
53	1167214
54	1339983
55	494341
56	1346813
57	883989
58	942578
59	443038
60	453398
61	334870
62	668348
63	429195
64	362128
65	446311
66	1214277
67	370831
68	628810
69	1008177
70	728185
71	427878
72	379629
73	904189
74	950170
75	198670
76	955492
77	493162
78	773008
79	1124414
80	524031
81	199013
82	3456468
83	991822
84	380213
85	682048
86	950940
87	585768
88	566868
89	1258765
90	1506879
91	417764
92	652051
93	336655
94	707905
95	282377
96	301657
97	828122
98	1201550
99	200414
100	1210257
101	1024821
102	1652895
103	659133
104	897612
105	1394792
106	385952
107	629422
108	1895816
109	570711
110	2014773
111	199143
112	903542
113	198872
114	343176
115	143557
116	680741
117	655282
118	2371570
