1	139363
2	150699
3	199007
4	199162
5	148404
6	297217
7	830733
8	594176
9	158814
10	218515
11	104023
12	416175
13	577139
14	115512
15	205490
16	198472
17	163915
18	544310
19	200508
20	247418
21	364041
22	205544
23	340511
24	198844
25	709267
26	510891
27	129215
28	353289
29	318756
30	325718
31	358215
32	607632
33	361195
34	199214
35	204783
36	804838
37	578197
38	899916
39	198714
40	606356
41	301656
42	1290510
43	465934
44	1094268
45	307938
46	664842
47	248650
48	953584
49	187671
50	606722
51	227043
52	1113040
53	408230
54	216653
55	325287
56	624270
57	452743
58	395921
59	720049
60	514168
61	293889
62	439835
63	340245
64	205146
65	574143
66	450806
67	322753
68	292650
69	236771
70	321220
71	383371
72	552631
73	620128
74	385846
75	1120458
76	356466
77	205906
78	500882
79	257367
80	696871
81	201007
82	303510
83	942141
84	213975
85	565240
86	478202
87	110945
88	383516
89	672193
90	809117
91	833208
92	472184
93	199422
94	383990
95	1018180
96	537750
97	988675
98	385933
99	1336163
100	298457
101	383217
102	291776
103	198875
104	171020
