1	312285
2	320488
3	199190
4	336623
5	304078
6	285730
7	198406
8	344567
9	273019
10	188643
11	198866
12	177347
13	409130
14	198574
15	242608
16	619729
17	409527
18	614733
19	199097
20	514305
21	893777
22	697161
23	599711
24	198657
25	360251
26	2147339
27	2619314
28	1825935
29	2178714
30	199336
31	1874991
32	955173
33	1791726
34	2249142
35	1996027
36	1794431
37	377520
38	4026589
39	1951931
40	1691059
41	1527563
42	1580054
43	198878
44	1037004
45	151230
46	1418457
47	1294554
48	1315714
49	1220870
50	2056615
51	1067134
52	1349890
53	2083571
54	1320499
55	1589719
56	1267096
57	1065122
58	1047206
59	1266877
60	347825
61	1152485
62	976435
63	1238899
64	980590
65	1001836
66	1266131
67	1049529
68	1047924
69	392896
70	895387
71	1050142
72	1050402
73	821281
74	770836
75	1047485
76	704186
77	1578790
78	1050042
79	582980
80	1501252
81	1047728
82	178876
83	430075
84	1217623
85	298047
