1	310752
2	291407
3	199284
4	333632
5	288524
6	343753
7	479933
8	198703
9	443958
10	598517
11	198706
12	559540
13	199114
14	585878
15	608509
16	198867
17	994695
18	1490899
19	784486
20	198572
21	1683967
22	1240361
23	1415240
24	505798
25	730202
26	199095
27	198656
28	755657
29	450722
30	3298096
31	3963568
32	2954281
33	3348405
34	3211034
35	199337
36	2649383
37	3362599
38	3345035
39	198639
40	3075271
41	6311314
42	3524345
43	3057226
44	3585038
45	2660400
46	2638597
47	1661876
48	198879
49	2414940
50	3899932
51	1933911
52	198745
53	3226174
54	3133895
55	198754
56	1845941
57	1521898
58	1813851
59	2576589
60	1988030
61	1478929
62	1726486
63	165665
64	2198236
65	199220
66	1919583
67	2302369
68	1654522
69	1973839
70	1849151
71	998976
72	2363184
73	963991
74	2842596
75	270015
76	2960299
77	2748790
78	2656460
79	2407476
80	199171
81	2438498
82	2127899
83	2176783
84	1987535
85	436127
86	1983433
87	636580
88	1055135
89	1989353
