0.0028949	3635
0.0040488	5055
0.0099258	3635
0.0139217	3635
0.0171857	3635
0.0185459	3363
0.0344069	43402
0.0743320	5149
0.0774021	5116
0.1219239	5111
0.1248260	3208
0.2233331	25939
0.2234421	25939
0.3257692	3134
0.3698301	198752
0.3806782	412159
0.5781882	343332
0.5832922	338907
0.6630301	7797
0.6767590	33192
0.7063770	3233
0.7084582	510743
0.7090690	199369
0.7148421	2560
0.7454181	555361
0.8281462	25938
1.0360222	496781
1.0361831	25938
1.7669160	1017912
1.7674022	25937
1.8866341	1090179
1.8872323	198511
1.8873713	25937
2.2746041	974523
2.2755723	25939
2.3342545	1036370
2.3620255	25939
2.9813066	13245
2.9832826	9021
2.9871147	892187
2.9970388	25938
3.0214958	2263
3.0322638	4527
3.3530939	1599579
4.0162997	25939
4.0732377	1171891
4.2306337	1036200
4.2325687	389008
4.2877707	1171169
4.3747528	836670
4.7418308	1116719
5.2129240	1042386
5.2130749	7613
5.7157481	4797
6.3239231	1070201
6.3549101	1855419
6.3554573	390095
6.4234672	5073
6.6332440	917828
6.7020259	929589
6.8379059	749247
7.4707899	943364
8.0915880	1119399
8.4395721	842754
8.5610032	1143432
9.2714903	199368
9.5366442	1077439
9.8679643	1146836
10.3367283	970752
10.4800334	198265
11.1213834	866457
11.1326704	1225168
11.1493642	21693
11.1581914	199419
11.1871054	198752
11.9830015	932279
12.2517846	662547
12.2571015	800254
12.6961684	683746
13.1932445	1008589
13.1933064	199369
13.5298116	1064461
14.1778946	974079
14.2552617	1017912
15.0185544	974523
15.0187645	37182
15.1652415	1090179
15.8219106	1036370
15.9436376	892187
15.9437196	360093
16.4979796	745189
16.7551155	867635
17.1720965	929589
17.7881856	1171891
18.0107446	1171169
18.0108254	199265
18.7098644	836670
18.7575383	1036200
18.8114352	1042386
18.8170252	1116719
18.8220983	198654
19.3108342	1107105
19.3587062	1268828
19.3908513	719201
19.3996482	753111
20.2060223	199054
20.2440543	943364
20.8013532	842754
20.9155233	749247
21.0117533	1119399
21.9196072	1143432
22.1734512	199368
22.7293310	1225168
22.8357501	1077439
22.8809872	1146836
23.0719843	25918
23.7216225	970752
23.8859575	1177622
24.3569045	4798
24.7128735	1117614
25.0519345	1138878
25.4851635	371766
25.6363883	1039649
25.8467722	25918
26.3387303	964183
26.4452832	1962781
26.6135132	18876
27.0056384	828244
27.1818213	1727835
27.6443245	1118612
27.6592264	378451
28.4357715	1050360
28.4397774	1077962
28.6993213	39996
29.2519224	1007138
29.7766585	739832
29.9182415	199512
29.9818015	814791
30.3918617	1983714
30.4724426	1008576
30.8102806	198712
31.3544245	1055004
31.3704345	1168645
31.5936384	1062250
31.7498353	819288
32.3160102	198408
32.3889954	737165
32.6669564	791708
32.9804845	884714
33.4603055	699874
33.4831946	28734
35.2806816	681946
35.2810917	369223
35.2828267	1160138
35.4971466	1482018
35.5450685	662547
36.2776823	1008589
36.2778444	20286
36.3703785	1064461
37.1999764	974079
37.2306423	1017912
38.0924163	1090179
38.0932934	376977
38.1035404	974523
38.7698374	892187
38.7888863	1036370
38.7891164	198764
39.4745934	745189
39.5191872	867635
39.6121852	929589
39.8425212	1171891
40.4992721	1171169
40.4998960	199265
40.7347190	1036200
41.1804512	836670
41.7428823	1116719
41.9993002	1042386
41.9995663	7613
42.6925194	1107105
43.0360284	1268828
43.4440036	753111
43.4441185	390095
43.5373526	4797
43.5802445	749247
43.5869014	6206
43.5881395	1657768
44.3225884	842754
44.6281524	1143432
45.3869934	1146836
45.6143584	199368
46.1022756	1225168
46.2779887	1077439
46.6682856	930598
46.8335848	198265
47.2453597	970752
47.3027298	1177622
47.3760488	1117614
47.4380598	1138878
47.8528440	1975428
48.4253049	199419
48.4340870	1039649
48.7651350	1101122
48.8171279	964183
49.2250278	903043
49.3402438	3833
49.3413959	4526
49.3419738	5053
49.4635117	3388
49.4869177	850710
50.2262528	828244
50.2272837	393939
50.5953078	1118612
50.8719249	1077962
51.4330349	1050360
51.4395781	1219283
51.7049279	830385
52.0200560	1007138
52.0973141	199512
52.0984242	814791
52.4078593	5116
52.4793372	804427
52.9499433	1008576
52.9607553	20285
53.5689723	1062250
53.5857842	1055004
53.8974240	1078092
54.1713111	7612
54.4468892	376835
54.6654541	819288
55.0704370	1429427
55.2015529	884714
55.2023809	199258
55.6474519	1160138
55.9120557	13244
57.0164816	681946
57.0174587	198699
58.1865356	926376
58.3503726	3389
62.3628776	3389
65.3637545	1169957
68.3737836	952855
68.3764606	6206
69.6095426	1668567
69.8040307	1838925
73.7736435	3391
73.7799673	199369
