0.31022715569	215410
0.45476603508	206606
1.19769215584	198692
1.24269008636	183316
1.25437498093	993242
1.25807285309	199321
2.90183687210	770023
2.90242791176	120626
4.01170778275	346649
4.16072273254	397516
4.19245052338	206190
4.19626975060	133153
7.23505187035	1543543
7.23607087135	198681
12.49288582802	1230480
12.49298477173	1591536
12.49307489395	1498635
14.70078301430	1272517
14.70350193977	198725
17.26904201508	809791
17.26935219765	391784
19.52849006653	1144667
27.71796202660	3884851
27.71824502945	1476569
29.93722105026	1085918
32.86177015305	1677644
32.86188507080	198907
35.73316192627	1463723
41.16806411743	3111310
45.58420705795	2338651
45.58460021019	388884
45.58728528023	199193
49.46140027046	2568626
49.46268320084	198708
54.10349726677	2113239
54.10361027718	199321
55.33333849907	2158158
55.33352446556	198692
63.02079439163	1128861
63.71894550323	101376
64.41028451920	102784
65.11368536949	104192
65.99235343933	102942
67.23516845703	214928
68.02434539795	109824
68.29884648323	269003
68.82350850105	111232
69.36119246483	9554868
75.72702145576	504064
76.96778154373	105600
77.17078161240	4533467
77.17089152336	393892
78.70384073257	178816
79.27314066887	1279305
82.10229468346	332288
83.41804361343	142208
83.71179461479	2888158
84.68359160423	150656
85.05694365501	492629
85.05706071854	199182
85.64914178848	119805
87.43914270401	1050797
89.42541575432	919128
91.49145770073	923253
92.41710972786	929280
92.69597983360	919128
93.50505685806	241870
95.66345691681	1051264
96.71049594879	594176
97.53308486938	102784
97.82123994827	919128
98.85711598396	209792
99.69032979012	751320
102.11289882660	1048784
102.99724364281	122621
104.65333271027	1048712
106.87367486954	923253
107.92575168610	1273694
108.86289882660	122496
109.12621974945	919128
110.07340383530	290596
110.08507084846	249216
111.04737663269	158808
111.96217465401	128128
112.39614462852	1047653
113.50205063820	373192
113.51205682755	260480
115.34181690216	780817
116.57729983330	444290
117.13638782501	181203
118.08985304832	835829
119.04567289352	140800
119.47307682037	1050009
120.66487884521	285824
128.36858391762	4194538
128.37166881561	478835
129.66734194756	411742
130.07805991173	199403
130.22576594353	482685
131.75094294548	254973
132.35944104195	399400
132.89753007889	187868
133.82795810699	189664
134.40624499321	1486906
134.79703307152	383580
135.34739303589	214016
136.00803709030	154555
136.02460098267	820158
138.20993494987	589527
138.80729603767	218846
139.37298703194	560511
140.15053987503	209353
140.32531905174	143616
140.44380092621	917583
141.10479879379	200543
141.58830380440	445532
142.09849786758	202752
142.90015983582	184028
142.98491287231	204160
143.88079881668	198703
143.93843793869	205568
144.50461387634	225885
144.94944190979	206976
145.52508091927	228096
145.96961498260	207595
146.86169695854	180047
147.21590399742	181725
147.43736195564	230590
147.89081692696	210394
148.47673892975	232320
149.05964088440	208808
149.58535289764	234813
