1	190335
2	198658
3	532183
4	352692
5	198822
6	588046
7	199015
8	198648
9	150524
10	425703
11	539003
12	198711
13	223183
14	170895
15	195427
16	590850
17	434343
18	354488
19	416888
20	693499
21	210499
22	170031
23	516536
24	917583
25	198662
26	1345046
27	211164
28	876336
29	159469
30	390832
31	162721
32	199298
33	503832
34	1227149
35	161734
36	314650
37	312169
38	418653
39	198600
40	1182537
41	858000
42	819337
43	619678
44	3265346
45	791878
46	558768
47	134305
48	6975203
49	1915668
50	199076
51	732026
52	397651
53	1057980
54	2342070
55	905207
56	742787
57	198689
58	1036065
59	825792
60	1062264
61	514704
62	859723
63	581941
64	1083605
65	888026
66	298891
67	859169
68	1328334
69	530966
70	1603065
71	769897
72	199301
73	485389
74	261312
75	836253
76	1331740
77	857855
78	2050478
79	596864
80	3738861
81	1070259
82	412743
83	226790
84	1292472
85	3712239
86	534933
87	2775561
88	1656214
89	199285
90	707736
91	6622455
92	2858462
93	2563406
94	3843820
95	198821
96	198775
97	198976
98	2353148
99	247123
100	361140
