0.31670904160	166622
0.76034212112	152487
1.56055808067	198854
1.99410796165	104950
2.58763790131	142251
3.01144003868	106529
3.63063001633	147435
3.63163900375	199273
4.56574010849	107871
5.08078813553	195041
5.08206319809	198890
6.41169524193	114007
6.98365521431	113326
6.98482704163	390553
6.98495817184	390338
6.98524212837	198963
9.52401804924	381825
9.52483296394	198619
9.52824997902	339222
11.78503012657	200202
12.25310802460	268383
12.92813396454	399516
13.22229099274	101376
13.93803215027	394385
14.68107914925	365603
15.69776511192	306944
16.03669691086	164736
16.58855080605	597778
17.73833394051	173184
20.29577684402	556777
20.32533383369	189916
20.80280399323	303440
21.29329681396	125312
21.65438675880	524018
22.30437469482	535291
22.58070468903	101376
22.86334466934	102784
23.14901065826	104192
23.80144453049	503051
24.76287841797	384050
25.26959538460	653312
25.83561754227	114048
26.27609157562	326937
26.28551745415	233581
27.11865448952	161564
27.85099053383	238076
28.63728451729	163357
28.99074840546	242904
29.00045251846	264704
29.36686444283	184574
29.73413944244	125937
34.99275755882	624313
35.99051976204	360495
40.63185691833	581107
40.63516092300	151282
41.99093508720	1504639
42.19180893898	163638
42.58497905731	116991
42.97388601303	118272
43.36979889870	119680
43.49309182167	534685
43.88779282570	121088
44.06340193748	111232
44.45780587196	122496
44.67571187019	112640
45.32330083847	114048
45.97583484650	115456
46.74192786217	101376
47.40996885300	116864
48.19032192230	102784
48.86059093475	118272
49.67672371864	104192
50.10137391090	632192
50.38576173782	119680
50.39152455330	119680
50.65414357185	121088
51.45247554779	131069
51.63995051384	556601
52.48154330254	129682
52.69866132736	266112
53.30661225319	130944
54.07801628113	135168
54.69829320908	132352
54.71651601791	136609
55.26522302628	231666
55.47251105309	137805
55.68834996223	139392
55.91091299057	140800
56.13583278656	142208
56.18015480042	143616
56.51269793510	145024
56.81266093254	146432
57.07741379738	148469
60.97559571266	1678182
61.62027573586	150781
62.13643288612	777566
62.48864984512	758912
63.18891572952	152064
63.55164289474	157400
64.25469088554	153472
64.54888296127	157696
65.25917983055	154880
65.51963281631	159104
65.77701091766	160512
66.68626403809	144565
66.69074296951	136477
67.25594687462	156413
68.70414686203	326781
69.02675580978	157696
70.37732887268	164736
70.79156494141	159104
72.07460594177	167552
72.58827495575	160512
73.78532695770	168960
74.39134383202	161920
75.14979696274	329190
76.05655598640	280354
76.52404499054	169112
77.21154594421	948992
77.68869614601	171776
78.16292500496	173184
78.50174903870	767234
82.33849310875	144896
82.89255619049	582939
83.59061813354	341875
83.60323405266	106653
84.17046904564	330013
84.65961790085	329472
85.51219081879	225850
85.73639869690	360791
94.22212076187	1702187
94.22577571869	1131201
