1	197418
2	198491
3	567807
4	199063
5	134071
6	145633
7	119475
8	142013
9	198829
10	717283
11	868442
12	198680
13	412164
14	255603
15	198345
16	361937
17	691621
18	199250
19	290330
20	270908
21	198525
22	248428
23	136825
24	252398
25	155894
26	259960
27	1295622
28	117643
29	246090
30	120990
31	477756
32	229285
33	470320
34	752498
35	198837
36	313425
37	212776
38	231467
39	316661
40	1387916
41	198790
42	853658
43	267067
44	711441
45	639476
46	199074
47	1555420
48	818430
49	198730
50	198751
51	199934
52	199296
53	999768
54	402363
55	228774
56	1353040
57	2179221
58	589210
59	1452067
60	577169
61	2325266
62	198892
63	397497
64	2376995
65	908448
66	1112216
67	683692
68	199312
69	2316705
70	395863
71	1227910
72	623419
73	780552
74	427252
75	811312
76	350384
77	198617
78	226929
79	1028985
80	588761
81	1087642
82	537419
83	221629
84	161563
85	301320
86	471279
87	411600
88	355425
89	534190
90	1952668
91	116030
92	145022
93	198648
94	199236
95	1476790
96	2322846
