0.22469210625	285986
0.22516632080	282670
0.22602128983	199125
0.25438833237	198708
0.25456118584	618662
0.58757019043	418742
1.21270322800	525838
1.21482324600	199319
1.31913232803	997819
1.31926321983	198690
3.04603219032	1924578
3.04616713524	198931
3.71874523163	625761
3.73268628120	230534
3.73568439484	567713
7.57289838791	4403289
7.57362651825	878531
7.57646441460	198681
7.57665348053	3572754
7.57674741745	4567441
11.36077141762	4342166
13.90252041817	3036344
13.90524339676	198724
13.90545058250	199401
15.52555060387	809791
15.52596259117	198589
21.28687763214	3091824
24.91977071762	2047228
27.60229349136	3211478
27.60241770744	5885460
30.13782358170	2860255
34.20815563202	1074630
34.20866656303	1200302
34.21107959747	393305
34.69410061836	199125
37.99350881577	7270017
41.59513401985	3420801
41.59548091888	198708
46.37186479568	3907264
46.37199091911	3219546
46.37420392036	199319
49.20513296127	1738683
49.20547890663	198690
51.61572694778	2803504
51.61857676506	198805
65.03585577011	7724066
66.11653971672	11536266
66.11701369286	829877
68.03690457344	1279302
68.04047250748	199185
69.58350849152	1049903
71.31870365143	927349
72.76686859131	1278890
73.09928655624	927349
73.87847757339	335104
74.24664163589	476216
74.94023346901	342144
76.07265257835	1051264
76.36770653725	4533468
77.04220747948	198695
77.32854247093	700888
78.90092444420	1670477
79.79139351845	723416
80.36151742935	1048786
82.41908359528	673702
82.98634362221	190224
83.25943350792	1420843
83.65999460220	3181659
84.19375061989	181200
84.32168245316	444289
85.20696449280	780815
85.81239151955	196147
86.02953147888	1050008
86.87306642532	811140
86.93173837662	286536
86.97735929489	478835
87.91547322273	400738
88.14034533501	437617
88.71378946304	199403
89.40243935585	1075132
89.64913821220	538135
90.41152310371	530355
90.68422508240	897466
91.27473402023	207801
91.46915507317	917583
91.63928008080	484995
92.16089320183	428196
92.21938633919	269862
92.93732619286	271744
92.96919226646	842654
93.39822030067	198704
93.87006044388	1409318
