0.0033281	3635
0.0079782	3635
0.0140593	3635
0.0203793	3635
0.0218403	3363
0.0727365	43335
0.1166716	5116
0.1281717	5195
0.1747956	5120
0.1783917	3328
0.1794338	3815
0.1808770	3570
0.1872489	3570
0.1935740	3570
0.2823110	33657
0.2824810	33658
0.2837260	198693
0.3808639	44932
0.9444699	496331
1.3625507	509882
1.3640189	260230
1.3645988	199336
1.3843780	6157
1.3987679	3079
1.4054849	6189
1.4398248	7874
1.4429049	5926
1.4688909	3735
1.4774091	2263
1.4881020	2559
1.5275750	5926
1.5364790	5926
1.6223938	1458686
1.6250639	28731
1.6260169	33659
1.7774370	203631
2.0107892	225278
2.0114481	33660
2.3126030	5867
2.3639290	5883
2.4020081	5874
2.4029601	2264
2.4031200	5875
2.4652951	3476
2.5624149	5875
3.1511328	1385969
3.4747648	404913
3.4757528	588057
3.9426739	375013
3.9483089	7614
3.9525900	198620
4.0910189	159159
4.3769059	360475
4.3858728	180229
4.4272537	186304
4.5232129	188356
4.5263069	7614
4.5411308	2478
4.8600187	348442
5.1476247	284115
5.9923327	281779
6.4657898	1079581
6.5215497	5076
6.8519998	316402
6.8724806	731878
8.1138458	1203767
8.1172588	510550
8.1241467	198622
8.3609679	199048
8.8318028	224753
8.9467340	348736
9.2298119	209717
9.6739719	198807
10.0082638	216484
10.0114110	521127
10.4554219	263434
10.9976368	303957
10.9978058	230606
11.5008929	1647189
11.5011008	1351821
11.5100267	199319
12.1170707	305568
12.4052997	348972
12.4053757	3390
12.7175019	260230
12.7202897	9020
13.2534027	496331
13.2534928	394639
14.9644828	1458686
14.9726188	198702
15.1268468	225278
15.1269307	879570
15.8365116	1385969
16.2259278	404913
16.2266347	588057
16.6268189	375013
16.6333399	198620
16.6397429	199372
16.7650080	159159
17.0334601	180229
17.2996831	188356
17.5303121	186304
17.5376272	179076
17.5458262	9022
17.8382051	348442
18.4514670	284115
19.2198930	1079581
19.3340850	281779
19.9894738	510550
20.3775730	316402
20.6297662	720111
21.4466131	1203767
21.7712080	199048
21.8359489	348736
22.1502459	209717
22.7307277	717769
22.7466576	23101
23.3906806	216484
23.8908377	1351821
23.9494357	198807
23.9957359	465086
24.1749520	230606
24.6902881	199319
24.9259810	202325
25.1252151	161286
26.5621791	388439
26.5716391	1647189
26.5720191	303957
26.5767000	13246
26.7246559	753555
27.3118229	761470
27.4602649	429876
27.5827858	462930
28.0317378	180616
28.2465587	131449
28.8501198	372773
29.2782907	271043
29.2787428	199068
29.6951909	212130
29.8100729	1394798
30.0827999	122801
30.2061880	7614
30.4208319	533943
30.9079797	226126
31.0566447	409986
31.5926867	333769
32.3989217	353621
32.4142966	1371644
32.9700778	199168
33.0008037	424842
34.0453348	973051
34.1509008	198994
34.6812088	794878
35.2044649	158623
35.2086570	198766
35.2942791	824591
35.6762681	226422
36.0726483	389223
36.1330922	198696
36.4590280	127227
36.8460319	396898
36.8996429	177941
37.3828490	16060
37.5355330	14653
37.9340460	492800
38.0615320	568171
38.1150799	943575
38.6486049	198589
39.0672359	189569
39.0890059	654336
41.4347298	199337
41.4347999	726157
41.4363048	434013
42.0333238	260230
42.4692738	396047
42.4694247	509882
43.8484907	198702
43.8522799	1458686
44.0859549	28734
44.0865228	496331
44.8849618	588057
45.2174947	1582513
45.2183688	6205
45.6718507	598080
45.6765709	375013
45.6820819	198620
45.9775400	168717
45.9927130	159159
46.1531019	7614
46.2404330	180229
46.4845781	188356
46.8071272	348442
46.8159804	357766
47.3029945	284115
47.7107015	560416
48.1959314	281779
48.7599175	316402
50.0177755	198622
50.0206234	1713744
50.0212383	1079581
50.5245392	199048
50.5591612	348736
51.0554543	7611
51.2552483	521127
51.6514344	421579
51.6555123	216484
51.6766543	4527
51.6773014	4026
51.6781414	5063
52.0966613	263434
52.3692734	220984
52.3694603	230606
52.9275124	5883
52.9305894	5867
53.0305235	5875
53.9438376	303957
53.9471567	2980132
53.9544187	199319
53.9781616	5875
54.1199985	161286
54.1443346	5875
54.2535005	6205
54.7556825	388439
54.8861096	665893
55.1109235	89644
55.1380336	198734
55.4458306	5079
55.8492906	244388
55.8510447	462930
56.5331025	957590
57.1934545	180616
57.5333734	1394798
57.5371935	199068
57.5501986	131449
58.0299256	31546
58.2210774	271043
58.4041054	212130
58.7708795	122801
58.8284864	875170
59.3187184	219033
59.3232725	198567
59.7414625	226126
60.1868956	333769
60.4366145	424842
61.2926595	353621
62.1219246	973051
62.1230986	199168
62.5538526	1371644
62.7162676	198994
63.3549066	794878
63.3676994	198766
63.5826013	158623
64.0511751	226422
65.2389970	389223
65.2819819	824591
65.2903950	943575
65.6248569	127227
65.6353219	198696
66.0818939	396898
66.2182567	479939
66.2265477	309476
66.7012627	199384
66.7096717	278845
67.0971227	189569
67.2541316	198589
67.9393544	654336
68.3905096	726157
69.9596357	434013
70.4795659	330781
74.4661217	1062434
74.9875019	198631
74.9963107	49854
78.8140957	18876
79.4796486	612777
