0.12177491188	198737
0.52588105202	294391
0.92010021210	329388
0.92603516579	320978
0.92776513100	199275
1.69786930084	271528
1.71272945404	313498
1.71518945694	284481
1.71749949455	345145
2.62294650078	169630
2.62373638153	198769
2.62607932091	312703
3.63643527031	373784
4.22198915482	536731
4.23534917831	391697
4.23792433739	199198
4.24308919907	326168
4.29033923149	148186
4.73788428307	103383
5.18718624115	414615
5.18735623360	199175
5.93719220161	237735
5.97698116302	312692
6.63670706749	198876
6.64630818367	181912
6.76564335823	108199
7.04579329491	198722
7.34884715080	316690
7.51082801819	199223
10.74389004707	1000910
10.74398612976	2444156
10.74671912193	2681089
11.59688019753	2337109
19.02946805954	2408557
19.08532905579	2430627
19.69324994087	198741
26.14178490639	2353073
26.17099976540	2395975
27.10182666779	198737
29.33299660683	4667757
33.74837660789	2452600
35.13608169556	2308368
39.09207773209	2356918
40.23766255379	199275
41.28978538513	2487843
42.94726824760	2295030
47.95652818680	1971048
47.97669529915	2083943
48.26612234116	158595
48.89329314232	1967312
49.81547832489	574292
50.57832527161	1051217
50.79160618782	455286
51.42467403412	198585
51.95088410378	1047261
52.09793710709	1398105
53.82892203331	209973
53.88169908524	357600
55.37903809547	1289110
55.39374518394	2504344
56.20528316498	199228
56.41444516182	453983
56.74750804901	200543
57.54613614082	202752
58.34598708153	204160
58.79967904091	2361638
58.80208706856	594661
59.77157306671	412544
60.58391594887	207902
61.40728902817	209792
61.99204206467	210397
62.37225890160	1278520
62.57526588440	1433397
63.11414003372	254526
63.66890287399	482621
65.18330788612	836946
65.45521879196	731113
65.99372100830	199021
66.00691580772	247486
66.30289864540	1045713
66.86217379570	261566
67.73084282875	263296
68.54470682144	705135
69.12878179550	251708
69.58005166054	523221
69.75752186775	1048377
70.57438588142	198678
70.75797700882	396864
71.38143610954	229181
71.95428109169	538938
72.27582907677	230912
72.81254720688	1245047
73.42005515099	260157
73.84762835503	511258
74.00525116920	466048
74.28434634209	261888
74.59955525398	274112
75.51286029816	199281
75.61292719841	527901
75.81634235382	316426
76.41807651520	277055
77.12773036957	364361
77.74863648415	268606
78.07192850113	558976
78.68539047241	268928
79.11353349686	213076
79.88038754463	283968
80.62284946442	512098
80.79791545868	284416
81.41752839088	272704
81.63966655731	1890847
81.76498746872	119011
82.63685846329	198631
82.94849824905	493887
83.29273533821	277055
83.91634845734	249216
84.24279046059	277376
84.60383844376	1049108
84.76955938339	250624
85.68676829338	242976
85.79477119446	493136
86.29984116554	253118
86.60495114326	282560
86.93579816818	584477
87.28294515610	254848
88.18108320236	198734
88.21883225441	464195
88.99380230904	297120
89.35238027573	773684
89.65444326401	569918
90.14480519295	126750
90.80413126945	298655
91.51944828033	479509
91.69283413887	299904
92.06838011742	687256
92.22503328323	291008
92.56932711601	301312
92.92976021767	262848
93.24463415146	291456
93.60726714134	147426
93.96799015999	169594
94.30451011658	302752
94.68562006950	265790
95.32298517227	304128
95.70772099495	267520
95.86531400681	619424
96.54652500153	295838
97.30633497238	504113
97.44173693657	297088
98.84390807152	199187
99.57204103470	1433723
99.61998701096	154880
100.25777316093	1050430
101.28187322617	607006
101.66040921211	553022
102.53631424904	278784
103.05497217178	441207
103.36334109306	218388
104.06485509872	281632
104.55787611008	618144
104.96542620659	283008
105.65404725075	300984
106.20259022713	312733
106.89810013771	818598
107.33532810211	1624563
