1	198569
2	117356
3	163003
4	124699
5	198819
6	195223
7	199225
8	219843
9	233165
10	461221
11	107941
12	423972
13	733208
14	751290
15	732358
16	198585
17	470432
18	527688
19	198739
20	763129
21	511907
22	651254
23	520827
24	900486
25	1599870
26	2065342
27	2424810
28	2271776
29	369382
30	1052562
31	1357182
32	1218994
33	1241302
34	173871
35	199210
36	955698
37	2340808
38	198784
39	3000158
40	2505984
41	2408191
42	198744
43	1310449
44	2081683
45	2418996
46	1740579
47	1180638
48	199111
49	1820393
50	2346427
51	1230944
52	2023455
53	1348767
54	2108858
55	198623
56	1920134
57	4048470
58	2458171
59	1546005
60	1975838
61	115147
62	1830408
63	2077414
64	2103175
65	1481555
66	141643
67	1497858
68	1465452
69	2335400
70	2192884
71	1403976
72	199125
73	1497154
74	1136434
75	920662
76	1174326
77	1006845
78	1316527
79	1011887
80	199267
81	1080910
82	807276
83	883389
84	1020413
85	1075805
