1.00000000000	47753
2.00000000000	47753
3.00000000000	158901
4.00000000000	77314
5.00000000000	198583
6.00000000000	75966
7.00000000000	39424
8.00000000000	232652
9.00000000000	83840
10.00000000000	47446
11.00000000000	113849
12.00000000000	126395
13.00000000000	47448
14.00000000000	89449
15.00000000000	109495
16.00000000000	137594
17.00000000000	69143
18.00000000000	199022
19.00000000000	292656
20.00000000000	21694
21.00000000000	13246
22.00000000000	92915
23.00000000000	130154
24.00000000000	198768
25.00000000000	54920
26.00000000000	157285
27.00000000000	109306
28.00000000000	13243
29.00000000000	112741
30.00000000000	13171
31.00000000000	199199
32.00000000000	12574
33.00000000000	16037
34.00000000000	79009
35.00000000000	44785
36.00000000000	198877
37.00000000000	11264
38.00000000000	87922
39.00000000000	16896
40.00000000000	17468
41.00000000000	60188
42.00000000000	80829
43.00000000000	17341
44.00000000000	24509
45.00000000000	51877
46.00000000000	47448
47.00000000000	26752
48.00000000000	63005
49.00000000000	118345
50.00000000000	28733
51.00000000000	13967
52.00000000000	18715
53.00000000000	27325
54.00000000000	64413
55.00000000000	94910
56.00000000000	31549
57.00000000000	14524
58.00000000000	15919
59.00000000000	103966
60.00000000000	12285
61.00000000000	13067
62.00000000000	30142
63.00000000000	99613
64.00000000000	29568
65.00000000000	36608
66.00000000000	33792
67.00000000000	198721
68.00000000000	12903
69.00000000000	37182
70.00000000000	71808
71.00000000000	39424
72.00000000000	38016
73.00000000000	40832
74.00000000000	39424
75.00000000000	72992
76.00000000000	187245
77.00000000000	199223
78.00000000000	63006
79.00000000000	96317
80.00000000000	63360
81.00000000000	50688
82.00000000000	64768
83.00000000000	52096
84.00000000000	66176
85.00000000000	312412
86.00000000000	53504
87.00000000000	29840
88.00000000000	68637
89.00000000000	78199
90.00000000000	55485
91.00000000000	130105
92.00000000000	57728
93.00000000000	72862
94.00000000000	59136
95.00000000000	73216
96.00000000000	60544
97.00000000000	74624
98.00000000000	61952
99.00000000000	76032
100.00000000000	19444
101.00000000000	78491
102.00000000000	330950
103.00000000000	39424
104.00000000000	198738
105.00000000000	216888
106.00000000000	84121
107.00000000000	85888
108.00000000000	16896
109.00000000000	13141
110.00000000000	43648
111.00000000000	23936
112.00000000000	45056
113.00000000000	47872
114.00000000000	46464
115.00000000000	90112
116.00000000000	47872
117.00000000000	350092
118.00000000000	183040
119.00000000000	49280
120.00000000000	371712
121.00000000000	50688
122.00000000000	26752
123.00000000000	527254
124.00000000000	318240
125.00000000000	51261
126.00000000000	525216
127.00000000000	22399
128.00000000000	15899
129.00000000000	56800
130.00000000000	456755
131.00000000000	97948
132.00000000000	558108
133.00000000000	21693
134.00000000000	23936
135.00000000000	108909
136.00000000000	43367
137.00000000000	120636
138.00000000000	56892
139.00000000000	30976
140.00000000000	29568
141.00000000000	33792
142.00000000000	298648
143.00000000000	374758
144.00000000000	39996
145.00000000000	69586
146.00000000000	42240
147.00000000000	37181
148.00000000000	43648
149.00000000000	29568
150.00000000000	45056
151.00000000000	35200
152.00000000000	309966
153.00000000000	77086
154.00000000000	97152
155.00000000000	83072
156.00000000000	35200
157.00000000000	24564
158.00000000000	14209
159.00000000000	42812
160.00000000000	83072
161.00000000000	101948
162.00000000000	45056
163.00000000000	43648
164.00000000000	53504
165.00000000000	46464
166.00000000000	25073
167.00000000000	44222
168.00000000000	69314
169.00000000000	46464
170.00000000000	130596
171.00000000000	56894
172.00000000000	101950
173.00000000000	97152
174.00000000000	59136
175.00000000000	53504
176.00000000000	50688
177.00000000000	60544
178.00000000000	54912
179.00000000000	10406
180.00000000000	22448
181.00000000000	61596
182.00000000000	73348
183.00000000000	11264
184.00000000000	56892
185.00000000000	128128
186.00000000000	59136
187.00000000000	66176
188.00000000000	60544
189.00000000000	11200
190.00000000000	14879
191.00000000000	167141
192.00000000000	25916
193.00000000000	33792
194.00000000000	35200
195.00000000000	198679
196.00000000000	74624
197.00000000000	135986
198.00000000000	79421
199.00000000000	42240
200.00000000000	43648
201.00000000000	368429
202.00000000000	33972
203.00000000000	305398
204.00000000000	16061
205.00000000000	93500
206.00000000000	49280
207.00000000000	227741
208.00000000000	50688
209.00000000000	41935
210.00000000000	19440
211.00000000000	51262
212.00000000000	116510
213.00000000000	53504
214.00000000000	42240
215.00000000000	54912
216.00000000000	43648
217.00000000000	38954
218.00000000000	56893
219.00000000000	286653
220.00000000000	78448
221.00000000000	38016
222.00000000000	47037
223.00000000000	119680
224.00000000000	39424
225.00000000000	49280
226.00000000000	61952
227.00000000000	40832
228.00000000000	50688
229.00000000000	63360
230.00000000000	42240
231.00000000000	52096
232.00000000000	64768
233.00000000000	43648
234.00000000000	53504
235.00000000000	20191
236.00000000000	65819
237.00000000000	111232
238.00000000000	29568
239.00000000000	35200
240.00000000000	36608
241.00000000000	230645
242.00000000000	31538
243.00000000000	49853
244.00000000000	38589
245.00000000000	52096
246.00000000000	40832
247.00000000000	53504
248.00000000000	349741
249.00000000000	42240
250.00000000000	64414
251.00000000000	43648
252.00000000000	111232
253.00000000000	45056
254.00000000000	57728
255.00000000000	46464
256.00000000000	59136
257.00000000000	47872
258.00000000000	60544
259.00000000000	49280
260.00000000000	61952
261.00000000000	50688
262.00000000000	63360
263.00000000000	52096
264.00000000000	24039
