0.05230593681	199276
1.08424592018	333376
1.08439683914	198583
1.84949684143	298650
1.85317873955	284482
2.55735373497	309966
2.73435664177	177741
3.08820366859	195528
3.70538973808	126055
3.71108865738	200270
3.71138572693	198768
4.73850178719	252223
5.02661085129	357622
5.03251481056	255388
5.03314781189	199198
5.50896191597	145868
5.64752602577	114539
5.90213584900	365095
6.35816097260	187646
6.42272496223	132489
6.43296694756	198874
6.45117187500	318025
6.86940097809	306891
9.72248315811	198719
10.86073923111	777243
10.86083126068	1632211
10.86092543602	1744374
13.92763948441	1724022
14.51781058311	199222
15.71178841591	198738
22.20425724983	2358466
25.03820824623	2452599
30.83681130409	2308369
31.98327136040	194518
31.98600435257	199276
34.31970334053	2356914
40.99604916573	2295001
43.35398125648	158594
43.91018414497	2545339
46.44245815277	4837527
46.99611115456	118398
47.72169494629	119680
48.66797804832	2083943
54.07923603058	2422627
55.37007403374	198583
58.80096101761	2504372
60.06949710846	2211244
60.67943716049	143741
61.51904916763	145024
62.34367799759	146432
64.03237819672	297088
64.85411119461	2336370
64.86037707329	150656
65.77294611931	199231
67.21757316589	415967
67.35093903542	1525400
67.79489803314	2361637
68.36274814606	216030
68.64296221733	1636019
68.91159009933	632638
69.25389003754	218240
69.40570902824	214496
69.84464812279	219648
70.66546297073	206946
70.72195196152	221056
71.22590088844	3242877
71.25369405746	217436
71.70218992233	173136
71.95228791237	1444221
72.63161587715	164862
73.45186591148	385286
73.46540498734	167552
74.07269096375	225886
74.70071101189	829906
75.65616393089	199021
76.27873802185	225884
77.23925495148	228096
77.75967597961	881321
77.77779388428	1074353
78.39457082748	233405
79.09644484520	352607
79.37403392792	235136
79.78031897545	498639
80.41221785545	231998
81.03012990952	474496
81.40336585045	233728
82.23496389389	140231
83.14307093620	198679
83.79142808914	241854
84.29796814919	1066077
84.80928897858	243584
85.49167990685	1031031
85.49977707863	122621
86.14229702950	240445
86.24276494980	738906
86.64501881599	416394
87.12030386925	199280
87.95243477821	1173862
88.72541379929	887901
89.65836071968	105600
90.56958484650	107008
91.51659178734	108416
91.97656393051	1890848
92.13365888596	1624964
93.25843191147	524860
93.66589379311	516413
94.22472691536	264704
94.63326382637	260480
95.38971090317	259541
96.53212475777	242976
96.62085580826	301309
97.06708478928	198631
97.65935873985	270014
99.60304784775	1016485
100.20822072029	1047567
100.42434883118	122622
100.75248885155	778659
100.95390868187	268480
101.36687684059	123904
101.55528879166	275520
101.96155166626	148350
102.30169153214	198733
103.25253963470	100928
103.71959257126	1049428
104.15613150597	1201888
107.30811452866	1047904
108.81354665756	2154822
108.83419871330	146557
109.49655771255	2196305
109.68410277367	147840
110.01241660118	935653
110.69881153107	156415
111.62197041512	157696
112.55308842659	159104
113.04505348206	1049468
114.19218564034	322432
114.35926842690	912813
115.14112043381	163328
115.30872058868	157696
115.92562747002	807059
115.92588853836	165271
117.31873250008	278449
118.05357646942	162047
119.03483939171	163328
120.01411056519	164736
120.76807641983	843096
120.98164534569	167552
