0.00002884865	158595
0.16938591003	199276
1.83872604370	284482
1.83994507790	198587
2.51146817207	298648
2.51242327690	333377
3.65151214600	309966
4.03466916084	177743
4.03494119644	199228
5.15586829185	126054
5.15843033791	198769
5.15855932236	200270
7.06488132477	357622
7.11365032196	252221
7.11373639107	199199
7.44207429886	255387
8.06120038033	183320
8.06691837311	376358
8.61477422714	114539
8.76045203209	145868
9.33792400360	108502
10.01941514015	130936
10.01950097084	198874
10.02694296837	175755
10.51340103149	198721
10.63057613373	254624
13.46078705788	1122906
19.80905318260	1222287
19.80922603607	199223
24.03411197662	1240064
24.03681111336	1842577
24.07034802437	1049256
30.27791500092	1093074
30.79190301895	226902
30.86571002007	1188021
31.25092697144	1156400
31.91282701492	1158696
33.33153605461	159109
33.70067620277	1061890
36.24686217308	1258526
36.81295824051	103837
37.60606718063	105600
39.03506922722	774927
40.73743700981	1229010
40.75319695473	905906
44.86623597145	1273210
45.62243008614	1635878
46.86025094986	199276
47.00163388252	1452674
47.60307502747	102431
48.49156689644	104192
51.65609002113	1704706
52.19484901428	152327
52.71990704536	1372306
53.39869809151	118305
53.87997412682	308352
54.32517910004	119680
54.81794095039	156288
55.25560402870	121088
55.75702905655	157696
56.20136308670	122496
57.15068817139	123904
58.11700201035	125312
59.08949017525	126720
60.07417917252	128128
60.58124709129	911175
60.80671620369	522253
61.68959903717	1389037
62.20939493179	940299
62.29653096199	689891
62.45030403137	142208
62.60909819603	143616
63.12700533867	221759
66.24162936211	842605
66.30644035339	922600
67.34888315201	866810
67.78754305840	709653
67.94103407860	167472
68.57203412056	783260
69.17668318748	614900
69.50793218613	571637
70.12316417694	201344
70.58680534363	257419
72.66444635391	844198
73.85105633736	510920
76.43663024902	199278
78.22686529160	707865
86.45376610756	1353554
87.75113606453	1472543
87.89611506462	1260771
89.00430607796	198736
101.31096220016	2401348
103.11190223694	2158290
104.18558025360	526715
107.55861139297	2251316
107.56126832962	199187
108.83728528023	206620
109.59995317459	105600
110.36520719528	107008
111.14320135117	108416
111.62581729889	1456840
111.62597346306	2037930
111.63038349152	1115710
115.66537141800	943557
117.00680541992	841575
121.91133427620	780717
