0.10150003433	148592
0.25697994232	225968
0.25720286369	198683
0.48549079895	299098
0.48998475075	198819
0.60320973396	390594
0.60376882553	447363
0.60448884964	206009
0.60493779182	402166
0.60613870621	198725
0.82359266281	622273
0.82487750053	964922
0.82585263252	756267
1.02580666542	1542271
1.02758073807	733166
1.02964162827	388572
1.34433460236	281581
1.68448257446	350168
1.87956953049	1167966
1.88007473946	198699
2.00153779984	344517
2.15214395523	321625
2.36731314659	301129
2.39092111588	304183
2.64485096931	327748
2.64532995224	198606
2.65040993690	318306
2.96018099785	303663
2.96682190895	310765
3.34234786034	524377
3.34281587601	198795
3.51206588745	618548
3.51219677925	702807
3.65630292892	688445
4.02686905861	686661
4.02710700035	198683
4.37125492096	734760
4.85584783554	960985
5.48760986328	1279108
6.03211069107	1527405
6.03264689445	198819
6.75750398636	1360980
6.97753190994	1500768
8.03704476357	1669954
8.23346877098	1325145
8.30063271523	1462515
8.83404088020	1381473
8.91754698753	1413401
9.19853401184	1361920
10.30606698990	198726
10.57888889313	1511880
11.06114387512	1297368
11.37210083008	1419156
11.67708587646	1326347
12.85263895988	395667
12.88415598869	1144465
13.67909884453	1357805
13.71003270149	1732471
13.95272874832	922429
13.95290660858	2349706
14.87091159821	1658176
15.11914563179	395471
15.92360854149	1427502
15.93508458138	2755706
15.93714666367	1599237
16.74405765533	1150785
17.58785462379	198585
17.78260755539	1372352
18.32575964928	1217275
18.33529663086	1249199
18.96719264984	198697
19.19867062569	1002257
19.46000170708	763363
19.71494174004	2177592
19.97988462448	730101
20.14140152931	198778
20.68340444565	879893
20.73434948921	655951
20.88346457481	912031
21.65476775169	1176763
22.79146265984	198754
22.90754270554	1217646
22.96824884415	1695252
23.57288265228	1228994
23.65701055527	198559
27.24699163437	927633
31.21916270256	960531
35.18681073189	633305
35.18716573715	198728
39.22264671326	941456
43.20103359222	935066
47.18697857857	678081
47.73886775970	881169
