1	173757
2	184716
3	407454
4	218615
5	201146
6	192464
7	158715
8	110153
9	245699
10	143048
11	128796
12	193953
13	119575
14	110322
15	194047
16	197431
17	346354
18	140154
19	140445
20	145060
21	225475
22	162043
23	102429
24	209438
25	215069
26	180069
27	306964
28	150362
29	198142
30	367345
31	352570
32	133348
33	107520
34	103857
35	182269
36	105462
37	125001
38	120734
39	102102
40	130959
41	486914
42	254725
43	133506
44	133279
45	284816
46	137753
47	479246
48	283677
49	228894
50	153311
51	207139
52	270620
53	193519
54	109647
55	211047
