1.00000000000	49475
2.00000000000	148592
3.00000000000	49475
4.00000000000	453459
5.00000000000	455538
6.00000000000	406193
7.00000000000	198993
8.00000000000	49474
9.00000000000	420241
10.00000000000	198777
11.00000000000	49474
12.00000000000	348285
13.00000000000	198936
14.00000000000	119607
15.00000000000	11276
16.00000000000	19506
17.00000000000	33591
18.00000000000	21920
19.00000000000	198702
20.00000000000	15661
21.00000000000	19704
22.00000000000	320461
23.00000000000	49473
24.00000000000	27808
25.00000000000	198609
26.00000000000	49474
27.00000000000	84109
28.00000000000	81245
29.00000000000	69216
30.00000000000	288185
31.00000000000	198793
32.00000000000	49475
33.00000000000	181806
34.00000000000	426665
35.00000000000	96971
36.00000000000	361982
37.00000000000	479677
38.00000000000	49474
39.00000000000	614025
40.00000000000	49474
41.00000000000	1527405
42.00000000000	14653
43.00000000000	495423
44.00000000000	1360979
45.00000000000	2765221
46.00000000000	1669952
47.00000000000	1381472
48.00000000000	1325144
49.00000000000	1413401
50.00000000000	1462515
51.00000000000	1361920
52.00000000000	395402
53.00000000000	1419159
54.00000000000	1511884
55.00000000000	1297367
56.00000000000	1732471
57.00000000000	198993
58.00000000000	1144465
59.00000000000	1326345
60.00000000000	13246
61.00000000000	1192245
62.00000000000	198777
63.00000000000	2515265
64.00000000000	17468
65.00000000000	1487553
66.00000000000	1599237
67.00000000000	13245
68.00000000000	198685
69.00000000000	1427505
70.00000000000	2424574
71.00000000000	2563139
72.00000000000	198817
73.00000000000	49475
74.00000000000	198675
75.00000000000	1317579
76.00000000000	1217276
77.00000000000	1249200
78.00000000000	58780
79.00000000000	198587
80.00000000000	13246
81.00000000000	2076934
82.00000000000	1719112
83.00000000000	884524
84.00000000000	395495
85.00000000000	655950
86.00000000000	13245
87.00000000000	879894
88.00000000000	1176761
89.00000000000	198751
90.00000000000	1695253
91.00000000000	1228991
92.00000000000	2116431
93.00000000000	862926
94.00000000000	198560
95.00000000000	947858
96.00000000000	1113616
97.00000000000	13244
98.00000000000	644569
99.00000000000	198730
100.00000000000	1831149
101.00000000000	687938
102.00000000000	690541
