1	934481
2	198618
3	1048246
4	131114
5	180226
6	289782
7	198618
8	451557
9	198390
10	495981
11	858061
12	178054
13	198949
14	414668
15	535806
16	426351
17	277806
18	199263
19	335370
20	991167
21	468720
22	1236321
23	198830
24	2066969
25	1109181
26	295321
27	198882
28	3559311
29	241643
30	198750
31	536542
32	5242811
33	720722
34	614720
35	363378
36	4140449
37	378077
38	156261
39	658738
40	162852
41	4227209
42	198296
43	3092681
44	1331619
45	343169
46	198963
47	1402093
48	5087877
49	376131
50	373551
51	199286
52	3358666
53	538909
54	2048011
55	198697
56	804387
57	389291
58	2733364
59	9253091
60	9245149
61	337018
62	407018
63	199011
64	1056217
65	5312419
66	4359860
67	8493032
68	7968038
69	3997836
70	7727893
71	193128
72	355762
73	5628751
74	178803
75	394732
76	130106
77	4506742
78	14568233
