0.03437089920	132762
0.37340211868	198705
0.81496524811	303668
1.23119330406	169206
1.23388814926	199311
2.17917919159	285637
2.18606925011	200202
2.22217726707	334587
3.17555427551	275932
3.75392627716	139600
3.75448322296	193896
3.76179909706	198959
3.97908806801	210181
4.53360390663	163763
4.53418374062	199224
4.59020185471	244816
6.21553087234	442537
6.21749687195	198869
6.21807980537	508458
6.77712273598	303334
6.77805471420	199207
7.36627674103	525284
8.03219985962	373484
9.07631278038	839754
9.71045589447	738032
11.00829267502	577603
11.00837659836	656048
13.94697046280	1385358
16.38640642166	1723365
16.38656830788	198583
16.38665413857	1685166
17.88145709038	1335280
20.31136012077	1315280
20.31222200394	198814
22.59332895279	1403349
26.79549479485	2126524
28.02227067947	1734851
31.94862556458	1722865
33.34651255608	1760492
33.34666848183	199362
33.93066644669	108059
37.95706748962	1899471
40.07121443748	2095943
42.76881337166	1584547
47.45701432228	2403401
48.57567739487	1903931
53.36655831337	1764297
54.20052719116	1968630
55.49922728539	254922
55.49931430817	198949
56.19840025902	1995705
57.16471815109	3025577
58.59529328346	1366567
58.60903120041	1008049
58.60917520523	199150
60.18306636810	198705
60.83717632294	117367
61.63488221169	1050022
61.84149718285	119660
62.42087507248	262734
62.86890125275	243584
63.06252408028	1313584
63.67823696136	257483
64.44240307808	249216
64.65688610077	259072
65.24066209793	787262
65.42533898354	126720
66.01898813248	268480
66.61354804039	522368
67.01759815216	268928
67.61386609077	263826
68.02804112434	270336
68.66262698174	264704
69.30825304985	164619
69.89645504951	263757
70.28227901459	585679
70.28498697281	199311
70.90559315681	274737
71.72347807884	269053
71.95917797089	275968
72.76177310944	136576
73.00012016296	277376
73.73861694336	1046636
73.75080513954	137984
74.08922600746	219317
74.91036915779	279744
75.34791517258	405410
76.19183707237	137984
76.55310201645	371364
76.94737601280	139392
77.21903491020	143637
77.81109189987	140800
78.09295511246	145024
78.41682600975	959235
79.50276517868	294272
80.39275002480	149248
81.27719402313	150656
81.59386014938	1047304
83.42262220383	464735
84.54877424240	615925
85.44451737404	1316473
85.45493936539	157696
86.16434216499	156125
86.54179525375	114931
86.62424826622	1049960
87.32333517075	156222
87.89070510864	355179
91.29024815559	1050272
92.70432829857	1169219
93.43576121330	168972
93.99700713158	919128
94.42067813873	170368
95.12176322937	277738
95.23303532600	1415153
95.79002428055	198930
95.82011127472	169249
96.67350435257	171776
97.67978835106	173184
98.13729143143	708853
98.66647839546	174592
99.07071542740	177888
99.51769256592	1541890
99.75751471519	180142
100.33764266968	199313
101.22073650360	881655
101.88616132736	182581
102.80532932281	184448
103.71527934074	185856
106.21434235573	2408236
107.21170234680	585045
107.88179731369	191144
108.83786940575	192896
109.37177443504	1065811
110.45954442024	1143296
111.44630241394	109824
111.49144029617	481573
111.68983840942	198495
111.80278158188	1094356
113.75079655647	198517
114.86020541191	1047720
114.86869740486	686750
117.76981043816	153099
123.88121843338	1228244
124.66788840294	1620664
127.12982535362	2188351
130.97629237175	1389042
133.31386542320	1363116
134.42523360252	2863307
