1	136351
2	198816
3	258203
4	402494
5	697932
6	198832
7	122138
8	220955
9	573797
10	198392
11	292900
12	383634
13	125971
14	198948
15	279089
16	283835
17	231932
18	166954
19	199263
20	106056
21	205683
22	155438
23	1665336
24	587337
25	1092884
26	198883
27	1163739
28	146112
29	198750
30	236355
31	1524869
32	198729
33	458145
34	394331
35	992079
36	2575907
37	156262
38	268293
39	162847
40	323204
41	395951
42	4293418
43	411720
44	754018
45	3350848
46	251570
47	373522
48	396267
49	1341790
50	1310691
51	513224
52	5682240
53	3082549
54	395726
55	270077
56	1372951
57	1867914
58	841771
59	198760
60	4871633
61	4502655
62	2322928
63	860916
64	5068240
65	3620763
66	5337885
67	195305
68	234822
69	396139
