0.00091695786	132764
0.00431394577	319615
0.15820884705	257411
0.30485796928	245419
0.33264207840	220197
0.33291411400	199363
0.35626101494	279385
0.35638689995	285009
0.54975080490	380591
0.83919596672	713261
0.83973979950	198512
1.41514158249	874616
1.74957656860	1048594
1.74988055229	198947
3.10686945915	1990012
3.10989856720	1240875
3.54934763908	477458
4.57276964188	1761593
5.38389778137	2116193
5.38434171677	376486
5.82276558876	1541030
7.76903247833	2350871
7.94257545471	2890370
7.94265556335	198869
8.62935757637	1012545
9.44785857201	936959
9.46020960808	1719811
10.60208749771	1569881
10.65638542175	1390365
10.65658640862	199207
11.60605144501	1162932
11.81695342064	1268618
13.59971547127	2499312
14.56600236893	3271322
14.56648945808	198583
16.33670353889	3163556
16.59053373337	2361231
18.43996477127	2541980
18.44050574303	198815
18.74709486961	2646012
20.91275691986	2444938
20.94179987907	2973753
22.83863306046	2379031
22.91145515442	2508241
24.57259607315	2677142
25.17547202110	199363
26.03379702568	2923314
27.24095988274	3367966
28.51543688774	2557343
28.65641689301	198512
29.68643403053	2467975
29.98345303535	2206467
31.22369599342	3054782
31.60804414749	2165302
31.68412423134	1861294
32.45429921150	1356482
32.84606933594	2148461
33.46791529655	1453707
35.10274934769	2022927
35.12360143661	200356
35.61984848976	1799970
36.16958355904	2779590
37.02825164795	395877
37.58104562759	1210478
38.65291666985	5080427
39.46847653389	3087457
41.10859441757	2053945
42.63992738724	199309
42.66051435471	2396931
42.91917324066	4350753
43.23904418945	1951855
44.78617501259	1618283
45.71446800232	198691
46.08981704712	2088581
46.32743406296	3128214
47.27527499199	1783692
47.97593784332	198930
48.82078766823	2101917
49.05579757690	2051643
49.78913664818	2321230
50.81860566139	1538921
51.66145467758	1451495
52.24410963058	199314
52.80167746544	3313599
53.09181356430	1491026
53.17117762566	1215563
54.02102065086	198494
54.09128952026	198815
54.63095641136	1137547
55.67439341545	3017210
57.31014633179	2596507
57.91187644005	2188350
58.84687638283	198518
59.10233521461	1228244
59.72235417366	1620663
60.01663613319	3762983
60.97614717484	2267239
61.60248327255	199257
65.04208230972	2224301
