1	1048247
2	199242
3	180229
4	119453
5	258202
6	198706
7	732687
8	136352
9	199119
10	858060
11	198390
12	495981
13	451557
14	178083
15	198948
16	414666
17	535803
18	205682
19	166954
20	199264
21	231931
22	991167
23	468720
24	1236322
25	198832
26	2066966
27	1109181
28	295320
29	3776385
30	371718
31	236353
32	1524868
33	458144
34	394335
35	363377
36	2575910
37	387935
38	156261
39	268294
40	162852
41	2578052
42	198296
43	1737061
44	725905
45	754019
46	373521
47	3328319
48	251570
49	390639
50	1341790
51	1310691
52	198694
53	513223
54	5679395
55	3082576
56	337019
57	270074
58	199012
59	1372950
60	198760
61	860915
62	6406691
63	2322901
64	841772
65	198844
66	9546444
67	234794
68	3620738
69	199274
70	111944
71	5192410
