0.07313704491	132763
0.35753822327	198512
0.36968731880	337866
0.57260417938	181683
0.57723021507	198949
0.57847619057	262508
0.93347406387	275447
0.93376708031	223110
1.06247520447	331218
1.18091320992	371200
1.18124222755	199152
1.80680036545	543036
1.96137332916	599077
2.90204238892	1006872
2.90230631828	198705
4.78449440002	1990041
4.78470826149	198958
4.78766536713	1240875
5.39323830605	477459
5.39626741409	199224
7.89507436752	2890371
7.91416049004	1541030
9.41830849648	1012544
9.41837739944	198868
10.01260328293	2350900
10.97946810722	936957
11.77568101883	1719814
12.45330500603	1569883
13.60258793831	1390366
13.61398482323	1162931
15.19184374809	1268616
16.18705773354	2499341
19.28611564636	3271354
19.28639769554	395804
19.34440755844	3163526
22.06601476669	2541978
22.06627178192	198813
24.73614072800	2646013
25.85092782974	5316134
27.22364497185	2444938
28.68830299377	2379005
29.84826898575	2508242
29.84879899025	199362
31.98460698128	2677141
32.94857001305	2923314
34.09815502167	2206466
36.41022920609	3367965
37.57440304756	198512
38.59190511703	2468002
39.44126224518	3054783
42.11797118187	2557343
42.15363430977	2688735
43.17952227592	198949
43.88834643364	1861293
44.13305139542	1356481
44.25456333160	2148434
44.91054344177	199152
46.12072753906	3792784
46.16454863548	3611393
48.53150749207	2393675
49.68786454201	198705
49.75889348984	1210477
50.21451354027	2779560
51.96431350708	3087456
54.25196242332	2053944
54.77538132668	199312
55.97682833672	2396931
56.02581739426	1951855
57.43517446518	4343713
57.96218848228	2088610
59.52154135704	1761594
59.64022350311	198692
60.05606842041	1392556
60.06561636925	1783693
62.52810120583	2051643
62.84443020821	198931
63.70689916611	3128214
64.46127104759	3718216
65.22788810730	2321202
67.29459524155	1451499
67.66453933716	1538921
68.90552949905	199313
69.18261551857	3313597
69.91564059258	1215564
70.07941842079	1491026
70.52328538895	198495
71.47931337357	1137547
73.88723325729	2596506
74.99794626236	3762984
75.67158937454	198516
76.50013542175	1228243
76.75271558762	4595034
77.14244461060	2188323
79.36697578430	1389045
79.37789177895	2267241
79.42183279991	199256
81.75164771080	1363116
82.53754973412	2224271
82.57706165314	2973398
