0.37519979477	198741
1.17848277092	198728
4.76348376274	1514967
4.76358366013	1696946
4.76365184784	113240
4.76437187195	650871
5.58099079132	383331
5.84635162354	198894
6.78288674355	439078
6.78397464752	198924
6.78407359123	306720
9.11852765083	198602
10.31559967995	2477295
14.16103386879	198748
14.16124176979	198681
19.56746459007	6720057
23.83832454681	3322267
23.83843755722	198663
28.03612542152	3087060
28.03661751747	198702
33.58356738091	3058392
41.70836925507	6306160
41.70847439766	1266157
48.19603228569	4864653
48.19614744186	198702
50.88267135620	1898156
50.88303041458	198681
54.89014720917	2552746
54.89024329185	596613
54.89325928688	198728
54.89388036728	198728
58.48624229431	806805
59.57279515266	5538285
59.72507905960	320272
60.47105002403	344822
60.57237505913	198938
61.10800814629	590344
61.10818505287	121525
61.71508812904	198600
62.39759731293	245841
62.49291443825	612284
62.53766226768	251233
63.64223027229	248110
63.71043610573	1058236
63.83532214165	784385
63.94375014305	189927
64.21409010887	198770
64.69504904747	470154
66.79228496552	571541
67.50797796249	1726015
67.61510682106	198577
67.69672799110	495395
68.93149685860	241745
69.90197992325	967831
69.90749001503	198745
70.92715001106	235465
71.45735001564	614149
72.69301891327	1136188
72.86780595779	198772
74.76157498360	804830
75.31308698654	199095
76.42444992065	400589
78.58269786835	728931
78.66154384613	1919667
79.39002895355	229100
