0.00143289566	113239
0.30621671677	198749
0.38098478317	968414
0.38209080696	817019
0.38252067566	198661
0.93543267250	728525
0.93657660484	198739
1.86432170868	641331
1.86648368835	198727
2.04538369179	198895
2.43935680389	761078
2.43985080719	198922
5.17268180847	4719444
5.17532086372	198603
5.17545294762	513561
8.20891690254	3219784
9.68238282204	2654194
9.68250584602	2046977
12.04652190208	4067841
13.89120674133	3322294
15.70464277267	3087088
15.70800590515	200069
15.70834374428	198749
18.10173368454	3045721
21.60959362984	6306188
21.60970950127	1266155
24.41914248466	4864655
25.86357760429	1898156
25.86793041229	348938
26.18000936508	596614
26.18043947220	198727
28.72534036636	3233519
30.52315616608	2312410
30.52326536179	198730
30.98460435867	2552774
31.21195316315	806806
31.60948514938	320272
31.60976600647	413325
31.78367090225	198941
32.09391498566	344821
32.09466004372	295726
32.36434793472	612285
32.51962590218	251230
32.58533191681	245839
32.83978676796	248111
32.88692879677	198599
33.26200461388	470152
33.80887866020	189925
33.90091872215	784383
34.73465967178	198770
34.79676556587	1726016
35.01760935783	198577
35.03274321556	571542
35.56062531471	241745
35.88282322884	967829
36.10671615601	198747
36.28499817848	495393
36.69530320168	614148
37.22826719284	1136189
37.23813128471	235461
37.46992611885	198773
39.02569413185	1358517
39.27264809608	199095
41.28862190247	1919666
43.83759379387	735969
44.74568772316	257258
45.73469972610	370435
46.72427463531	192724
