0.00006008148	155830
0.71198821068	199037
2.39185214043	368902
2.39251518250	198402
2.39261102676	239882
3.25235605240	185176
3.26214313507	164680
3.32659912109	269139
5.03941798210	1915893
5.03975915909	198957
8.36431026459	1146485
9.05714130402	180525
9.79083323479	245885
9.79093313217	230245
10.41056919098	382023
11.96420431137	338623
15.08995723724	1602720
17.40040636063	966508
17.40085124969	198526
20.95084714890	1297216
22.03044223785	258066
26.15212917328	1417124
29.71230006218	1491574
29.71267414093	198650
29.71500515938	933097
30.28430628777	1188215
30.28697228432	610299
33.13740634918	1103961
33.13999938965	395406
33.14057445526	528999
34.00432062149	198706
34.30155158043	1048504
34.30220341682	816677
34.86516141891	129660
36.21373438835	190319
38.46571636200	1704325
39.42177534103	344960
39.56326627731	702292
40.44620633125	244552
41.79510331154	222340
41.98884916306	412544
42.03574419022	670578
42.50719118118	203099
42.84820103645	830308
43.64617991447	215470
43.70184803009	327637
44.17427110672	572107
44.96915411949	161920
45.71900916100	715943
46.45498824120	712568
47.28458619118	184448
48.15959000587	190080
52.22467207909	2630556
53.18449521065	515328
53.32798719406	343552
54.11248421669	444417
55.24279427528	147840
55.72503924370	863502
56.87898921967	161920
56.95324635506	670208
57.64342236519	1070413
58.18588829041	474202
58.48331141472	1107533
58.87208247185	108968
59.12812447548	254972
59.42196869850	596481
59.64340281487	129661
60.00918078423	156414
60.56182670593	130944
60.93464279175	157696
61.31427979469	219960
61.55738186836	133886
61.81045079231	135168
62.50525593758	101376
62.75038576126	136576
63.46491479874	102784
64.43873882294	104192
65.00698280334	265830
65.06939864159	848250
65.40209865570	166267
65.84923481941	106654
66.74665379524	149650
66.79226994514	108416
67.35366797447	169087
67.79932093620	109824
68.36809277534	171776
68.82247781754	111232
69.39746785164	173184
69.85298776627	112640
70.43230581284	174592
70.89523291588	114048
71.48258781433	176000
72.48106098175	1147259
72.48699998856	177408
73.19913005829	152189
74.22950100899	339081
74.23480391502	153472
74.31148290634	155006
74.47271680832	156414
74.63652586937	157696
75.40030884743	1262948
76.06682777405	159231
76.27157473564	160512
76.47666168213	161920
76.68254065514	163328
76.88914370537	164736
77.10072374344	166144
77.31497979164	167932
77.38597679138	1594690
77.98480272293	199132
78.64190173149	340861
79.07686090469	201344
79.77368497849	173788
80.41482377052	332591
81.04656481743	353408
81.77192282677	292758
82.50922179222	1962178
82.57078790665	873529
82.57728290558	195712
83.27467393875	1220925
83.77321290970	565212
84.47418189049	118397
85.22702193260	297985
85.76814889908	193503
86.25612688065	240768
86.57731699944	438687
86.58863687515	105245
87.35118484497	122619
87.85691976547	591360
88.37683582306	123904
89.40423083305	125312
90.44816970825	126720
90.94371271133	424441
91.36190176010	580315
91.66090965271	112285
91.94527482986	203356
91.95752072334	205568
92.59026360512	158263
94.50947260857	415077
95.63882160187	1041364
95.90794253349	208868
96.23933458328	139517
96.60806870461	140800
96.98816680908	142208
97.47333669662	1050892
97.79321169853	143616
98.30133986473	207066
98.39955568314	145148
98.50704574585	146432
98.62023067474	147840
99.00637269020	1044440
100.37574267387	270126
101.03039956093	152191
102.04749870300	153472
103.07271265984	154880
103.68052768707	982494
104.78545165062	313984
105.83606266975	159104
