0.00024604797	155830
0.24428105354	198650
0.43836903572	424938
0.47192907333	198757
0.74838399887	278607
0.74910807610	198630
0.75321698189	161594
0.78754210472	197031
0.87186813354	269826
0.87237620354	198707
1.05308938026	939209
1.05352520943	199039
1.99964714050	702291
2.10421013832	198403
5.84304809570	7787451
5.84322500229	198957
8.12950420380	3931582
8.30831527710	284226
8.72881531715	649866
8.72891330719	363189
9.25121641159	753803
9.25132536888	198642
10.90451431274	2763712
11.77912044525	1605538
11.77963638306	198522
13.08943533897	2182563
13.09426927567	198928
15.54886531830	2690634
16.90148234367	2428270
16.90184330940	1564343
16.90468931198	198650
16.90799736977	973743
16.90810847282	198757
18.11912655830	3920364
18.11950850487	198630
19.55561852455	2662017
19.55614352226	2749933
21.99804854393	2492071
22.67662763596	3345932
22.67702054977	199039
23.13181352615	198403
23.80231046677	342035
24.05324459076	1083567
25.78674364090	1025591
25.92270565033	2345283
26.69933247566	470598
26.79807662964	405093
27.19534254074	2469518
27.61864852905	198877
28.66044044495	715947
29.00335955620	1315656
30.42275047302	712567
30.74842453003	1533111
31.58543443680	444417
32.80880832672	863502
32.92119932175	3610266
33.34135150909	408037
34.12760663033	664358
34.18034672737	517103
34.50067472458	198726
34.80415868759	2630554
34.89304351807	474202
35.28506064415	596479
35.33138346672	281829
35.67670941353	406869
35.73264241219	354117
36.72764325142	671459
36.82409429550	589708
37.25530529022	1162360
37.37851738930	315920
38.27391457558	1147261
38.89926266670	323642
38.98840475082	1001895
39.59452867508	198755
40.30280566216	365096
41.23983955383	2304995
41.42815256119	1920869
42.14135575294	420642
43.06715583801	1594689
43.17670989037	733066
43.22638297081	1164841
44.48246884346	819956
44.89351677895	873528
44.89613389969	1129855
45.25857186317	198799
46.77521085739	963736
46.77895689011	1424424
47.60628986359	1552528
48.13020372391	706176
48.53355169296	198529
49.57397651672	2049735
50.92913150787	1316363
51.07551956177	908830
51.19329953194	199012
