1	796545
2	198667
3	320174
4	198626
5	126345
6	242801
7	261569
8	198850
9	648344
10	145768
11	190294
12	253995
13	198459
14	855057
15	375159
16	360702
17	225296
18	198911
19	289792
20	973871
21	900096
22	243388
23	286562
24	198472
25	293711
26	626371
27	207252
28	211680
29	165202
30	148494
31	131151
32	308772
33	182219
34	847459
35	141043
36	1147697
37	270071
38	175677
39	479521
40	676353
41	217613
42	293319
43	165676
44	107588
45	913463
46	307451
47	2117627
48	2415429
49	1611963
50	198748
51	951198
52	1876053
53	198505
54	754285
55	1733829
56	807398
57	198602
58	1540495
59	1696543
60	1199374
61	560298
62	885457
63	1563590
64	198829
65	434836
66	3564398
67	779078
68	198635
69	894554
70	653234
71	1684186
72	878685
73	2214978
74	730099
75	905257
76	1380141
77	671823
78	198787
79	9612420
80	3749245
81	853888
82	5297648
83	198121
84	199262
85	969529
86	3544893
87	912537
88	376883
89	1337488
90	1069795
91	609568
92	198876
93	243171
94	1015744
95	1730078
