0.69869613647	389107
0.69909811020	334117
0.72988128662	255775
0.73070120811	199451
0.85547232628	284274
0.85559630394	198591
0.87104535103	173674
0.87285137177	198679
1.38949036598	267833
1.48148632050	807433
1.50289344788	392955
1.50369834900	198497
2.16075825691	199084
2.48028230667	475426
2.48352837563	198971
2.48369622231	271280
4.42004227638	2055410
4.42332339287	198844
5.80981636047	634199
9.84943532944	2749733
10.37935924530	3267628
16.95320725441	4890392
16.95333409309	3249723
16.95687007904	199322
22.09417200089	2633007
22.89640212059	3945590
24.63910412788	1408843
24.63922715187	198672
26.99344921112	2509896
30.54237604141	3327501
30.54260301590	2087812
30.54500222206	198861
33.36926722527	1919850
33.37238407135	199240
34.93551111221	2000607
34.93834519386	1740094
34.94008708000	198420
38.23396921158	1813537
38.23443412781	835250
38.27673721313	4580801
42.47440528870	4154279
42.47452616692	672389
42.47660827637	199011
45.80823826790	1646324
45.80844640732	199225
47.04097652435	2956635
47.04408454895	198591
48.01859259605	964041
48.97705149651	1006405
54.81870245934	2761751
55.53767251968	199451
55.72524952888	3558119
55.72537040710	2464629
56.43185043335	198679
56.56111836433	2831294
56.56844329834	1265076
58.25050425529	647403
58.48291110992	982633
59.08849000931	2590687
60.77249002457	989749
62.13450789452	913962
62.34843802452	667394
63.03105688095	198497
65.71602988243	3539945
71.21221685410	3813332
71.94794678688	2893076
73.43437385559	919128
75.06246876717	3815156
75.79507493973	919128
77.82989478111	2761509
79.80905079842	1838256
80.19882774353	1050407
80.42346787453	176755
80.58048176765	2196756
80.97606968880	199311
82.01214075089	923253
83.08167672157	1050306
83.99165272713	919128
84.13587379456	1049893
85.99418568611	923253
86.25716471672	631039
87.64734077454	1842381
88.93192982674	341689
92.34104275703	3574667
92.34118580818	198956
92.72081875801	198845
95.35550570488	1048208
96.45766282082	1969874
99.25108766556	1890367
101.59111475945	6509539
101.59124279022	380326
102.24674177170	199108
103.06545996666	2260794
103.96046113968	1048840
104.12458014488	782843
105.16163110733	540066
108.66347813606	1974066
109.08761620522	1302315
109.65353012085	2886560
109.86604428291	119082
110.43958520889	278434
110.72847533226	923253
111.35211825371	357506
111.78677821159	923253
111.86815023422	561792
112.41159415245	332162
112.75796627998	209502
112.92864036560	561622
113.30734014511	316360
113.71675705910	222869
113.91181111336	198622
114.46133828163	336335
115.95858812332	1048492
