0.16922211647	527976
0.65099215508	198822
0.65144801140	241737
0.65376305580	199170
0.65799808502	199387
1.29872703552	208903
1.98396205902	306677
3.03316593170	788286
3.03858494759	390567
4.22760391235	616544
4.22819399834	199298
6.50272512436	1573946
6.50553011894	275978
7.40181207657	2098017
7.40232896805	198456
7.40507197380	303773
7.40752100945	1372716
8.62637495995	1185033
11.34659314156	410392
11.34714293480	379331
11.65140390396	1931925
13.64635276794	1369188
16.08129978180	1654253
18.30834388733	725437
19.15285396576	1309549
30.42062306404	3478815
30.42093610764	193054
30.42542505264	5309395
33.89848613739	1508205
38.87063717842	2679291
38.87087702751	394742
38.87360310555	2190563
45.24116396904	2076046
45.24138307571	198822
45.58992028236	177558
45.94665932655	4511150
45.95195531845	198720
47.69402337074	2304854
52.91196441650	2301594
53.83004951477	248449
54.13704442978	1035602
59.91039443016	7986093
60.22622537613	3043874
60.44554328918	419539
60.86950635910	1048874
64.73410534859	2080201
65.30877542496	2757384
66.38457131386	2728327
66.42163324356	344662
66.57328605652	776113
67.30528712273	156693
71.02816510201	1644454
75.38823699951	4726741
77.62360811234	764168
77.67503905296	1640509
77.74702000618	1901777
78.81665205956	355422
79.06843304634	220701
79.28343701363	1047539
80.06380820274	207057
80.44763016701	1022625
82.60305929184	155016
83.10821723938	1996086
83.32250928879	2077931
84.09496140480	723075
85.36114645004	1946991
86.21567130089	668236
90.34545230865	386123
91.66071820259	1748721
91.83426308632	2195034
92.43848204613	198648
