0.06629204750	177556
0.13639116287	199298
0.29434108734	333618
0.43386507034	323411
0.50658106804	205653
0.50746893883	198456
0.50786280632	198913
0.79476761818	376907
0.79603171349	255934
0.90659379959	209266
1.54893064499	1001151
1.55032086372	1009569
1.55056667328	199293
1.93115377426	410391
2.00868272781	198684
2.77730274200	1631420
2.88598275185	291166
2.88672876358	322424
3.84641766548	2110579
4.81948375702	2353972
4.82223176956	198801
6.03315663338	1967384
6.03330063820	451527
7.49724674225	3318561
7.50000667572	198456
8.85184550285	2694603
9.40200042725	1293805
9.40223956108	567765
9.40667843819	817192
10.33212423325	1172361
10.33225035667	198913
10.73351240158	386912
10.74132537842	1372717
10.74566459656	199293
11.30446362495	410391
12.17078256607	1001151
12.62897348404	1931925
12.63157343864	198684
13.69101262093	725435
13.77983880043	2080200
14.35276889801	1654254
15.21618485451	1309549
16.89814281464	3478815
16.89827084541	198742
19.20650696754	2679293
19.76800084114	5309425
20.45747590065	1508205
21.90914893150	2190564
23.63245511055	4511181
23.63278913498	198822
24.44156312943	188123
24.44471812248	199167
27.08855819702	2301627
27.20138716698	4743898
27.27873921394	4026658
27.82218909264	1035605
27.85865712166	335364
30.01784920692	3043903
30.01828622818	198440
30.39821815491	419538
30.78645515442	3242283
30.78917312622	198609
31.39491391182	478275
32.55578780174	776111
33.89244580269	3829995
34.09352684021	520488
34.70197987556	2274591
34.80697584152	1644457
35.22333383560	198607
35.45914697647	130397
35.83600711823	2068496
37.49565529823	1551518
37.88605237007	2070135
38.21171426773	510437
38.49551725388	198825
40.21911430359	2298633
41.30170822144	1072351
