0.94367909431	175693
1.57370305061	249398
1.57701110840	193725
1.57829809189	432519
2.25927615166	147374
2.26582098007	237671
3.23459577560	378251
5.93146061897	616542
8.62125372887	912545
8.62416768074	275979
8.62427258492	700246
12.02708458900	620189
12.02926778793	710428
13.45340991020	209266
16.35261607170	1009566
17.97142004967	315782
18.53762722015	528350
20.24911308289	938573
23.03196001053	934062
23.03434085846	681847
29.03345274925	5043957
29.03590369225	2889839
33.96244454384	1041151
34.39826250076	177863
34.70849347115	1290747
37.86223554611	2323284
40.96641254425	186610
42.18514466286	426617
43.46172070503	1504474
47.92352676392	4708382
49.00767993927	1135820
49.71351480484	839221
50.24714493752	192094
51.70818305016	392030
52.61073303223	1530193
53.21229004860	642085
53.58031892776	218240
53.96193289757	111232
54.31189393997	112640
54.31507897377	672259
54.66494679451	2296840
54.83918285370	1050084
54.86931705475	1620198
67.05187606812	1355242
67.05542016029	1018409
68.11859416962	130399
69.38870620728	4726743
70.20849132538	176000
72.97653126717	536448
73.63303923607	1682012
74.61087012291	133760
74.79239797592	135168
77.40424394608	510438
78.01624894142	185055
78.54680514336	1278487
79.04492115974	187264
79.64668297768	149248
79.68773007393	1840986
80.03357601166	188672
80.53079390526	143221
81.08102297783	190080
82.01369094849	326271
82.61050200462	155007
83.32128000259	156288
83.99455690384	157696
84.63005685806	159104
85.25721764565	160512
85.88913273811	161920
86.26717281342	1661864
86.42992782593	203355
86.83866286278	328858
87.00651383400	205568
87.42007875443	167552
87.83223176003	314149
88.07608270645	1945784
88.48091077805	1075166
89.18130779266	732076
89.39222288132	1048509
89.65541577339	700213
90.55367588997	571648
91.41670489311	101376
92.29022097588	102784
93.06636404991	104192
93.09593105316	570920
94.09164619446	105600
94.99131917953	107008
95.90083122253	108416
