0.00784683228	185639
1.30055475235	198679
1.31049585342	391536
2.12003087997	198871
2.12331199646	295805
2.77298903465	198755
2.86690592766	789446
3.62070608139	198697
3.90009307861	146441
3.94242405891	111815
4.09857010841	221891
4.40736103058	198865
4.40930008888	117852
5.32551217079	305297
5.61362600327	198582
6.13473486900	529774
8.39847469330	708673
8.39894390106	198833
8.98055005074	1000319
9.75382995605	172611
11.60740399361	1179162
11.60767078400	372801
18.15946793556	10188059
18.15961194038	198679
21.24123573303	1832024
24.35906052589	2054752
24.35918760300	198871
28.41296458244	2468493
31.80182456970	2221506
31.80465149879	574057
32.66943550110	197347
33.03567051888	1607946
33.54088449478	218408
34.92366051674	1911735
35.73333334923	111277
43.84691047668	5050094
43.85259962082	4062217
44.18163061142	198917
46.78833651543	1777373
46.78847050667	198770
47.32679247856	217172
47.37426066399	1356694
48.09027576447	3076619
49.62343382835	165643
58.51401472092	3578606
58.51424574852	198757
58.91147470474	1992121
58.98229360580	815370
59.45559167862	2565825
59.63337373734	775426
59.63562679291	523215
60.52694582939	348779
61.12514185905	521795
63.06755375862	420148
64.24335575104	478022
64.29218173027	1314727
65.89571690559	530924
66.64201092720	428077
67.00915503502	412481
67.00929093361	384342
67.55865597725	668248
