0.01817584038	401177
0.05512285233	416081
0.74382591248	391536
1.25693607330	198874
2.02946114540	198754
2.45631814003	1038658
2.45901608467	198678
2.47719502449	243604
2.61917805672	221892
3.41490101814	198867
3.41505002975	305295
3.41544103622	117852
4.97571587563	198583
5.00140595436	643605
5.48356103897	529772
6.37369203568	198835
6.65916109085	708672
7.22633123398	172611
7.73038029671	198491
9.31104826927	1179163
13.90544319153	6090181
13.90557622910	198817
16.49102520943	5932745
19.14100742340	2054752
19.14113640785	195863
22.56747436523	2468493
22.56951928139	574057
22.56965947151	387198
22.57001638412	198696
30.38145732880	1607947
30.91420316696	7248527
30.91442227364	198814
33.87910032272	1622104
38.09334731102	1068907
40.61023640633	1911734
40.67183732986	361826
41.42890644073	3174529
42.79037451744	1356695
44.10503554344	1400373
45.24442458153	198918
45.51986360550	721756
45.55126166344	1742069
45.56606268883	1050563
49.20293664932	940248
50.05772876740	255077
50.67376375198	1967309
50.87707662582	1710376
51.83616065979	1672099
51.97132968903	911229
52.02955675125	775425
52.09342765808	276981
52.34008049965	564483
53.30110263824	319738
53.72060060501	536043
54.33178949356	429715
54.56553149223	521792
55.27396559715	223518
55.96053457260	114048
56.01320576668	805720
56.99388074875	242302
57.29983973503	530924
58.18212080002	170368
58.34272885323	412481
59.23642182350	176000
59.63921189308	582425
59.85486388206	198463
59.85497593880	977161
60.44699501991	126845
60.80787682533	1048706
61.76832103729	257664
61.94932603836	919128
62.30941700935	232946
62.55168485641	196064
