0.00358986855	198835
0.00396680832	275569
0.13432574272	2634027
0.13484168053	414511
0.13623356819	198676
0.18855762482	107939
0.19105172157	198919
0.36385464668	466044
0.44949150085	198864
0.59482645988	188933
0.59805440903	427130
1.04907846451	440666
1.04946637154	198582
1.15662431717	737404
1.94363641739	888399
1.95935034752	1000318
1.95958542824	198835
2.50949144363	574059
2.63029527664	172609
2.63052439690	198493
3.19197440147	1179163
5.73668146133	6090213
5.73678851128	198819
7.52439165115	4118163
7.52452063560	198676
8.34267473221	1832022
8.34562063217	708672
8.34616780281	198874
9.47270464897	2054752
10.68036055565	2221504
10.68048453331	198754
11.66981458664	1607946
12.55428957939	2468520
14.72939658165	5050125
14.72965145111	368776
15.30018353462	1911735
15.73674631119	1622133
15.78449225426	198497
16.92601418495	1777374
18.05411028862	1742070
18.05423712730	198771
18.46520328522	2466034
18.92869830132	1356696
18.93376016617	198870
19.41748619080	721756
19.48092627525	1400372
19.49165534973	198600
20.40506529808	3679494
21.06576919556	198757
21.34015202522	2878542
24.04112792015	523216
25.03152203560	809914
