1	198784
2	336752
3	505292
4	478809
5	198733
6	198697
7	605253
8	417093
9	198757
10	260882
11	360166
12	198671
13	143640
14	1085143
15	198686
16	773649
17	269074
18	382978
19	1262688
20	857590
21	1299935
22	198668
23	1632112
24	681918
25	198907
26	236017
27	198442
28	3839799
29	2594154
30	635791
31	155123
32	1141997
33	198870
34	173790
35	2068295
36	2920309
37	198565
38	3244994
39	155938
40	3440131
41	198837
42	2713150
43	770199
44	198742
45	1298677
46	198817
47	236311
48	3487572
49	1811438
50	1317505
51	1385518
52	2824897
53	371324
54	166718
55	198582
