0.05867218971	198815
0.54278421402	688289
0.54319524765	527871
0.54910326004	198762
0.55870223045	122405
0.87807703018	557970
0.91705799103	1015497
0.91715002060	198682
2.17657899857	2153441
2.17867302895	198684
2.18211603165	615705
2.77090096474	647294
3.03240013123	228930
3.48449897766	1219124
3.48556613922	115102
3.89648008347	198873
4.13994216919	983698
4.14059519768	623756
4.56285715103	833854
5.29811215401	1777044
5.29903221130	198656
6.60114121437	2977986
6.60407233238	345636
7.60434532166	1904515
7.78901648521	350157
7.78921651840	381154
8.05002546310	534622
9.07781338692	1825806
9.07791256905	198781
12.31036162376	5514092
12.31517958641	3121096
14.89718461037	4456119
14.89730954170	198815
19.17497658730	6804259
20.04666757584	5874711
20.04680347443	198762
20.22125053406	1682147
25.68606734276	8097934
26.56033134460	1255575
29.05291533470	8293904
30.11006927490	5188436
30.16996836662	200088
31.12356543541	1762897
31.40651059151	1393776
33.90345764160	382744
35.01208853722	2630791
37.51928949356	6068667
37.52266359329	3975865
38.79610872269	198786
38.97595977783	6976174
40.04409790039	3132263
41.42666387558	2362751
42.13997578621	952339
44.27897262573	9831975
44.31749057770	198673
45.35342669487	4405730
45.47511553764	2832164
46.01946234703	3089726
46.68767046928	2126456
48.82955455780	198833
49.89152956009	2147399
51.33420252800	6250258
51.68263244629	325301
53.10140633583	1788803
53.28178930283	596840
54.02338719368	915070
54.10710024834	6565310
54.99272918701	1243465
55.29137921333	2219085
55.29209733009	1574540
55.62961220741	198787
55.97216725349	867576
56.26873326302	2105984
56.30388331413	1182293
56.99393844604	1020693
57.00175642967	877857
58.06191539764	1307513
60.44150733948	3086103
60.46267938614	3320145
60.46740031242	198589
61.33422040939	727314
61.95851039886	2225878
62.07463145256	2411034
63.04038333893	620579
63.36012840271	2768168
63.43418431282	3816893
63.64723420143	310731
