0.19662904739	107900
0.57199311256	254799
0.79002213478	104222
1.17977213860	198789
1.25401306152	178201
1.68235802650	198672
2.07443308830	250795
2.07473611832	198710
2.12857604027	205745
2.52831602097	690083
3.02632212639	267502
3.61891317368	325670
3.63359522820	653133
4.09942722321	812661
4.11868810654	536087
4.74437308311	231542
5.27569699287	361503
5.27834820747	243591
5.95854830742	889295
5.97424840927	550986
5.97715735435	587343
6.63099837303	108990
7.32989549637	1050452
7.33271455765	180227
8.66134357452	1188603
8.77419352531	155933
8.85333848000	1387384
9.61659955978	843646
9.63254141808	120734
15.37766027451	1811205
15.38063645363	2316939
20.12646436691	650346
21.65002226830	3703169
23.87156438828	1109189
23.87173724174	119261
28.43292617798	2153442
29.79522418976	647295
39.96956825256	3779986
39.96966528893	198684
39.97276425362	4354540
43.01292204857	814024
43.01301813126	198710
46.29879403114	913833
47.53781294823	2628695
50.72580385208	996990
51.86465072632	171776
52.28921389580	1048121
52.67250990868	173184
52.72533679008	226115
53.23796772957	174592
53.86628270149	188931
54.86409974098	1297860
54.92600059509	2434106
55.37158465385	919128
55.54048871994	919128
56.09635567665	451672
56.70621371269	3560261
57.73697257042	379088
58.77423262596	351198
59.18310379982	219793
62.27603793144	139124
66.90110301971	1004282
69.52156901360	1790874
69.52647709846	1522157
73.11472415924	1391311
78.97686314583	1216670
95.98155808449	1857302
95.98588013649	1615600
96.62659811974	163820
97.49308204651	342534
97.59547400475	339721
98.22904992104	294744
99.98786592484	782579
100.11709189415	315715
100.33720088005	973562
101.11357498169	156288
101.44164919853	741858
102.23479413986	164736
102.39270210266	9523748
102.70585989952	673556
102.88857889175	331287
105.58936977386	590516
105.88846564293	1699086
107.28190374374	1567661
110.09337472916	804074
112.93780875206	430850
115.17112874985	2680658
115.19431686401	1716013
117.87890172005	904657
119.03882789612	438688
119.10692000389	1392058
121.18737292290	278429
121.60180401802	194366
121.81596398354	834227
123.11758899689	1677558
123.30851888657	769325
