0.10624599457	198786
0.37374591827	104221
0.37418580055	194445
0.37822198868	198674
0.41995096207	148509
0.42095112801	124043
0.42602610588	198834
0.42682290077	144636
0.42711877823	198789
0.71905469894	198964
1.89345169067	971764
1.89382863045	198873
2.72782254219	983727
2.72831845284	421749
3.09897661209	420952
3.74201965332	583932
4.57335853577	1002380
4.57457470894	198656
6.14200687408	1681396
6.14234209061	198619
7.44501113892	1156107
7.44516801834	255504
7.44526100159	198595
8.54750585556	198780
10.08102083206	634312
10.08128666878	1840277
10.08989071846	808824
16.44936156273	5514064
16.44974446297	198814
17.65649747849	1827670
17.65711760521	200171
17.65947246552	2575988
20.06600165367	11452537
20.06648445129	1615924
20.06898355484	9351466
25.84316444397	5188494
28.28064751625	1762897
33.47578263283	3975864
33.47606563568	323130
36.07586359978	6068609
37.14984369278	2630761
37.15275168419	1393775
39.89829683304	2900891
39.89848470688	198786
47.32671070099	6976172
47.32868480682	3132233
51.57691478729	2530900
51.57701086998	198674
52.50125885010	2362750
53.01792168617	952337
59.37929868698	1779813
59.53738784790	3089726
60.02746891975	8823328
61.98283386230	971725
63.02111482620	1385497
65.00384998322	1809372
68.40978884697	1050251
69.03166675568	198834
71.92254257202	168233
74.76529049873	6250231
75.66303968430	325301
76.30353260040	6565281
77.85957169533	596839
78.68594384193	1788803
79.19949269295	1393404
79.78809666634	898544
80.08196377754	915071
83.32831168175	1574544
84.13039875031	2105955
84.66753172874	212869
84.97095561028	867576
85.10850763321	1182292
85.11364173889	1133995
85.32720279694	877856
88.19054389000	1307515
88.91591382027	3238955
89.21781778336	620969
89.79882693291	1047678
89.98552680016	727316
90.24536490440	160001
91.34182906151	1117024
91.80039620399	1668937
93.51079726219	2884229
93.67912626266	275644
97.96282529831	2768142
98.88949441910	198707
99.23739147186	1368042
99.68018555641	310735
100.25692558289	2579222
100.46618056297	581859
100.53302264214	198711
107.62178659439	5649931
107.62232851982	198785
111.00166249275	4487069
113.60087656975	4899337
