0.15168905258	198711
0.41279602051	107899
0.42341399193	198788
0.46852588654	104221
0.47152876854	194448
0.80087780952	125667
1.37728881836	283726
1.37775778770	387076
2.50776982307	653132
3.39366102219	690084
3.79567289352	323422
3.79605007172	391631
4.79146504402	583935
5.67578411102	695003
8.09633708000	1681396
8.09924411774	297957
8.09934520721	379806
9.78208231926	299635
10.16571235657	1156104
10.83309626579	342289
10.83319735527	198593
10.83331036568	255505
12.53816652298	808824
12.53858852386	198780
17.12194252014	2606152
17.12497258186	1077439
20.24352550507	1925300
20.24361538887	198814
25.99746751785	3160585
27.24219846725	650347
27.24280357361	198762
31.22931170464	3703139
33.36368680000	1109187
37.75116491318	2153441
39.08193397522	647294
42.19150400162	6353990
42.19159293175	377084
45.47956800461	814025
47.82553577423	4354541
49.87573194504	913833
54.70237493515	2628723
56.19179010391	389887
57.01947307587	198672
60.92261791229	990108
61.29536294937	1348094
73.41361498833	3146721
76.47426319122	4049805
79.31989336014	1522156
80.31548523903	198832
83.26852536201	1790875
88.05176734924	1391312
92.72973656654	10514034
92.73249936104	198789
96.36073732376	1049683
97.99423432350	1216666
98.75724625587	5672356
99.69326734543	923253
102.09790539742	1047173
102.27834939957	919128
103.20938229561	919128
103.55811429024	328945
105.09181237221	365082
111.15713357925	2932579
111.63001751900	1524113
112.13096070290	2726945
112.13355660439	1791816
112.84183049202	1355575
113.75487637520	3870694
115.04144120216	1064958
116.24294328690	1024762
116.70154929161	1051076
117.14063930511	1606380
117.39099240303	202156
123.64361739159	1894750
123.70327734947	1948277
124.47100949287	198590
124.54008436203	1413898
125.17722845078	129661
125.98509740829	130944
126.31713843346	876254
126.57974934578	708425
128.29738521576	339790
128.95251727104	135293
129.77830123901	136576
130.61189818382	137984
131.44523835182	139392
131.70815825462	1578126
132.61973643303	1972910
133.30487227440	260032
134.36111521721	716821
135.00571608543	898870
135.00658416748	149373
136.06978321075	1934210
136.95212221146	267520
137.31181621552	806463
137.84766626358	268928
138.35858917236	241648
138.68973731995	608488
138.69852828979	269941
139.40831613541	156414
139.94548034668	547264
140.26812028885	770328
140.99396634102	275520
141.35588717461	553022
141.91091227531	277376
142.55974936485	218382
143.12685036659	279870
143.67511248589	558680
145.66596341133	358037
146.53535151482	791337
147.08477449417	567103
147.63687038422	285824
148.28399443626	196377
148.97689557076	1940605
148.97967052460	289600
149.73321557045	175199
150.11934447289	177408
150.49503231049	178816
150.87687635422	180224
151.21945333481	975943
151.94996547699	337647
153.36208629608	3182844
153.36491250992	198710
153.57920145988	420876
153.57929039001	161702
153.58208036423	212118
154.41101145744	682885
